n° iter       = 600 
neighborhood_structure = [3] 
Prioridad     = 10 
balance       = 0.2 
Len_N         = 3 
N° clusters   = 15 
N° estaciones = 452 
N° mejoras    = 17
N° iter completadas  = 210
1° FO         = 387471.0
FO            = 319689
Centros       = [4, 8, 66, 81, 102, 137, 208, 221, 264, 282, 307, 337, 362, 407, 414]
Objs= Any[387471.0, 385509, 371884, 364158, 359321, 357128, 355499, 355499, 350943, 350943, 350943, 350451, 350451, 333423, 328091, 328091, 328091, 328091, 326508, 326508, 326508, 325293, 325293, 325293, 325293, 325293, 324779, 324779, 324779, 324779, 324779, 324758, 324758, 324758, 324758, 324758, 324758, 324758, 324758, 324758, 324758, 324758, 324758, 324758, 324758, 323597, 323597, 323597, 323597, 323597, 323597, 323597, 323597, 323597, 323597, 321028, 321028, 321028, 321028, 321028, 321028, 319689, 319689, 319689, 319689, 319689, 319689, 319689, 319689, 319689, 319689, 319689, 319689, 319689, 319689, 319689, 319689, 319689, 319689, 319689, 319689, 319689, 319689, 319689, 319689, 319689, 319689, 319689, 319689, 319689, 319689, 319689, 319689, 319689, 319689, 319689, 319689, 319689, 319689, 319689, 319689, 319689, 319689, 319689, 319689, 319689, 319689, 319689, 319689, 319689, 319689, 319689, 319689, 319689, 319689, 319689, 319689, 319689, 319689, 319689, 319689, 319689, 319689, 319689, 319689, 319689, 319689, 319689, 319689, 319689, 319689, 319689, 319689, 319689, 319689, 319689, 319689, 319689, 319689, 319689, 319689, 319689, 319689, 319689, 319689, 319689, 319689, 319689, 319689, 319689, 319689, 319689, 319689, 319689, 319689, 319689, 319689, 319689, 319689, 319689, 319689, 319689, 319689, 319689, 319689, 319689, 319689, 319689, 319689, 319689, 319689, 319689, 319689, 319689, 319689, 319689, 319689, 319689, 319689, 319689, 319689, 319689, 319689, 319689, 319689, 319689, 319689, 319689, 319689, 319689, 319689, 319689, 319689, 319689, 319689, 319689, 319689, 319689, 319689, 319689, 319689, 319689, 319689, 319689, 319689, 319689, 319689, 319689, 319689, 319689, 319689]
current_obj = [385509.0, 371884.0, 364158.0, 359321.0, 357128.0, 355499.0, 357876.0, 350943.0, 355827.0, 356240.0, 350451.0, 352226.0, 333423.0, 328091.0, 331445.0, 333394.0, 333201.0, 326508.0, 332307.0, 332195.0, 325293.0, 329006.0, 328995.0, 330352.0, 330699.0, 324779.0, 331445.0, 330627.0, 328910.0, 325131.0, 324758.0, 332974.0, 332671.0, 333958.0, 327940.0, 338959.0, 330065.0, 330689.0, 333226.0, 332086.0, 329748.0, 327678.0, 332460.0, 333010.0, 323597.0, 326640.0, 328633.0, 334510.0, 329234.0, 326687.0, 334201.0, 330455.0, 330927.0, 326537.0, 321028.0, 321262.0, 325692.0, 327154.0, 324567.0, 326182.0, 319689.0, 325622.0, 330871.0, 327760.0, 324603.0, 324891.0, 330833.0, 325991.0, 324299.0, 326110.0, 322488.0, 327257.0, 327737.0, 323460.0, 328202.0, 327605.0, 332323.0, 329192.0, 326640.0, 324098.0, 326075.0, 325356.0, 320827.0, 334113.0, 325637.0, 327041.0, 329753.0, 325529.0, 331720.0, 329737.0, 322968.0, 321693.0, 325189.0, 327700.0, 326961.0, 321372.0, 328519.0, 327418.0, 326508.0, 328901.0, 324276.0, 324481.0, 333505.0, 332135.0, 324866.0, 323787.0, 331289.0, 322556.0, 331875.0, 333981.0, 320850.0, 323577.0, 324482.0, 333348.0, 326200.0, 330651.0, 330067.0, 326200.0, 325912.0, 327151.0, 322435.0, 324857.0, 330905.0, 327739.0, 327221.0, 324333.0, 324058.0, 326369.0, 325575.0, 326201.0, 327089.0, 330853.0, 321889.0, 334869.0, 325465.0, 330883.0, 324562.0, 327078.0, 332130.0, 328362.0, 327344.0, 328511.0, 325866.0, 326719.0, 324836.0, 330922.0, 327019.0, 324727.0, 325278.0, 326127.0, 330127.0, 326517.0, 332584.0, 333312.0, 327189.0, 325517.0, 322134.0, 327979.0, 330621.0, 327467.0, 325071.0, 326660.0, 325330.0, 325264.0, 330252.0, 332304.0, 329211.0, 320544.0, 333009.0, 332835.0, 328952.0, 321996.0, 325440.0, 332125.0, 324263.0, 322369.0, 329572.0, 329063.0, 325617.0, 330510.0, 326220.0, 322973.0, 327655.0, 323356.0, 324712.0, 328714.0, 326442.0, 324065.0, 324468.0, 326109.0, 324356.0, 323431.0, 327433.0, 328402.0, 320675.0, 330615.0, 325443.0, 329181.0, 328157.0, 326273.0, 328803.0, 326823.0, 327689.0, 325836.0, 327809.0, 326045.0, 322969.0, 323845.0, 325636.0, 332248.0, 330577.0, 0.0, 0.0, 0.0, 0.0, 0.0, 0.0, 0.0, 0.0, 0.0, 0.0, 0.0, 0.0, 0.0, 0.0, 0.0, 0.0, 0.0, 0.0, 0.0, 0.0, 0.0, 0.0, 0.0, 0.0, 0.0, 0.0, 0.0, 0.0, 0.0, 0.0, 0.0, 0.0, 0.0, 0.0, 0.0, 0.0, 0.0, 0.0, 0.0, 0.0, 0.0, 0.0, 0.0, 0.0, 0.0, 0.0, 0.0, 0.0, 0.0, 0.0, 0.0, 0.0, 0.0, 0.0, 0.0, 0.0, 0.0, 0.0, 0.0, 0.0, 0.0, 0.0, 0.0, 0.0, 0.0, 0.0, 0.0, 0.0, 0.0, 0.0, 0.0, 0.0, 0.0, 0.0, 0.0, 0.0, 0.0, 0.0, 0.0, 0.0, 0.0, 0.0, 0.0, 0.0, 0.0, 0.0, 0.0, 0.0, 0.0, 0.0, 0.0, 0.0, 0.0, 0.0, 0.0, 0.0, 0.0, 0.0, 0.0, 0.0, 0.0, 0.0, 0.0, 0.0, 0.0, 0.0, 0.0, 0.0, 0.0, 0.0, 0.0, 0.0, 0.0, 0.0, 0.0, 0.0, 0.0, 0.0, 0.0, 0.0, 0.0, 0.0, 0.0, 0.0, 0.0, 0.0, 0.0, 0.0, 0.0, 0.0, 0.0, 0.0, 0.0, 0.0, 0.0, 0.0, 0.0, 0.0, 0.0, 0.0, 0.0, 0.0, 0.0, 0.0, 0.0, 0.0, 0.0, 0.0, 0.0, 0.0, 0.0, 0.0, 0.0, 0.0, 0.0, 0.0, 0.0, 0.0, 0.0, 0.0, 0.0, 0.0, 0.0, 0.0, 0.0, 0.0, 0.0, 0.0, 0.0, 0.0, 0.0, 0.0, 0.0, 0.0, 0.0, 0.0, 0.0, 0.0, 0.0, 0.0, 0.0, 0.0, 0.0, 0.0, 0.0, 0.0, 0.0, 0.0, 0.0, 0.0, 0.0, 0.0, 0.0, 0.0, 0.0, 0.0, 0.0, 0.0, 0.0, 0.0, 0.0, 0.0, 0.0, 0.0, 0.0, 0.0, 0.0, 0.0, 0.0, 0.0, 0.0, 0.0, 0.0, 0.0, 0.0, 0.0, 0.0, 0.0, 0.0, 0.0, 0.0, 0.0, 0.0, 0.0, 0.0, 0.0, 0.0, 0.0, 0.0, 0.0, 0.0, 0.0, 0.0, 0.0, 0.0, 0.0, 0.0, 0.0, 0.0, 0.0, 0.0, 0.0, 0.0, 0.0, 0.0, 0.0, 0.0, 0.0, 0.0, 0.0, 0.0, 0.0, 0.0, 0.0, 0.0, 0.0, 0.0, 0.0, 0.0, 0.0, 0.0, 0.0, 0.0, 0.0, 0.0, 0.0, 0.0, 0.0, 0.0, 0.0, 0.0, 0.0, 0.0, 0.0, 0.0, 0.0, 0.0, 0.0, 0.0, 0.0, 0.0, 0.0, 0.0, 0.0, 0.0, 0.0, 0.0, 0.0, 0.0, 0.0, 0.0, 0.0, 0.0, 0.0, 0.0, 0.0, 0.0, 0.0, 0.0, 0.0, 0.0, 0.0, 0.0, 0.0, 0.0, 0.0, 0.0, 0.0, 0.0, 0.0, 0.0, 0.0, 0.0, 0.0, 0.0, 0.0, 0.0, 0.0, 0.0, 0.0, 0.0, 0.0, 0.0, 0.0, 0.0, 0.0, 0.0, 0.0, 0.0, 0.0, 0.0, 0.0, 0.0, 0.0, 0.0, 0.0, 0.0, 0.0, 0.0, 0.0, 0.0, 0.0, 0.0, 0.0, 0.0, 0.0, 0.0, 0.0, 0.0, 0.0, 0.0, 0.0, 0.0, 0.0, 0.0, 0.0, 0.0, 0.0, 0.0, 0.0, 0.0, 0.0, 0.0, 0.0, 0.0, 0.0, 0.0, 0.0, 0.0, 0.0, 0.0, 0.0, 0.0, 0.0, 0.0, 0.0, 0.0, 0.0, 0.0, 0.0, 0.0, 0.0, 0.0, 0.0, 0.0, 0.0, 0.0, 0.0, 0.0]
cong_K= Any[3, 3, 3, 3, 3, 3, 3, 3, 3, 3, 3, 3, 3, 3, 3, 3, 3] 
obj_k= Any[385509, 371884, 364158, 359321, 357128, 355499, 350943, 350451, 333423, 328091, 326508, 325293, 324779, 324758, 323597, 321028, 319689] 
iter_obj = Any[1, 2, 3, 4, 5, 6, 8, 11, 13, 14, 18, 21, 26, 31, 45, 55, 61] 
avgClusterDiam = 2691.866666666667 
maxClusterDiam = 3775.0 
clusterDiamete = [2812.0; 2242.0; 3775.0; 2185.0; 2527.0; 2358.0; 3495.0; 2263.0; 2779.0; 3214.0; 2691.0; 2472.0; 2317.0; 3171.0; 2077.0]   
C = [0, 0, 0, 1, 0, 0, 0, 1, 0, 0, 0, 0, 0, 0, 0, 0, 0, 0, 0, 0, 0, 0, 0, 0, 0, 0, 0, 0, 0, 0, 0, 0, 0, 0, 0, 0, 0, 0, 0, 0, 0, 0, 0, 0, 0, 0, 0, 0, 0, 0, 0, 0, 0, 0, 0, 0, 0, 0, 0, 0, 0, 0, 0, 0, 0, 1, 0, 0, 0, 0, 0, 0, 0, 0, 0, 0, 0, 0, 0, 0, 1, 0, 0, 0, 0, 0, 0, 0, 0, 0, 0, 0, 0, 0, 0, 0, 0, 0, 0, 0, 0, 1, 0, 0, 0, 0, 0, 0, 0, 0, 0, 0, 0, 0, 0, 0, 0, 0, 0, 0, 0, 0, 0, 0, 0, 0, 0, 0, 0, 0, 0, 0, 0, 0, 0, 0, 1, 0, 0, 0, 0, 0, 0, 0, 0, 0, 0, 0, 0, 0, 0, 0, 0, 0, 0, 0, 0, 0, 0, 0, 0, 0, 0, 0, 0, 0, 0, 0, 0, 0, 0, 0, 0, 0, 0, 0, 0, 0, 0, 0, 0, 0, 0, 0, 0, 0, 0, 0, 0, 0, 0, 0, 0, 0, 0, 0, 0, 0, 0, 0, 0, 0, 0, 0, 0, 0, 0, 1, 0, 0, 0, 0, 0, 0, 0, 0, 0, 0, 0, 0, 1, 0, 0, 0, 0, 0, 0, 0, 0, 0, 0, 0, 0, 0, 0, 0, 0, 0, 0, 0, 0, 0, 0, 0, 0, 0, 0, 0, 0, 0, 0, 0, 0, 0, 0, 0, 0, 0, 0, 0, 0, 0, 0, 1, 0, 0, 0, 0, 0, 0, 0, 0, 0, 0, 0, 0, 0, 0, 0, 0, 0, 1, 0, 0, 0, 0, 0, 0, 0, 0, 0, 0, 0, 0, 0, 0, 0, 0, 0, 0, 0, 0, 0, 0, 0, 0, 1, 0, 0, 0, 0, 0, 0, 0, 0, 0, 0, 0, 0, 0, 0, 0, 0, 0, 0, 0, 0, 0, 0, 0, 0, 0, 0, 0, 0, 0, 1, 0, 0, 0, 0, 0, 0, 0, 0, 0, 0, 0, 0, 0, 0, 0, 0, 0, 0, 0, 0, 0, 0, 0, 0, 1, 0, 0, 0, 0, 0, 0, 0, 0, 0, 0, 0, 0, 0, 0, 0, 0, 0, 0, 0, 0, 0, 0, 0, 0, 0, 0, 0, 0, 0, 0, 0, 0, 0, 0, 0, 0, 0, 0, 0, 0, 0, 0, 0, 0, 1, 0, 0, 0, 0, 0, 0, 1, 0, 0, 0, 0, 0, 0, 0, 0, 0, 0, 0, 0, 0, 0, 0, 0, 0, 0, 0, 0, 0, 0, 0, 0, 0, 0, 0, 0, 0, 0, 0, 0, 0, 0, 0, 0, 0, 0]
E = [4, 4, 8, 4, 4, 8, 4, 8, 8, 264, 8, 8, 66, 66, 4, 4, 8, 8, 8, 8, 4, 4, 4, 4, 4, 8, 8, 4, 264, 264, 264, 66, 137, 4, 4, 66, 4, 66, 137, 137, 8, 4, 264, 66, 66, 81, 81, 102, 66, 66, 81, 102, 66, 81, 102, 282, 66, 66, 282, 66, 81, 66, 81, 81, 264, 66, 66, 66, 81, 81, 81, 66, 66, 307, 66, 81, 66, 66, 66, 81, 81, 102, 81, 81, 8, 8, 264, 102, 102, 102, 102, 102, 102, 102, 102, 102, 102, 102, 264, 102, 102, 102, 4, 102, 102, 102, 102, 102, 102, 102, 4, 8, 8, 8, 8, 8, 8, 8, 8, 8, 137, 102, 137, 102, 8, 137, 137, 137, 137, 137, 137, 137, 137, 282, 137, 137, 137, 137, 137, 137, 282, 81, 137, 137, 137, 81, 137, 137, 137, 81, 81, 81, 81, 81, 81, 81, 282, 137, 137, 4, 81, 81, 137, 81, 81, 66, 66, 66, 81, 66, 66, 66, 66, 8, 81, 264, 66, 66, 81, 81, 81, 307, 4, 66, 66, 208, 66, 66, 66, 66, 66, 221, 221, 4, 208, 208, 221, 221, 208, 208, 208, 208, 221, 208, 208, 221, 4, 208, 221, 221, 208, 208, 221, 221, 221, 208, 66, 208, 221, 221, 221, 208, 208, 208, 208, 66, 221, 221, 221, 221, 208, 66, 221, 208, 221, 221, 221, 221, 4, 221, 221, 208, 208, 221, 208, 208, 4, 4, 4, 66, 4, 4, 4, 8, 4, 8, 4, 208, 8, 102, 4, 102, 8, 264, 264, 264, 264, 264, 264, 8, 264, 264, 264, 264, 264, 282, 282, 282, 282, 282, 282, 282, 282, 307, 66, 307, 66, 307, 307, 337, 282, 282, 282, 282, 282, 282, 282, 282, 282, 337, 307, 337, 337, 307, 307, 307, 307, 307, 307, 307, 307, 307, 307, 307, 362, 337, 337, 337, 282, 282, 282, 337, 337, 337, 337, 362, 307, 307, 307, 307, 307, 362, 307, 362, 362, 337, 337, 337, 337, 337, 337, 337, 337, 337, 337, 362, 362, 362, 362, 362, 362, 362, 362, 362, 337, 337, 337, 337, 337, 337, 362, 362, 362, 362, 362, 362, 362, 362, 362, 407, 414, 337, 337, 337, 407, 407, 407, 414, 414, 414, 414, 362, 362, 362, 362, 362, 362, 414, 414, 414, 414, 414, 414, 414, 414, 414, 414, 414, 414, 407, 407, 407, 407, 407, 407, 407, 407, 407, 407, 407, 407, 407, 414, 414, 414, 414, 362, 414, 414, 414, 414, 414, 414, 414, 414, 407, 407, 407, 407, 407, 407, 407, 414, 414, 414, 414, 414, 414, 414, 414, 407, 407, 407, 407, 407, 407, 4, 102, 66, 264, 221, 208]
