n° iter       = 600 
neighborhood_structure = [2] 
Prioridad     = 10 
balance       = 0.2 
Len_N         = 1 
N° clusters   = 15 
N° estaciones = 452 
N° mejoras    = 19
N° iter completadas  = 168
1° FO         = 370169.0
FO            = 321175
Centros       = [11, 29, 37, 71, 87, 141, 185, 208, 221, 293, 307, 338, 354, 406, 416]
Objs= Any[370169.0, 365693, 365693, 365693, 365693, 365593, 365593, 360682, 360632, 360632, 360632, 351640, 351640, 350568, 350568, 350568, 350568, 350568, 350568, 348974, 346661, 346661, 346661, 346661, 346661, 346661, 346661, 346661, 339413, 339413, 339413, 339413, 336560, 336560, 336560, 336560, 336560, 336560, 336560, 336560, 336560, 336560, 336560, 336560, 336560, 336560, 336560, 336560, 336560, 336560, 336560, 336560, 336560, 334561, 333750, 333750, 333750, 333750, 333694, 333694, 333694, 333694, 333694, 333694, 333694, 333694, 333694, 333694, 333694, 333694, 333227, 333227, 333227, 333227, 329473, 329473, 329473, 329473, 329473, 329473, 329473, 329473, 329473, 327655, 326908, 326908, 326908, 326908, 326908, 326908, 326908, 326908, 326908, 326908, 326908, 326908, 326908, 326908, 326908, 322932, 322932, 322932, 322932, 322932, 322932, 322932, 322932, 322932, 322932, 322932, 322932, 322932, 322932, 322932, 322932, 322932, 322932, 322932, 322932, 322932, 322932, 322932, 322932, 322932, 322932, 322932, 322932, 322932, 322932, 322932, 322932, 322932, 322932, 322932, 322932, 322932, 322932, 322932, 322932, 322932, 322932, 322932, 322932, 322932, 322932, 322932, 322932, 322932, 322932, 322932, 322932, 322932, 322932, 322932, 322932, 322932, 322932, 321175, 321175, 321175, 321175, 321175, 321175, 321175, 321175, 321175, 321175, 321175, 321175]
current_obj = [365693.0, 366265.0, 368857.0, 366806.0, 365593.0, 372566.0, 360682.0, 360632.0, 370563.0, 363257.0, 351640.0, 355415.0, 350568.0, 351849.0, 360859.0, 351347.0, 354425.0, 359352.0, 348974.0, 346661.0, 349336.0, 346696.0, 355036.0, 353181.0, 346899.0, 357089.0, 354048.0, 339413.0, 350030.0, 345574.0, 343759.0, 336560.0, 338204.0, 339568.0, 339693.0, 340996.0, 337899.0, 343434.0, 351496.0, 338736.0, 344637.0, 342842.0, 339429.0, 338848.0, 337395.0, 343338.0, 340010.0, 343093.0, 339525.0, 338885.0, 362141.0, 344929.0, 334561.0, 333750.0, 335966.0, 335754.0, 338589.0, 333694.0, 344641.0, 338139.0, 339232.0, 337381.0, 348932.0, 333837.0, 334415.0, 337946.0, 338725.0, 340120.0, 349021.0, 333227.0, 334005.0, 338965.0, 340264.0, 329473.0, 340388.0, 334661.0, 339275.0, 339060.0, 336640.0, 333451.0, 330644.0, 349286.0, 327655.0, 326908.0, 337862.0, 337013.0, 328880.0, 337990.0, 336853.0, 340055.0, 333426.0, 328746.0, 341379.0, 337707.0, 328333.0, 326959.0, 329640.0, 330191.0, 322932.0, 334814.0, 334941.0, 331174.0, 329345.0, 324387.0, 329613.0, 327859.0, 334405.0, 340237.0, 330633.0, 330245.0, 323198.0, 328949.0, 333173.0, 324411.0, 331129.0, 329246.0, 328256.0, 333067.0, 335246.0, 331493.0, 326863.0, 327626.0, 336711.0, 335273.0, 326165.0, 326025.0, 329081.0, 332014.0, 328386.0, 333120.0, 337327.0, 326030.0, 331473.0, 331799.0, 327135.0, 324073.0, 329055.0, 324301.0, 328005.0, 328186.0, 335766.0, 331137.0, 329828.0, 325331.0, 328963.0, 324175.0, 331436.0, 335322.0, 339999.0, 331646.0, 325835.0, 334661.0, 326497.0, 331208.0, 328960.0, 333328.0, 321175.0, 328592.0, 330821.0, 324776.0, 326728.0, 330122.0, 326599.0, 335043.0, 326196.0, 329126.0, 327990.0, 331047.0, 330306.0, 0.0, 0.0, 0.0, 0.0, 0.0, 0.0, 0.0, 0.0, 0.0, 0.0, 0.0, 0.0, 0.0, 0.0, 0.0, 0.0, 0.0, 0.0, 0.0, 0.0, 0.0, 0.0, 0.0, 0.0, 0.0, 0.0, 0.0, 0.0, 0.0, 0.0, 0.0, 0.0, 0.0, 0.0, 0.0, 0.0, 0.0, 0.0, 0.0, 0.0, 0.0, 0.0, 0.0, 0.0, 0.0, 0.0, 0.0, 0.0, 0.0, 0.0, 0.0, 0.0, 0.0, 0.0, 0.0, 0.0, 0.0, 0.0, 0.0, 0.0, 0.0, 0.0, 0.0, 0.0, 0.0, 0.0, 0.0, 0.0, 0.0, 0.0, 0.0, 0.0, 0.0, 0.0, 0.0, 0.0, 0.0, 0.0, 0.0, 0.0, 0.0, 0.0, 0.0, 0.0, 0.0, 0.0, 0.0, 0.0, 0.0, 0.0, 0.0, 0.0, 0.0, 0.0, 0.0, 0.0, 0.0, 0.0, 0.0, 0.0, 0.0, 0.0, 0.0, 0.0, 0.0, 0.0, 0.0, 0.0, 0.0, 0.0, 0.0, 0.0, 0.0, 0.0, 0.0, 0.0, 0.0, 0.0, 0.0, 0.0, 0.0, 0.0, 0.0, 0.0, 0.0, 0.0, 0.0, 0.0, 0.0, 0.0, 0.0, 0.0, 0.0, 0.0, 0.0, 0.0, 0.0, 0.0, 0.0, 0.0, 0.0, 0.0, 0.0, 0.0, 0.0, 0.0, 0.0, 0.0, 0.0, 0.0, 0.0, 0.0, 0.0, 0.0, 0.0, 0.0, 0.0, 0.0, 0.0, 0.0, 0.0, 0.0, 0.0, 0.0, 0.0, 0.0, 0.0, 0.0, 0.0, 0.0, 0.0, 0.0, 0.0, 0.0, 0.0, 0.0, 0.0, 0.0, 0.0, 0.0, 0.0, 0.0, 0.0, 0.0, 0.0, 0.0, 0.0, 0.0, 0.0, 0.0, 0.0, 0.0, 0.0, 0.0, 0.0, 0.0, 0.0, 0.0, 0.0, 0.0, 0.0, 0.0, 0.0, 0.0, 0.0, 0.0, 0.0, 0.0, 0.0, 0.0, 0.0, 0.0, 0.0, 0.0, 0.0, 0.0, 0.0, 0.0, 0.0, 0.0, 0.0, 0.0, 0.0, 0.0, 0.0, 0.0, 0.0, 0.0, 0.0, 0.0, 0.0, 0.0, 0.0, 0.0, 0.0, 0.0, 0.0, 0.0, 0.0, 0.0, 0.0, 0.0, 0.0, 0.0, 0.0, 0.0, 0.0, 0.0, 0.0, 0.0, 0.0, 0.0, 0.0, 0.0, 0.0, 0.0, 0.0, 0.0, 0.0, 0.0, 0.0, 0.0, 0.0, 0.0, 0.0, 0.0, 0.0, 0.0, 0.0, 0.0, 0.0, 0.0, 0.0, 0.0, 0.0, 0.0, 0.0, 0.0, 0.0, 0.0, 0.0, 0.0, 0.0, 0.0, 0.0, 0.0, 0.0, 0.0, 0.0, 0.0, 0.0, 0.0, 0.0, 0.0, 0.0, 0.0, 0.0, 0.0, 0.0, 0.0, 0.0, 0.0, 0.0, 0.0, 0.0, 0.0, 0.0, 0.0, 0.0, 0.0, 0.0, 0.0, 0.0, 0.0, 0.0, 0.0, 0.0, 0.0, 0.0, 0.0, 0.0, 0.0, 0.0, 0.0, 0.0, 0.0, 0.0, 0.0, 0.0, 0.0, 0.0, 0.0, 0.0, 0.0, 0.0, 0.0, 0.0, 0.0, 0.0, 0.0, 0.0, 0.0, 0.0, 0.0, 0.0, 0.0, 0.0, 0.0, 0.0, 0.0, 0.0, 0.0, 0.0, 0.0, 0.0, 0.0, 0.0, 0.0, 0.0, 0.0, 0.0, 0.0, 0.0, 0.0, 0.0, 0.0, 0.0, 0.0, 0.0, 0.0, 0.0, 0.0, 0.0, 0.0, 0.0, 0.0, 0.0, 0.0, 0.0, 0.0, 0.0, 0.0, 0.0, 0.0, 0.0, 0.0, 0.0, 0.0, 0.0, 0.0, 0.0, 0.0, 0.0, 0.0, 0.0, 0.0, 0.0, 0.0, 0.0, 0.0, 0.0, 0.0, 0.0, 0.0, 0.0, 0.0, 0.0, 0.0, 0.0, 0.0, 0.0, 0.0, 0.0, 0.0, 0.0, 0.0, 0.0, 0.0, 0.0, 0.0, 0.0, 0.0, 0.0, 0.0, 0.0, 0.0, 0.0, 0.0, 0.0, 0.0, 0.0]
cong_K= Any[2, 2, 2, 2, 2, 2, 2, 2, 2, 2, 2, 2, 2, 2, 2, 2, 2, 2, 2] 
obj_k= Any[365693, 365593, 360682, 360632, 351640, 350568, 348974, 346661, 339413, 336560, 334561, 333750, 333694, 333227, 329473, 327655, 326908, 322932, 321175] 
iter_obj = Any[1, 5, 7, 8, 11, 13, 19, 20, 28, 32, 53, 54, 58, 70, 74, 83, 84, 99, 157] 
avgClusterDiam = 2720.5333333333333 
maxClusterDiam = 4704.0 
clusterDiamete = [2923.0; 2034.0; 2554.0; 2228.0; 2191.0; 2592.0; 4704.0; 3495.0; 2263.0; 2928.0; 3328.0; 3319.0; 2208.0; 2444.0; 1597.0]   
C = [0, 0, 0, 0, 0, 0, 0, 0, 0, 0, 1, 0, 0, 0, 0, 0, 0, 0, 0, 0, 0, 0, 0, 0, 0, 0, 0, 0, 1, 0, 0, 0, 0, 0, 0, 0, 1, 0, 0, 0, 0, 0, 0, 0, 0, 0, 0, 0, 0, 0, 0, 0, 0, 0, 0, 0, 0, 0, 0, 0, 0, 0, 0, 0, 0, 0, 0, 0, 0, 0, 1, 0, 0, 0, 0, 0, 0, 0, 0, 0, 0, 0, 0, 0, 0, 0, 1, 0, 0, 0, 0, 0, 0, 0, 0, 0, 0, 0, 0, 0, 0, 0, 0, 0, 0, 0, 0, 0, 0, 0, 0, 0, 0, 0, 0, 0, 0, 0, 0, 0, 0, 0, 0, 0, 0, 0, 0, 0, 0, 0, 0, 0, 0, 0, 0, 0, 0, 0, 0, 0, 1, 0, 0, 0, 0, 0, 0, 0, 0, 0, 0, 0, 0, 0, 0, 0, 0, 0, 0, 0, 0, 0, 0, 0, 0, 0, 0, 0, 0, 0, 0, 0, 0, 0, 0, 0, 0, 0, 0, 0, 0, 0, 0, 0, 1, 0, 0, 0, 0, 0, 0, 0, 0, 0, 0, 0, 0, 0, 0, 0, 0, 0, 0, 0, 0, 0, 0, 1, 0, 0, 0, 0, 0, 0, 0, 0, 0, 0, 0, 0, 1, 0, 0, 0, 0, 0, 0, 0, 0, 0, 0, 0, 0, 0, 0, 0, 0, 0, 0, 0, 0, 0, 0, 0, 0, 0, 0, 0, 0, 0, 0, 0, 0, 0, 0, 0, 0, 0, 0, 0, 0, 0, 0, 0, 0, 0, 0, 0, 0, 0, 0, 0, 0, 0, 0, 0, 0, 0, 0, 0, 0, 0, 0, 0, 0, 0, 0, 0, 0, 0, 0, 0, 1, 0, 0, 0, 0, 0, 0, 0, 0, 0, 0, 0, 0, 0, 1, 0, 0, 0, 0, 0, 0, 0, 0, 0, 0, 0, 0, 0, 0, 0, 0, 0, 0, 0, 0, 0, 0, 0, 0, 0, 0, 0, 0, 0, 0, 1, 0, 0, 0, 0, 0, 0, 0, 0, 0, 0, 0, 0, 0, 0, 0, 1, 0, 0, 0, 0, 0, 0, 0, 0, 0, 0, 0, 0, 0, 0, 0, 0, 0, 0, 0, 0, 0, 0, 0, 0, 0, 0, 0, 0, 0, 0, 0, 0, 0, 0, 0, 0, 0, 0, 0, 0, 0, 0, 0, 0, 0, 0, 0, 0, 0, 0, 0, 1, 0, 0, 0, 0, 0, 0, 0, 0, 0, 1, 0, 0, 0, 0, 0, 0, 0, 0, 0, 0, 0, 0, 0, 0, 0, 0, 0, 0, 0, 0, 0, 0, 0, 0, 0, 0, 0, 0, 0, 0, 0, 0, 0, 0, 0, 0]
E = [11, 11, 11, 11, 11, 11, 37, 11, 11, 29, 11, 11, 37, 0, 37, 11, 11, 11, 11, 11, 37, 37, 37, 37, 11, 29, 11, 37, 29, 11, 29, 37, 11, 37, 37, 37, 37, 71, 141, 0, 29, 37, 29, 37, 37, 71, 141, 29, 37, 37, 71, 87, 185, 71, 87, 293, 71, 0, 293, 37, 71, 71, 71, 71, 0, 185, 71, 71, 293, 71, 71, 185, 71, 307, 71, 71, 0, 37, 71, 71, 71, 0, 71, 71, 11, 11, 0, 87, 87, 87, 87, 87, 87, 87, 87, 87, 87, 0, 29, 87, 87, 87, 11, 87, 87, 87, 87, 87, 87, 87, 11, 29, 29, 29, 11, 29, 11, 11, 11, 11, 0, 87, 11, 141, 11, 141, 141, 141, 141, 141, 141, 141, 141, 141, 141, 141, 141, 141, 141, 141, 141, 141, 141, 141, 141, 71, 141, 141, 141, 0, 141, 71, 71, 71, 141, 0, 293, 141, 141, 11, 71, 71, 141, 71, 141, 185, 0, 71, 71, 185, 71, 185, 71, 11, 71, 0, 185, 185, 71, 71, 71, 293, 11, 185, 185, 185, 185, 185, 185, 185, 185, 221, 221, 37, 208, 208, 221, 221, 208, 208, 208, 208, 221, 208, 208, 221, 185, 208, 221, 221, 208, 208, 221, 221, 221, 208, 185, 208, 221, 221, 221, 208, 208, 208, 208, 185, 221, 221, 221, 221, 208, 37, 221, 208, 221, 221, 221, 221, 37, 221, 221, 208, 208, 221, 208, 208, 0, 11, 11, 185, 208, 0, 37, 11, 11, 11, 11, 208, 29, 29, 37, 87, 11, 0, 29, 29, 29, 0, 0, 29, 29, 29, 0, 11, 0, 293, 141, 293, 293, 141, 293, 293, 293, 307, 307, 307, 185, 307, 307, 338, 293, 293, 293, 293, 293, 293, 293, 293, 293, 293, 307, 338, 338, 307, 307, 307, 307, 307, 307, 307, 307, 307, 307, 307, 307, 338, 293, 293, 293, 293, 338, 338, 338, 338, 338, 354, 307, 185, 307, 307, 307, 354, 307, 354, 354, 338, 338, 338, 338, 338, 338, 338, 338, 338, 354, 354, 354, 354, 354, 354, 354, 354, 354, 354, 354, 354, 338, 338, 338, 338, 354, 354, 354, 307, 354, 354, 354, 354, 354, 416, 354, 354, 338, 338, 338, 406, 406, 354, 354, 416, 416, 354, 416, 354, 354, 354, 416, 416, 416, 416, 416, 416, 416, 416, 416, 406, 406, 406, 406, 406, 406, 406, 406, 406, 338, 406, 406, 406, 406, 406, 406, 406, 416, 416, 416, 416, 416, 416, 416, 416, 416, 416, 416, 416, 406, 406, 406, 406, 406, 406, 406, 406, 406, 406, 416, 406, 416, 416, 406, 406, 406, 406, 406, 406, 406, 406, 37, 87, 37, 29, 221, 208]
