n° iter       = 600 
neighborhood_structure = [3] 
Prioridad     = 10 
balance       = 0.2 
Len_N         = 3 
N° clusters   = 15 
N° estaciones = 452 
N° mejoras    = 16
N° iter completadas  = 165
1° FO         = 376106.0
FO            = 323673
Centros       = [12, 15, 66, 76, 100, 134, 212, 229, 260, 293, 312, 357, 387, 410, 433]
Objs= Any[376106.0, 365879, 357534, 355627, 355287, 351879, 343474, 343474, 341566, 337452, 337452, 334986, 334986, 334986, 334986, 334986, 334986, 334986, 334986, 331962, 331962, 331962, 331962, 331962, 331962, 331962, 331962, 331962, 331962, 331962, 331962, 331962, 331962, 331962, 331962, 331962, 331962, 331175, 331175, 331175, 331175, 331175, 331175, 331175, 331175, 331175, 331175, 331175, 331175, 331175, 331175, 331175, 331175, 331175, 331175, 331175, 331175, 331175, 328064, 327357, 327357, 327357, 327357, 327357, 327357, 327357, 327357, 324575, 324575, 324575, 324575, 324575, 324575, 324575, 324575, 324575, 324575, 324575, 324575, 324575, 324575, 324575, 324575, 324575, 324575, 324575, 324575, 324575, 323842, 323842, 323842, 323842, 323842, 323842, 323842, 323842, 323842, 323842, 323842, 323842, 323842, 323842, 323842, 323842, 323842, 323842, 323842, 323842, 323842, 323842, 323842, 323842, 323842, 323673, 323673, 323673, 323673, 323673, 323673, 323673, 323673, 323673, 323673, 323673, 323673, 323673, 323673, 323673, 323673, 323673, 323673, 323673, 323673, 323673, 323673, 323673, 323673, 323673, 323673, 323673, 323673, 323673, 323673, 323673, 323673, 323673, 323673, 323673, 323673, 323673, 323673, 323673, 323673, 323673, 323673, 323673, 323673, 323673, 323673, 323673, 323673, 323673, 323673, 323673, 323673, 323673]
current_obj = [365879.0, 357534.0, 355627.0, 355287.0, 351879.0, 343474.0, 351354.0, 341566.0, 337452.0, 337908.0, 334986.0, 338774.0, 342267.0, 337437.0, 343141.0, 341821.0, 336990.0, 340249.0, 331962.0, 339160.0, 336175.0, 336945.0, 335709.0, 343847.0, 332223.0, 337247.0, 339235.0, 333739.0, 335948.0, 332526.0, 332938.0, 337331.0, 335073.0, 343073.0, 336514.0, 342758.0, 331175.0, 334588.0, 332581.0, 331184.0, 335525.0, 337898.0, 341166.0, 335445.0, 338968.0, 335745.0, 332621.0, 341575.0, 342071.0, 335064.0, 331658.0, 341855.0, 332838.0, 332561.0, 334355.0, 331406.0, 335177.0, 328064.0, 327357.0, 330080.0, 335210.0, 333266.0, 330161.0, 333495.0, 331126.0, 334760.0, 324575.0, 330548.0, 334432.0, 333153.0, 326118.0, 325164.0, 326252.0, 329106.0, 328585.0, 331824.0, 329107.0, 332161.0, 330062.0, 331830.0, 326727.0, 333030.0, 332461.0, 330849.0, 331065.0, 332794.0, 332817.0, 323842.0, 332560.0, 330184.0, 329879.0, 331302.0, 336065.0, 332094.0, 330977.0, 323880.0, 329056.0, 325859.0, 335315.0, 332535.0, 328812.0, 331888.0, 331003.0, 330462.0, 329212.0, 329444.0, 332707.0, 324327.0, 339832.0, 334105.0, 328483.0, 330072.0, 323673.0, 328326.0, 335681.0, 329654.0, 333264.0, 332975.0, 333918.0, 331420.0, 327859.0, 327369.0, 332712.0, 333548.0, 328816.0, 327331.0, 334758.0, 325789.0, 339624.0, 333590.0, 329800.0, 335478.0, 330024.0, 328952.0, 329912.0, 328176.0, 331475.0, 327272.0, 328883.0, 335686.0, 325573.0, 330669.0, 330144.0, 332581.0, 327338.0, 328638.0, 331935.0, 329342.0, 327759.0, 334504.0, 330978.0, 333092.0, 332253.0, 326086.0, 329650.0, 329018.0, 327786.0, 329619.0, 329389.0, 326823.0, 330045.0, 331873.0, 330583.0, 333029.0, 328284.0, 326511.0, 0.0, 0.0, 0.0, 0.0, 0.0, 0.0, 0.0, 0.0, 0.0, 0.0, 0.0, 0.0, 0.0, 0.0, 0.0, 0.0, 0.0, 0.0, 0.0, 0.0, 0.0, 0.0, 0.0, 0.0, 0.0, 0.0, 0.0, 0.0, 0.0, 0.0, 0.0, 0.0, 0.0, 0.0, 0.0, 0.0, 0.0, 0.0, 0.0, 0.0, 0.0, 0.0, 0.0, 0.0, 0.0, 0.0, 0.0, 0.0, 0.0, 0.0, 0.0, 0.0, 0.0, 0.0, 0.0, 0.0, 0.0, 0.0, 0.0, 0.0, 0.0, 0.0, 0.0, 0.0, 0.0, 0.0, 0.0, 0.0, 0.0, 0.0, 0.0, 0.0, 0.0, 0.0, 0.0, 0.0, 0.0, 0.0, 0.0, 0.0, 0.0, 0.0, 0.0, 0.0, 0.0, 0.0, 0.0, 0.0, 0.0, 0.0, 0.0, 0.0, 0.0, 0.0, 0.0, 0.0, 0.0, 0.0, 0.0, 0.0, 0.0, 0.0, 0.0, 0.0, 0.0, 0.0, 0.0, 0.0, 0.0, 0.0, 0.0, 0.0, 0.0, 0.0, 0.0, 0.0, 0.0, 0.0, 0.0, 0.0, 0.0, 0.0, 0.0, 0.0, 0.0, 0.0, 0.0, 0.0, 0.0, 0.0, 0.0, 0.0, 0.0, 0.0, 0.0, 0.0, 0.0, 0.0, 0.0, 0.0, 0.0, 0.0, 0.0, 0.0, 0.0, 0.0, 0.0, 0.0, 0.0, 0.0, 0.0, 0.0, 0.0, 0.0, 0.0, 0.0, 0.0, 0.0, 0.0, 0.0, 0.0, 0.0, 0.0, 0.0, 0.0, 0.0, 0.0, 0.0, 0.0, 0.0, 0.0, 0.0, 0.0, 0.0, 0.0, 0.0, 0.0, 0.0, 0.0, 0.0, 0.0, 0.0, 0.0, 0.0, 0.0, 0.0, 0.0, 0.0, 0.0, 0.0, 0.0, 0.0, 0.0, 0.0, 0.0, 0.0, 0.0, 0.0, 0.0, 0.0, 0.0, 0.0, 0.0, 0.0, 0.0, 0.0, 0.0, 0.0, 0.0, 0.0, 0.0, 0.0, 0.0, 0.0, 0.0, 0.0, 0.0, 0.0, 0.0, 0.0, 0.0, 0.0, 0.0, 0.0, 0.0, 0.0, 0.0, 0.0, 0.0, 0.0, 0.0, 0.0, 0.0, 0.0, 0.0, 0.0, 0.0, 0.0, 0.0, 0.0, 0.0, 0.0, 0.0, 0.0, 0.0, 0.0, 0.0, 0.0, 0.0, 0.0, 0.0, 0.0, 0.0, 0.0, 0.0, 0.0, 0.0, 0.0, 0.0, 0.0, 0.0, 0.0, 0.0, 0.0, 0.0, 0.0, 0.0, 0.0, 0.0, 0.0, 0.0, 0.0, 0.0, 0.0, 0.0, 0.0, 0.0, 0.0, 0.0, 0.0, 0.0, 0.0, 0.0, 0.0, 0.0, 0.0, 0.0, 0.0, 0.0, 0.0, 0.0, 0.0, 0.0, 0.0, 0.0, 0.0, 0.0, 0.0, 0.0, 0.0, 0.0, 0.0, 0.0, 0.0, 0.0, 0.0, 0.0, 0.0, 0.0, 0.0, 0.0, 0.0, 0.0, 0.0, 0.0, 0.0, 0.0, 0.0, 0.0, 0.0, 0.0, 0.0, 0.0, 0.0, 0.0, 0.0, 0.0, 0.0, 0.0, 0.0, 0.0, 0.0, 0.0, 0.0, 0.0, 0.0, 0.0, 0.0, 0.0, 0.0, 0.0, 0.0, 0.0, 0.0, 0.0, 0.0, 0.0, 0.0, 0.0, 0.0, 0.0, 0.0, 0.0, 0.0, 0.0, 0.0, 0.0, 0.0, 0.0, 0.0, 0.0, 0.0, 0.0, 0.0, 0.0, 0.0, 0.0, 0.0, 0.0, 0.0, 0.0, 0.0, 0.0, 0.0, 0.0, 0.0, 0.0, 0.0, 0.0, 0.0, 0.0, 0.0, 0.0, 0.0, 0.0, 0.0, 0.0, 0.0, 0.0, 0.0, 0.0, 0.0, 0.0, 0.0, 0.0, 0.0, 0.0, 0.0, 0.0, 0.0, 0.0, 0.0, 0.0, 0.0, 0.0, 0.0, 0.0, 0.0, 0.0, 0.0, 0.0, 0.0, 0.0, 0.0, 0.0, 0.0, 0.0, 0.0, 0.0, 0.0, 0.0, 0.0, 0.0, 0.0, 0.0, 0.0, 0.0, 0.0, 0.0, 0.0, 0.0, 0.0, 0.0, 0.0]
cong_K= Any[3, 3, 3, 3, 3, 3, 3, 3, 3, 3, 3, 3, 3, 3, 3, 3] 
obj_k= Any[365879, 357534, 355627, 355287, 351879, 343474, 341566, 337452, 334986, 331962, 331175, 328064, 327357, 324575, 323842, 323673] 
iter_obj = Any[1, 2, 3, 4, 5, 6, 8, 9, 11, 19, 37, 58, 59, 67, 88, 113] 
avgClusterDiam = 2678.2 
maxClusterDiam = 3767.0 
clusterDiamete = [2839.0; 2986.0; 3767.0; 2452.0; 2191.0; 2739.0; 3495.0; 2263.0; 2150.0; 3581.0; 3328.0; 2838.0; 2223.0; 1756.0; 1565.0]   
C = [0, 0, 0, 0, 0, 0, 0, 0, 0, 0, 0, 1, 0, 0, 1, 0, 0, 0, 0, 0, 0, 0, 0, 0, 0, 0, 0, 0, 0, 0, 0, 0, 0, 0, 0, 0, 0, 0, 0, 0, 0, 0, 0, 0, 0, 0, 0, 0, 0, 0, 0, 0, 0, 0, 0, 0, 0, 0, 0, 0, 0, 0, 0, 0, 0, 1, 0, 0, 0, 0, 0, 0, 0, 0, 0, 1, 0, 0, 0, 0, 0, 0, 0, 0, 0, 0, 0, 0, 0, 0, 0, 0, 0, 0, 0, 0, 0, 0, 0, 1, 0, 0, 0, 0, 0, 0, 0, 0, 0, 0, 0, 0, 0, 0, 0, 0, 0, 0, 0, 0, 0, 0, 0, 0, 0, 0, 0, 0, 0, 0, 0, 0, 0, 1, 0, 0, 0, 0, 0, 0, 0, 0, 0, 0, 0, 0, 0, 0, 0, 0, 0, 0, 0, 0, 0, 0, 0, 0, 0, 0, 0, 0, 0, 0, 0, 0, 0, 0, 0, 0, 0, 0, 0, 0, 0, 0, 0, 0, 0, 0, 0, 0, 0, 0, 0, 0, 0, 0, 0, 0, 0, 0, 0, 0, 0, 0, 0, 0, 0, 0, 0, 0, 0, 0, 0, 0, 0, 0, 0, 0, 0, 1, 0, 0, 0, 0, 0, 0, 0, 0, 0, 0, 0, 0, 0, 0, 0, 0, 1, 0, 0, 0, 0, 0, 0, 0, 0, 0, 0, 0, 0, 0, 0, 0, 0, 0, 0, 0, 0, 0, 0, 0, 0, 0, 0, 0, 0, 0, 0, 1, 0, 0, 0, 0, 0, 0, 0, 0, 0, 0, 0, 0, 0, 0, 0, 0, 0, 0, 0, 0, 0, 0, 0, 0, 0, 0, 0, 0, 0, 0, 0, 0, 1, 0, 0, 0, 0, 0, 0, 0, 0, 0, 0, 0, 0, 0, 0, 0, 0, 0, 0, 1, 0, 0, 0, 0, 0, 0, 0, 0, 0, 0, 0, 0, 0, 0, 0, 0, 0, 0, 0, 0, 0, 0, 0, 0, 0, 0, 0, 0, 0, 0, 0, 0, 0, 0, 0, 0, 0, 0, 0, 0, 0, 0, 0, 0, 1, 0, 0, 0, 0, 0, 0, 0, 0, 0, 0, 0, 0, 0, 0, 0, 0, 0, 0, 0, 0, 0, 0, 0, 0, 0, 0, 0, 0, 0, 1, 0, 0, 0, 0, 0, 0, 0, 0, 0, 0, 0, 0, 0, 0, 0, 0, 0, 0, 0, 0, 0, 0, 1, 0, 0, 0, 0, 0, 0, 0, 0, 0, 0, 0, 0, 0, 0, 0, 0, 0, 0, 0, 0, 0, 0, 1, 0, 0, 0, 0, 0, 0, 0, 0, 0, 0, 0, 0, 0, 0, 0, 0, 0, 0, 0]
E = [12, 15, 12, 15, 12, 12, 15, 12, 12, 260, 12, 12, 66, 66, 15, 12, 12, 12, 12, 12, 15, 15, 15, 15, 15, 260, 12, 15, 260, 12, 12, 76, 134, 15, 15, 15, 15, 76, 134, 134, 260, 15, 260, 15, 15, 293, 134, 260, 15, 66, 76, 260, 66, 76, 260, 293, 66, 76, 293, 66, 76, 66, 76, 76, 260, 66, 66, 66, 76, 76, 76, 66, 66, 312, 66, 76, 66, 66, 76, 76, 76, 260, 76, 76, 12, 12, 260, 260, 100, 100, 260, 100, 100, 100, 100, 260, 100, 260, 260, 100, 100, 100, 15, 100, 100, 100, 100, 100, 100, 100, 12, 260, 12, 12, 12, 12, 12, 12, 12, 134, 134, 260, 134, 134, 134, 134, 134, 134, 134, 134, 134, 134, 134, 134, 134, 134, 134, 134, 134, 134, 134, 76, 134, 134, 134, 76, 134, 134, 134, 76, 134, 76, 76, 76, 134, 76, 293, 134, 134, 12, 76, 76, 134, 76, 76, 66, 66, 66, 76, 66, 66, 66, 76, 12, 76, 260, 66, 66, 76, 76, 76, 293, 12, 66, 66, 212, 66, 66, 66, 66, 66, 229, 229, 15, 212, 212, 229, 229, 212, 212, 212, 212, 229, 212, 212, 229, 212, 212, 229, 229, 212, 212, 229, 229, 229, 212, 66, 212, 229, 229, 229, 212, 212, 212, 212, 66, 229, 229, 229, 229, 212, 66, 229, 212, 229, 229, 229, 229, 15, 229, 229, 212, 212, 229, 212, 212, 15, 12, 15, 66, 212, 66, 15, 12, 12, 12, 12, 212, 12, 260, 15, 100, 12, 12, 260, 260, 260, 260, 260, 260, 260, 260, 12, 12, 12, 293, 134, 293, 293, 134, 293, 293, 293, 293, 66, 66, 312, 312, 293, 312, 293, 293, 293, 293, 293, 293, 293, 293, 293, 293, 293, 357, 312, 312, 312, 312, 312, 312, 312, 312, 312, 312, 312, 312, 312, 357, 293, 293, 293, 293, 293, 293, 293, 293, 357, 387, 312, 312, 312, 312, 312, 312, 312, 357, 357, 357, 357, 357, 357, 357, 357, 357, 357, 357, 357, 357, 357, 312, 312, 312, 312, 312, 387, 387, 357, 357, 357, 357, 357, 357, 387, 387, 387, 312, 387, 387, 387, 387, 387, 387, 357, 357, 357, 357, 357, 357, 357, 357, 357, 387, 387, 387, 387, 387, 387, 387, 387, 387, 387, 387, 387, 387, 387, 357, 357, 433, 357, 433, 357, 357, 410, 410, 357, 410, 410, 433, 410, 410, 410, 410, 410, 410, 433, 433, 387, 387, 387, 387, 387, 387, 387, 433, 433, 433, 433, 433, 433, 410, 410, 410, 410, 410, 433, 433, 433, 433, 433, 433, 433, 433, 433, 410, 410, 410, 410, 410, 15, 260, 66, 260, 229, 212]
