n° iter       = 600 
neighborhood_structure = [1 2 3] 
Prioridad     = 10 
balance       = 0.2 
Len_N         = 1 
N° clusters   = 15 
N° estaciones = 452 
N° mejoras    = 38
N° iter completadas  = 600
1° FO         = 360537.0
FO            = 312452
Centros       = [12, 28, 66, 81, 87, 134, 211, 215, 275, 294, 309, 354, 360, 415, 428]
Objs= Any[360537.0, 360537.0, 347469, 347469, 344347, 343137, 342382, 342382, 342256, 342256, 342256, 342256, 341878, 341215, 340264, 340264, 338972, 338972, 338972, 334792, 334792, 330463, 330463, 330463, 330463, 329727, 329727, 327323, 327323, 327323, 327323, 327323, 327323, 327323, 327323, 327323, 327323, 324541, 324541, 324541, 324541, 324316, 324316, 324316, 324316, 324316, 324316, 324316, 324316, 324316, 324316, 324316, 324316, 324316, 324316, 324316, 324316, 324316, 324316, 324316, 324316, 324316, 324316, 322400, 322400, 321919, 321021, 321021, 321021, 321021, 321021, 321021, 321021, 321021, 321021, 320975, 320975, 320975, 320975, 320975, 320975, 320975, 320975, 320975, 320975, 320975, 320975, 320975, 320975, 320975, 320975, 320975, 320975, 320975, 320975, 320975, 320975, 320975, 320975, 320975, 320975, 320975, 320975, 320975, 320975, 320658, 320658, 320658, 320658, 320658, 320658, 320658, 320658, 320658, 319794, 319794, 319794, 319794, 319750, 319750, 319750, 319750, 319750, 319750, 319750, 319750, 319750, 319750, 319750, 319750, 319750, 319750, 319095, 319095, 319095, 319095, 318554, 318554, 318554, 318554, 318554, 317378, 317378, 317378, 317378, 317378, 317275, 317275, 317275, 317275, 317275, 317275, 317275, 317275, 317275, 317275, 317275, 317275, 317275, 317275, 317275, 317275, 316611, 316611, 316611, 316611, 316611, 316611, 316467, 316467, 316467, 316467, 316467, 316467, 316467, 316467, 316467, 316467, 316467, 316467, 316467, 316467, 316467, 316467, 316467, 316467, 316467, 316467, 316467, 316467, 316467, 316467, 316467, 316467, 316467, 316467, 316467, 316467, 316467, 316467, 316467, 316467, 316467, 316467, 316467, 316467, 316330, 316330, 316330, 316166, 316166, 316166, 316166, 316166, 316166, 316166, 316166, 316166, 316166, 316166, 316166, 316166, 316166, 316166, 316166, 316166, 316166, 316166, 316166, 316166, 316166, 316166, 316166, 316166, 316166, 316166, 316166, 316166, 316166, 316166, 316166, 316052, 316052, 316052, 316052, 316052, 316052, 316052, 316052, 316052, 316052, 316052, 316052, 316052, 316052, 316052, 316052, 316052, 316052, 316052, 316052, 316052, 316052, 316052, 315861, 315861, 315861, 315861, 315861, 315861, 315861, 315861, 315861, 315861, 315861, 315861, 315861, 315861, 315861, 315861, 315861, 315861, 315861, 315861, 315861, 315861, 315861, 315861, 315861, 315861, 315861, 315861, 315861, 315861, 315861, 315861, 315861, 315861, 315861, 315861, 315861, 315861, 315861, 315861, 315861, 315861, 315861, 315861, 315861, 315861, 315861, 315861, 315861, 315861, 315861, 314931, 313576, 313576, 313576, 313576, 313576, 313576, 313576, 313576, 313576, 313576, 313576, 313576, 313576, 313576, 313576, 313576, 313576, 313576, 313576, 313576, 313576, 313576, 313576, 313576, 313576, 313576, 313576, 313576, 313576, 313576, 313576, 313576, 313576, 313576, 313576, 313576, 313576, 313576, 313576, 313576, 313576, 313576, 313576, 313576, 313314, 313314, 313314, 313314, 313314, 313314, 313314, 313314, 313314, 313314, 313314, 313314, 313314, 313314, 313314, 313314, 313314, 313314, 313314, 313314, 313314, 313314, 313314, 313314, 313314, 313314, 313314, 313314, 313314, 313314, 313314, 313314, 313314, 313314, 313314, 313314, 313314, 313314, 313314, 313314, 313314, 313314, 313314, 313314, 313314, 313314, 313314, 313314, 313314, 313314, 313145, 313145, 313145, 313145, 313145, 313145, 313145, 313145, 313145, 313145, 313145, 313145, 313145, 313145, 313145, 313145, 313145, 313145, 313145, 313145, 313145, 313145, 313145, 313145, 313145, 313145, 313145, 313145, 313145, 313145, 312884, 312884, 312884, 312884, 312884, 312884, 312884, 312884, 312884, 312884, 312884, 312884, 312884, 312884, 312884, 312884, 312884, 312884, 312884, 312884, 312884, 312884, 312884, 312884, 312884, 312884, 312884, 312452, 312452, 312452, 312452, 312452, 312452, 312452, 312452, 312452, 312452, 312452, 312452, 312452, 312452, 312452, 312452, 312452, 312452, 312452, 312452, 312452, 312452, 312452, 312452, 312452, 312452, 312452, 312452, 312452, 312452, 312452, 312452, 312452, 312452, 312452, 312452, 312452, 312452, 312452, 312452, 312452, 312452, 312452, 312452, 312452, 312452, 312452, 312452, 312452, 312452, 312452, 312452, 312452, 312452, 312452, 312452, 312452, 312452, 312452, 312452, 312452, 312452, 312452, 312452, 312452, 312452, 312452, 312452, 312452, 312452, 312452, 312452, 312452, 312452, 312452, 312452, 312452, 312452, 312452, 312452, 312452, 312452, 312452, 312452, 312452, 312452, 312452, 312452, 312452, 312452, 312452, 312452, 312452, 312452, 312452, 312452, 312452, 312452, 312452, 312452, 312452, 312452, 312452, 312452, 312452, 312452, 312452, 312452, 312452, 312452, 312452, 312452, 312452, 312452, 312452, 312452, 312452, 312452, 312452, 312452, 312452, 312452, 312452, 312452, 312452, 312452, 312452, 312452, 312452, 312452, 312452, 312452, 312452]
current_obj = [362725.0, 347469.0, 349931.0, 344347.0, 343137.0, 342382.0, 349377.0, 342256.0, 346979.0, 344344.0, 344262.0, 341878.0, 341215.0, 340264.0, 345203.0, 338972.0, 339092.0, 340582.0, 334792.0, 337767.0, 330463.0, 332021.0, 331330.0, 332166.0, 329727.0, 334188.0, 327323.0, 330873.0, 329675.0, 327506.0, 332972.0, 328871.0, 329566.0, 333089.0, 328866.0, 328480.0, 324541.0, 328621.0, 329304.0, 328228.0, 324316.0, 325913.0, 325464.0, 325138.0, 326509.0, 325934.0, 330787.0, 326598.0, 324360.0, 326289.0, 331513.0, 327918.0, 329838.0, 328995.0, 329486.0, 325267.0, 329061.0, 325152.0, 333436.0, 327666.0, 328665.0, 324623.0, 322400.0, 325846.0, 321919.0, 321021.0, 322434.0, 324878.0, 329833.0, 326747.0, 323731.0, 323873.0, 324677.0, 325510.0, 320975.0, 322059.0, 322450.0, 322589.0, 325093.0, 325093.0, 321235.0, 324666.0, 328213.0, 325056.0, 325323.0, 320996.0, 321341.0, 323656.0, 323491.0, 323041.0, 330603.0, 322823.0, 326093.0, 325093.0, 324955.0, 321777.0, 326254.0, 328272.0, 321125.0, 322450.0, 324881.0, 325093.0, 323884.0, 321416.0, 320658.0, 321951.0, 326331.0, 321799.0, 322554.0, 321471.0, 321228.0, 322993.0, 323589.0, 319794.0, 320816.0, 321776.0, 320797.0, 319750.0, 322191.0, 320548.0, 320561.0, 322493.0, 320550.0, 323682.0, 324373.0, 322263.0, 322283.0, 323748.0, 325014.0, 320894.0, 320851.0, 319095.0, 328199.0, 325912.0, 327262.0, 318554.0, 321901.0, 320751.0, 319756.0, 324063.0, 317378.0, 320382.0, 324816.0, 323476.0, 318897.0, 317275.0, 323937.0, 318086.0, 322615.0, 319427.0, 321044.0, 320114.0, 318064.0, 321537.0, 318343.0, 318509.0, 323359.0, 322204.0, 320751.0, 318231.0, 320506.0, 316611.0, 320532.0, 319144.0, 321415.0, 322722.0, 317959.0, 316467.0, 323665.0, 322356.0, 322095.0, 325003.0, 321118.0, 320285.0, 320786.0, 321139.0, 319338.0, 321085.0, 319018.0, 319121.0, 316936.0, 316647.0, 323663.0, 317114.0, 318990.0, 320908.0, 317889.0, 320491.0, 323860.0, 324136.0, 316624.0, 320014.0, 317693.0, 321605.0, 318410.0, 318768.0, 320410.0, 323952.0, 321085.0, 323258.0, 316647.0, 317605.0, 317719.0, 319073.0, 318321.0, 316330.0, 322180.0, 320061.0, 316166.0, 320407.0, 319202.0, 319768.0, 317115.0, 320973.0, 319434.0, 319417.0, 317635.0, 316237.0, 316985.0, 318803.0, 316341.0, 318567.0, 320404.0, 318691.0, 319708.0, 318739.0, 324748.0, 317210.0, 316801.0, 317496.0, 318602.0, 317876.0, 320925.0, 316345.0, 321286.0, 321940.0, 330344.0, 316955.0, 319417.0, 319224.0, 316052.0, 323491.0, 321921.0, 321355.0, 323035.0, 322840.0, 317072.0, 318809.0, 323261.0, 317524.0, 317995.0, 319622.0, 320092.0, 318689.0, 318756.0, 320178.0, 318853.0, 317863.0, 320808.0, 320016.0, 318756.0, 321507.0, 316211.0, 315861.0, 319749.0, 320884.0, 320169.0, 318497.0, 317990.0, 324670.0, 317148.0, 318662.0, 320388.0, 321652.0, 319605.0, 319284.0, 317824.0, 317577.0, 319106.0, 318403.0, 320813.0, 318127.0, 321575.0, 319166.0, 321783.0, 319170.0, 319083.0, 316213.0, 319581.0, 318179.0, 320793.0, 317561.0, 318003.0, 317920.0, 316319.0, 317135.0, 321366.0, 316300.0, 317660.0, 317033.0, 318297.0, 323721.0, 318417.0, 320550.0, 317304.0, 316515.0, 317047.0, 316020.0, 319605.0, 318919.0, 323648.0, 320981.0, 319469.0, 323544.0, 314931.0, 313576.0, 317581.0, 316086.0, 318489.0, 317933.0, 316639.0, 320259.0, 314078.0, 314334.0, 319060.0, 316997.0, 321419.0, 314429.0, 314847.0, 315700.0, 318193.0, 321012.0, 316590.0, 321440.0, 321233.0, 321925.0, 318109.0, 316646.0, 313743.0, 314721.0, 316778.0, 314145.0, 318193.0, 317877.0, 322547.0, 317877.0, 319070.0, 317760.0, 319788.0, 316029.0, 315824.0, 318195.0, 316293.0, 324462.0, 321168.0, 322465.0, 313798.0, 319674.0, 323373.0, 313314.0, 313503.0, 319922.0, 313934.0, 318370.0, 321510.0, 318528.0, 318370.0, 320549.0, 318108.0, 315762.0, 314168.0, 324196.0, 320583.0, 314118.0, 314580.0, 317679.0, 314951.0, 314452.0, 313934.0, 320801.0, 315969.0, 317425.0, 319139.0, 318344.0, 319796.0, 313769.0, 318184.0, 321371.0, 313724.0, 317434.0, 315289.0, 319410.0, 319068.0, 315273.0, 324074.0, 314740.0, 317937.0, 320598.0, 316279.0, 315989.0, 314199.0, 318023.0, 319682.0, 313475.0, 316892.0, 314526.0, 317434.0, 317478.0, 316411.0, 313145.0, 317656.0, 316620.0, 315336.0, 317817.0, 320558.0, 315220.0, 313803.0, 321475.0, 316961.0, 320361.0, 313492.0, 321750.0, 313414.0, 323098.0, 319542.0, 316753.0, 317232.0, 318311.0, 319243.0, 315208.0, 317583.0, 316721.0, 313933.0, 326801.0, 316164.0, 318281.0, 313281.0, 318766.0, 313457.0, 312884.0, 322072.0, 319031.0, 318448.0, 314880.0, 319036.0, 322146.0, 314873.0, 314770.0, 315813.0, 314139.0, 315514.0, 313928.0, 316841.0, 318782.0, 313145.0, 314033.0, 316519.0, 314286.0, 317137.0, 315971.0, 316473.0, 318630.0, 316173.0, 317529.0, 317686.0, 314065.0, 312452.0, 317370.0, 317777.0, 315113.0, 321901.0, 315091.0, 323025.0, 314007.0, 318132.0, 318272.0, 321101.0, 316444.0, 316816.0, 318343.0, 315033.0, 315448.0, 315033.0, 314930.0, 314241.0, 315573.0, 317673.0, 312452.0, 316274.0, 314710.0, 312799.0, 313052.0, 316075.0, 314226.0, 317728.0, 315694.0, 315091.0, 314634.0, 321996.0, 315898.0, 313878.0, 315003.0, 319544.0, 316287.0, 313502.0, 314138.0, 314412.0, 319834.0, 317770.0, 315898.0, 318949.0, 314133.0, 315452.0, 316302.0, 316040.0, 315811.0, 314239.0, 314181.0, 315362.0, 313208.0, 315648.0, 314103.0, 317357.0, 317277.0, 316825.0, 312713.0, 318569.0, 313639.0, 320588.0, 317572.0, 314289.0, 315158.0, 321666.0, 313899.0, 315467.0, 324865.0, 316974.0, 315727.0, 316974.0, 315369.0, 314127.0, 318078.0, 312452.0, 314931.0, 321996.0, 323643.0, 316633.0, 320624.0, 324714.0, 319117.0, 319045.0, 316473.0, 315574.0, 314412.0, 314758.0, 316443.0, 315739.0, 313919.0, 317294.0, 319176.0, 316837.0, 316708.0, 316810.0, 315136.0, 315592.0, 317487.0, 314950.0, 315644.0, 317301.0, 317079.0, 316705.0, 317770.0, 318082.0, 313765.0, 313568.0, 315091.0, 316930.0, 314355.0, 317911.0, 314223.0, 313346.0, 315472.0, 315324.0, 319124.0, 313633.0, 316828.0, 317336.0, 314058.0, 315648.0, 313633.0, 312611.0, 314758.0, 318082.0, 314683.0, 315854.0, 315136.0, 313047.0, 313209.0, 326579.0, 313173.0]
cong_K= Any[3, 2, 1, 1, 2, 1, 3, 1, 3, 3, 1, 1, 2, 1, 1, 2, 1, 1, 1, 1, 2, 1, 1, 1, 1, 1, 1, 1, 1, 1, 1, 1, 1, 3, 2, 1, 1, 1] 
obj_k= Any[347469, 344347, 343137, 342382, 342256, 341878, 341215, 340264, 338972, 334792, 330463, 329727, 327323, 324541, 324316, 322400, 321919, 321021, 320975, 320658, 319794, 319750, 319095, 318554, 317378, 317275, 316611, 316467, 316330, 316166, 316052, 315861, 314931, 313576, 313314, 313145, 312884, 312452] 
iter_obj = Any[2, 4, 5, 6, 8, 12, 13, 14, 16, 19, 21, 25, 27, 37, 41, 63, 65, 66, 75, 105, 114, 118, 132, 136, 141, 146, 162, 168, 206, 209, 241, 264, 315, 316, 360, 410, 440, 467] 
avgClusterDiam = 2658.0666666666666 
maxClusterDiam = 3767.0 
clusterDiamete = [3025.0; 2723.0; 3767.0; 2398.0; 2191.0; 2358.0; 3033.0; 2263.0; 2892.0; 3644.0; 2484.0; 2370.0; 3015.0; 2159.0; 1549.0]   
C = [0, 0, 0, 0, 0, 0, 0, 0, 0, 0, 0, 1, 0, 0, 0, 0, 0, 0, 0, 0, 0, 0, 0, 0, 0, 0, 0, 1, 0, 0, 0, 0, 0, 0, 0, 0, 0, 0, 0, 0, 0, 0, 0, 0, 0, 0, 0, 0, 0, 0, 0, 0, 0, 0, 0, 0, 0, 0, 0, 0, 0, 0, 0, 0, 0, 1, 0, 0, 0, 0, 0, 0, 0, 0, 0, 0, 0, 0, 0, 0, 1, 0, 0, 0, 0, 0, 1, 0, 0, 0, 0, 0, 0, 0, 0, 0, 0, 0, 0, 0, 0, 0, 0, 0, 0, 0, 0, 0, 0, 0, 0, 0, 0, 0, 0, 0, 0, 0, 0, 0, 0, 0, 0, 0, 0, 0, 0, 0, 0, 0, 0, 0, 0, 1, 0, 0, 0, 0, 0, 0, 0, 0, 0, 0, 0, 0, 0, 0, 0, 0, 0, 0, 0, 0, 0, 0, 0, 0, 0, 0, 0, 0, 0, 0, 0, 0, 0, 0, 0, 0, 0, 0, 0, 0, 0, 0, 0, 0, 0, 0, 0, 0, 0, 0, 0, 0, 0, 0, 0, 0, 0, 0, 0, 0, 0, 0, 0, 0, 0, 0, 0, 0, 0, 0, 0, 0, 0, 0, 0, 0, 1, 0, 0, 0, 1, 0, 0, 0, 0, 0, 0, 0, 0, 0, 0, 0, 0, 0, 0, 0, 0, 0, 0, 0, 0, 0, 0, 0, 0, 0, 0, 0, 0, 0, 0, 0, 0, 0, 0, 0, 0, 0, 0, 0, 0, 0, 0, 0, 0, 0, 0, 0, 0, 0, 0, 0, 0, 0, 0, 0, 0, 0, 0, 0, 1, 0, 0, 0, 0, 0, 0, 0, 0, 0, 0, 0, 0, 0, 0, 0, 0, 0, 0, 1, 0, 0, 0, 0, 0, 0, 0, 0, 0, 0, 0, 0, 0, 0, 1, 0, 0, 0, 0, 0, 0, 0, 0, 0, 0, 0, 0, 0, 0, 0, 0, 0, 0, 0, 0, 0, 0, 0, 0, 0, 0, 0, 0, 0, 0, 0, 0, 0, 0, 0, 0, 0, 0, 0, 0, 0, 0, 0, 0, 1, 0, 0, 0, 0, 0, 1, 0, 0, 0, 0, 0, 0, 0, 0, 0, 0, 0, 0, 0, 0, 0, 0, 0, 0, 0, 0, 0, 0, 0, 0, 0, 0, 0, 0, 0, 0, 0, 0, 0, 0, 0, 0, 0, 0, 0, 0, 0, 0, 0, 0, 0, 0, 0, 0, 0, 0, 0, 0, 0, 0, 1, 0, 0, 0, 0, 0, 0, 0, 0, 0, 0, 0, 0, 1, 0, 0, 0, 0, 0, 0, 0, 0, 0, 0, 0, 0, 0, 0, 0, 0, 0, 0, 0, 0, 0, 0, 0, 0]
E = [12, 28, 12, 12, 12, 12, 28, 12, 12, 275, 12, 12, 66, 66, 28, 28, 12, 12, 12, 12, 28, 28, 28, 28, 28, 275, 12, 28, 275, 275, 275, 28, 134, 28, 28, 28, 28, 66, 134, 28, 87, 28, 87, 28, 28, 81, 134, 87, 28, 28, 81, 87, 66, 81, 275, 294, 66, 28, 294, 28, 81, 66, 81, 81, 275, 66, 66, 81, 81, 81, 81, 66, 66, 294, 66, 81, 66, 28, 66, 81, 81, 87, 81, 81, 12, 12, 87, 87, 87, 87, 87, 87, 87, 87, 87, 87, 87, 87, 275, 87, 87, 87, 12, 87, 87, 87, 87, 87, 87, 87, 12, 12, 12, 12, 12, 275, 12, 12, 12, 134, 134, 87, 134, 134, 134, 134, 134, 134, 134, 134, 134, 134, 134, 294, 134, 134, 134, 134, 134, 134, 134, 81, 134, 134, 134, 81, 134, 134, 134, 81, 134, 81, 81, 81, 134, 81, 294, 134, 134, 12, 81, 81, 134, 81, 81, 66, 66, 66, 81, 66, 66, 66, 66, 12, 81, 275, 66, 66, 81, 81, 66, 309, 12, 66, 66, 211, 66, 66, 66, 66, 66, 211, 215, 28, 211, 211, 215, 215, 211, 211, 211, 215, 215, 215, 211, 215, 211, 211, 215, 215, 211, 211, 215, 215, 215, 215, 66, 211, 215, 215, 215, 211, 211, 211, 211, 66, 215, 215, 215, 215, 211, 66, 215, 211, 215, 215, 215, 215, 28, 215, 215, 215, 215, 215, 211, 211, 12, 12, 28, 66, 211, 28, 28, 12, 12, 12, 12, 211, 275, 87, 28, 87, 12, 275, 275, 275, 275, 275, 275, 275, 275, 275, 275, 275, 275, 294, 81, 81, 294, 294, 294, 294, 294, 309, 309, 66, 309, 309, 309, 309, 81, 294, 294, 294, 294, 294, 294, 294, 294, 294, 309, 360, 309, 309, 309, 309, 309, 309, 309, 309, 309, 309, 309, 309, 354, 354, 294, 294, 294, 294, 294, 294, 294, 294, 354, 360, 309, 309, 309, 309, 309, 354, 309, 354, 360, 360, 360, 360, 360, 294, 360, 360, 360, 360, 354, 354, 354, 354, 354, 354, 309, 309, 354, 354, 354, 354, 360, 360, 360, 360, 354, 354, 354, 354, 354, 354, 354, 354, 354, 415, 354, 354, 360, 360, 360, 360, 360, 360, 415, 415, 415, 354, 415, 415, 354, 354, 415, 415, 415, 415, 415, 415, 415, 415, 415, 415, 360, 415, 360, 360, 360, 428, 360, 360, 360, 428, 428, 428, 428, 428, 428, 428, 415, 415, 415, 415, 415, 415, 415, 415, 415, 415, 415, 415, 428, 428, 428, 428, 428, 428, 428, 428, 415, 415, 415, 415, 415, 415, 415, 428, 428, 428, 428, 428, 428, 428, 28, 87, 28, 275, 211, 211]
