n° iter       = 600 
neighborhood_structure = [1] 
Prioridad     = 10 
balance       = 0.2 
Len_N         = 3 
N° clusters   = 15 
N° estaciones = 452 
N° mejoras    = 53
N° iter completadas  = 600
1° FO         = 385120.0
FO            = 310740
Centros       = [12, 21, 66, 81, 87, 134, 215, 218, 264, 299, 313, 360, 368, 414, 428]
Objs= Any[385120.0, 376696, 372396, 371807, 369888, 361719, 361719, 356909, 356909, 351083, 346853, 346853, 346056, 344771, 344409, 344409, 344409, 344409, 344409, 341335, 341335, 340226, 338429, 338429, 337678, 337678, 336955, 333959, 333032, 332718, 332718, 332029, 330407, 327358, 327358, 325267, 324248, 323789, 323789, 323789, 323789, 323448, 319982, 319623, 319623, 319623, 319623, 319623, 319623, 319623, 319623, 319623, 319623, 319623, 319623, 319623, 319623, 319623, 319623, 319579, 319137, 319137, 318997, 318997, 318997, 318997, 318997, 318961, 318961, 318961, 318961, 318961, 318961, 318961, 318961, 318961, 318961, 318961, 318961, 318961, 318840, 318840, 318840, 318840, 318840, 318840, 318840, 318569, 318569, 318569, 318569, 318207, 318207, 318207, 318207, 318207, 318207, 318207, 318207, 318207, 318207, 318207, 317998, 317998, 317998, 317998, 317998, 317998, 317998, 317998, 317998, 317998, 317555, 317555, 317555, 317555, 317555, 317555, 317555, 317555, 317555, 317555, 317555, 317555, 317555, 317555, 317555, 317555, 317555, 317555, 317555, 317555, 317555, 317555, 317555, 317555, 317555, 316594, 316594, 316594, 316594, 316594, 316594, 316594, 316594, 316594, 316594, 316594, 316594, 316594, 316594, 316594, 316594, 316594, 316594, 316594, 316594, 316594, 316594, 316594, 316594, 316594, 316594, 316594, 316594, 316594, 316594, 316594, 316594, 316367, 316367, 316367, 316230, 316230, 316230, 316230, 316230, 316230, 316230, 316230, 314815, 314614, 314614, 314614, 314614, 314614, 314614, 314614, 314614, 314614, 314614, 314614, 314614, 314614, 314614, 314614, 314614, 314614, 314614, 314614, 314614, 314614, 314000, 314000, 314000, 314000, 314000, 314000, 314000, 314000, 314000, 314000, 314000, 314000, 314000, 314000, 314000, 314000, 314000, 314000, 314000, 314000, 314000, 314000, 314000, 314000, 314000, 314000, 313478, 313478, 313478, 313478, 313478, 313478, 313478, 313385, 313385, 313385, 313385, 313385, 313385, 312743, 312743, 312743, 312743, 312743, 312743, 312743, 312743, 312743, 312743, 312743, 312743, 312743, 312743, 312743, 312743, 312743, 312743, 312743, 312743, 312743, 312743, 312743, 312743, 312743, 312743, 312743, 312743, 312743, 312743, 312743, 312743, 312743, 312743, 312743, 312743, 312743, 312743, 312743, 312743, 312743, 312743, 312535, 312535, 312535, 312535, 312535, 312535, 312535, 312535, 312535, 312535, 312535, 312535, 312535, 312535, 312535, 312535, 312535, 312535, 312535, 312535, 312535, 312535, 312535, 312535, 312535, 312535, 312535, 312535, 312535, 312535, 312535, 312535, 312535, 312535, 312535, 312535, 311172, 311172, 311172, 311172, 311172, 311172, 311172, 311172, 311172, 311158, 311158, 311158, 311158, 311158, 311158, 311158, 311158, 311158, 311158, 311158, 311158, 311158, 311158, 311158, 311158, 311158, 311158, 311158, 311158, 311158, 311158, 311158, 311158, 311158, 311158, 311078, 311078, 311078, 311078, 311078, 311078, 311078, 311078, 311078, 311078, 311069, 311069, 311069, 311069, 311069, 311069, 311069, 311069, 311069, 311069, 311069, 311069, 311069, 311069, 311069, 311069, 311069, 311069, 311069, 311069, 311069, 311069, 311069, 311069, 311069, 311069, 311069, 311069, 311069, 311069, 311069, 311069, 311069, 311069, 311069, 311069, 311069, 311069, 311069, 311069, 311069, 311069, 311069, 311069, 311069, 311069, 311069, 311069, 311069, 311069, 311069, 311069, 311069, 311069, 311069, 311069, 311069, 311069, 311069, 311069, 311069, 311069, 311069, 311069, 311069, 311069, 311069, 311069, 311069, 311069, 311069, 311069, 311069, 311069, 311069, 311069, 311069, 311069, 311069, 311069, 311069, 311069, 311069, 311069, 311069, 311069, 311069, 311069, 311069, 311069, 311069, 311069, 311069, 311069, 311069, 311069, 311069, 311069, 311069, 311069, 311069, 311069, 311069, 311069, 311069, 311069, 311069, 311069, 311069, 311069, 311069, 311069, 311069, 311069, 311069, 311069, 311069, 311069, 311069, 311069, 311069, 311069, 311069, 311069, 311069, 311069, 311069, 311069, 311069, 311069, 311069, 311069, 311069, 311069, 311069, 311069, 310882, 310882, 310882, 310882, 310882, 310882, 310882, 310882, 310882, 310882, 310882, 310882, 310882, 310882, 310882, 310882, 310882, 310882, 310882, 310882, 310882, 310882, 310882, 310882, 310882, 310882, 310882, 310882, 310882, 310882, 310882, 310882, 310882, 310882, 310882, 310882, 310882, 310882, 310740, 310740, 310740, 310740, 310740, 310740, 310740, 310740, 310740, 310740, 310740, 310740, 310740, 310740, 310740, 310740, 310740, 310740, 310740, 310740, 310740, 310740, 310740, 310740, 310740, 310740, 310740, 310740, 310740, 310740, 310740, 310740, 310740, 310740, 310740, 310740, 310740, 310740, 310740, 310740, 310740, 310740, 310740, 310740, 310740, 310740, 310740, 310740, 310740, 310740, 310740, 310740, 310740, 310740, 310740, 310740, 310740, 310740, 310740, 310740, 310740, 310740]
current_obj = [376696.0, 372396.0, 371807.0, 369888.0, 361719.0, 363640.0, 356909.0, 357776.0, 351083.0, 346853.0, 350334.0, 346056.0, 344771.0, 344409.0, 344957.0, 346413.0, 345382.0, 345360.0, 341335.0, 341697.0, 340226.0, 338429.0, 340636.0, 337678.0, 338016.0, 336955.0, 333959.0, 333032.0, 332718.0, 335461.0, 332029.0, 330407.0, 327358.0, 327738.0, 325267.0, 324248.0, 323789.0, 328276.0, 326020.0, 328174.0, 323448.0, 319982.0, 319623.0, 321224.0, 321211.0, 322093.0, 323113.0, 321280.0, 320009.0, 319911.0, 321093.0, 322142.0, 319863.0, 320276.0, 320070.0, 319790.0, 320429.0, 319792.0, 319579.0, 319137.0, 321088.0, 318997.0, 320640.0, 319885.0, 321010.0, 319600.0, 318961.0, 319511.0, 319403.0, 321118.0, 319410.0, 321514.0, 319812.0, 322776.0, 319629.0, 323326.0, 319697.0, 322188.0, 319082.0, 318840.0, 319170.0, 321441.0, 319187.0, 323708.0, 323813.0, 321933.0, 318569.0, 320604.0, 319337.0, 318919.0, 318207.0, 318524.0, 319365.0, 318816.0, 318655.0, 318606.0, 319401.0, 318365.0, 318529.0, 318394.0, 318394.0, 317998.0, 321639.0, 318742.0, 320162.0, 319661.0, 319114.0, 319343.0, 319992.0, 319079.0, 320009.0, 317555.0, 317826.0, 318247.0, 321735.0, 317791.0, 322146.0, 318317.0, 318166.0, 317736.0, 318174.0, 317998.0, 318401.0, 320093.0, 320366.0, 318401.0, 320212.0, 320476.0, 317939.0, 317569.0, 318017.0, 321850.0, 320818.0, 317821.0, 321159.0, 320476.0, 316594.0, 316861.0, 317213.0, 317798.0, 317225.0, 319980.0, 318112.0, 317785.0, 316904.0, 319903.0, 318804.0, 316643.0, 318136.0, 316880.0, 316992.0, 320679.0, 319371.0, 319427.0, 320708.0, 316904.0, 317826.0, 317036.0, 317791.0, 319980.0, 317963.0, 318536.0, 316958.0, 319620.0, 316815.0, 319344.0, 319406.0, 316682.0, 316367.0, 317725.0, 321587.0, 316230.0, 318172.0, 319487.0, 316692.0, 317458.0, 316402.0, 317629.0, 317837.0, 314815.0, 314614.0, 317964.0, 314820.0, 315130.0, 317964.0, 317355.0, 314824.0, 315387.0, 315274.0, 316773.0, 315269.0, 314959.0, 317193.0, 315461.0, 316915.0, 317310.0, 317774.0, 315360.0, 318121.0, 316333.0, 317083.0, 314000.0, 317248.0, 314043.0, 314084.0, 315941.0, 317242.0, 314655.0, 316142.0, 315769.0, 314614.0, 319911.0, 315338.0, 316114.0, 314345.0, 317143.0, 315583.0, 314711.0, 320955.0, 317165.0, 314936.0, 316082.0, 314611.0, 317155.0, 314715.0, 315034.0, 314350.0, 313478.0, 314893.0, 316144.0, 320503.0, 315305.0, 313912.0, 313643.0, 313385.0, 315490.0, 313912.0, 313526.0, 315029.0, 316765.0, 312743.0, 313529.0, 316841.0, 314857.0, 314290.0, 314570.0, 313185.0, 315102.0, 315499.0, 314103.0, 315737.0, 316396.0, 314290.0, 313791.0, 314158.0, 317378.0, 313714.0, 315465.0, 313982.0, 312917.0, 313092.0, 313496.0, 318112.0, 312917.0, 313148.0, 314015.0, 313097.0, 316180.0, 313151.0, 314574.0, 316932.0, 315729.0, 315337.0, 316110.0, 316951.0, 315514.0, 314220.0, 312917.0, 313825.0, 316832.0, 316057.0, 313170.0, 312535.0, 313331.0, 313400.0, 314053.0, 314555.0, 312615.0, 318769.0, 313394.0, 317297.0, 313533.0, 312676.0, 313281.0, 314223.0, 312709.0, 312882.0, 314605.0, 313885.0, 316322.0, 312676.0, 314604.0, 318056.0, 315579.0, 315649.0, 313791.0, 316033.0, 312615.0, 313057.0, 312997.0, 312891.0, 314026.0, 313080.0, 314966.0, 315765.0, 313895.0, 315357.0, 312940.0, 311172.0, 312252.0, 312084.0, 314179.0, 312501.0, 312988.0, 311713.0, 312832.0, 312224.0, 311158.0, 312210.0, 313827.0, 311238.0, 312210.0, 313581.0, 312615.0, 311227.0, 313584.0, 311193.0, 314342.0, 312985.0, 313253.0, 312238.0, 319019.0, 314029.0, 315891.0, 312384.0, 316221.0, 312384.0, 313829.0, 315247.0, 311366.0, 316371.0, 312532.0, 311503.0, 311078.0, 312112.0, 311507.0, 311712.0, 313319.0, 312514.0, 312767.0, 315635.0, 314782.0, 314289.0, 311069.0, 311957.0, 313304.0, 311999.0, 311154.0, 312928.0, 311607.0, 313047.0, 314282.0, 313043.0, 311708.0, 314063.0, 311357.0, 313497.0, 311180.0, 316174.0, 315221.0, 311414.0, 311957.0, 311531.0, 312542.0, 311494.0, 312121.0, 312947.0, 315504.0, 313926.0, 311358.0, 311414.0, 312590.0, 311854.0, 311400.0, 311277.0, 313693.0, 311158.0, 312121.0, 314750.0, 315359.0, 314141.0, 312109.0, 313076.0, 311909.0, 314079.0, 313422.0, 316321.0, 312484.0, 314241.0, 314687.0, 315822.0, 311865.0, 311149.0, 312338.0, 314812.0, 311243.0, 313584.0, 311414.0, 312325.0, 312873.0, 311104.0, 312396.0, 311553.0, 311614.0, 311494.0, 311607.0, 314063.0, 312484.0, 313076.0, 312154.0, 314048.0, 316620.0, 313928.0, 312566.0, 313589.0, 312885.0, 311104.0, 316132.0, 311865.0, 313940.0, 314293.0, 317305.0, 314282.0, 312539.0, 311358.0, 312605.0, 311610.0, 311957.0, 313633.0, 314215.0, 311180.0, 314282.0, 311180.0, 311158.0, 315938.0, 312359.0, 311624.0, 315938.0, 311949.0, 315745.0, 313108.0, 316088.0, 311899.0, 312205.0, 312649.0, 312359.0, 313115.0, 311414.0, 312154.0, 314268.0, 314517.0, 314687.0, 312605.0, 312172.0, 312587.0, 311797.0, 311357.0, 311149.0, 313115.0, 311346.0, 312885.0, 311357.0, 315932.0, 314207.0, 312532.0, 315221.0, 312396.0, 311697.0, 313080.0, 311614.0, 314028.0, 314902.0, 312172.0, 312172.0, 311797.0, 312359.0, 312283.0, 311477.0, 314296.0, 310882.0, 314093.0, 311420.0, 314521.0, 312921.0, 312174.0, 313075.0, 312452.0, 314095.0, 311231.0, 313313.0, 315488.0, 312855.0, 312174.0, 318176.0, 316005.0, 312018.0, 314421.0, 313235.0, 312139.0, 311231.0, 312096.0, 311171.0, 316174.0, 311966.0, 312096.0, 311934.0, 315247.0, 313059.0, 315624.0, 311678.0, 312755.0, 313012.0, 312059.0, 313876.0, 310962.0, 313997.0, 313075.0, 310740.0, 313441.0, 314094.0, 318201.0, 311525.0, 311825.0, 310856.0, 313070.0, 313379.0, 313309.0, 311379.0, 311669.0, 311738.0, 312092.0, 311774.0, 310820.0, 313232.0, 313653.0, 314375.0, 311017.0, 314349.0, 315475.0, 312751.0, 311337.0, 310820.0, 314079.0, 314379.0, 314034.0, 311816.0, 311816.0, 311028.0, 312751.0, 312067.0, 311096.0, 311825.0, 312272.0, 313232.0, 313753.0, 311202.0, 310820.0, 314785.0, 311089.0, 314094.0, 312949.0, 313411.0, 311564.0, 313260.0, 316900.0, 312419.0, 318327.0, 312121.0, 311792.0, 315105.0, 313356.0, 311017.0, 313512.0, 311089.0, 312000.0, 311859.0, 314221.0, 311089.0, 311896.0, 311285.0]
cong_K= Any[1, 1, 1, 1, 1, 1, 1, 1, 1, 1, 1, 1, 1, 1, 1, 1, 1, 1, 1, 1, 1, 1, 1, 1, 1, 1, 1, 1, 1, 1, 1, 1, 1, 1, 1, 1, 1, 1, 1, 1, 1, 1, 1, 1, 1, 1, 1, 1, 1, 1, 1, 1, 1] 
obj_k= Any[376696, 372396, 371807, 369888, 361719, 356909, 351083, 346853, 346056, 344771, 344409, 341335, 340226, 338429, 337678, 336955, 333959, 333032, 332718, 332029, 330407, 327358, 325267, 324248, 323789, 323448, 319982, 319623, 319579, 319137, 318997, 318961, 318840, 318569, 318207, 317998, 317555, 316594, 316367, 316230, 314815, 314614, 314000, 313478, 313385, 312743, 312535, 311172, 311158, 311078, 311069, 310882, 310740] 
iter_obj = Any[1, 2, 3, 4, 5, 7, 9, 10, 12, 13, 14, 19, 21, 22, 24, 26, 27, 28, 29, 31, 32, 33, 35, 36, 37, 41, 42, 43, 59, 60, 62, 67, 80, 87, 91, 102, 112, 137, 169, 172, 180, 181, 202, 228, 235, 241, 283, 319, 328, 354, 364, 500, 538] 
avgClusterDiam = 2607.5333333333333 
maxClusterDiam = 3775.0 
clusterDiamete = [2530.0; 2756.0; 3775.0; 2752.0; 2527.0; 2440.0; 2263.0; 3033.0; 3081.0; 3579.0; 2023.0; 3015.0; 2127.0; 1663.0; 1549.0]   
C = [0, 0, 0, 0, 0, 0, 0, 0, 0, 0, 0, 1, 0, 0, 0, 0, 0, 0, 0, 0, 1, 0, 0, 0, 0, 0, 0, 0, 0, 0, 0, 0, 0, 0, 0, 0, 0, 0, 0, 0, 0, 0, 0, 0, 0, 0, 0, 0, 0, 0, 0, 0, 0, 0, 0, 0, 0, 0, 0, 0, 0, 0, 0, 0, 0, 1, 0, 0, 0, 0, 0, 0, 0, 0, 0, 0, 0, 0, 0, 0, 1, 0, 0, 0, 0, 0, 1, 0, 0, 0, 0, 0, 0, 0, 0, 0, 0, 0, 0, 0, 0, 0, 0, 0, 0, 0, 0, 0, 0, 0, 0, 0, 0, 0, 0, 0, 0, 0, 0, 0, 0, 0, 0, 0, 0, 0, 0, 0, 0, 0, 0, 0, 0, 1, 0, 0, 0, 0, 0, 0, 0, 0, 0, 0, 0, 0, 0, 0, 0, 0, 0, 0, 0, 0, 0, 0, 0, 0, 0, 0, 0, 0, 0, 0, 0, 0, 0, 0, 0, 0, 0, 0, 0, 0, 0, 0, 0, 0, 0, 0, 0, 0, 0, 0, 0, 0, 0, 0, 0, 0, 0, 0, 0, 0, 0, 0, 0, 0, 0, 0, 0, 0, 0, 0, 0, 0, 0, 0, 0, 0, 0, 0, 0, 0, 1, 0, 0, 1, 0, 0, 0, 0, 0, 0, 0, 0, 0, 0, 0, 0, 0, 0, 0, 0, 0, 0, 0, 0, 0, 0, 0, 0, 0, 0, 0, 0, 0, 0, 0, 0, 0, 0, 0, 0, 0, 0, 0, 0, 0, 0, 0, 0, 0, 1, 0, 0, 0, 0, 0, 0, 0, 0, 0, 0, 0, 0, 0, 0, 0, 0, 0, 0, 0, 0, 0, 0, 0, 0, 0, 0, 0, 0, 0, 0, 0, 0, 0, 0, 1, 0, 0, 0, 0, 0, 0, 0, 0, 0, 0, 0, 0, 0, 1, 0, 0, 0, 0, 0, 0, 0, 0, 0, 0, 0, 0, 0, 0, 0, 0, 0, 0, 0, 0, 0, 0, 0, 0, 0, 0, 0, 0, 0, 0, 0, 0, 0, 0, 0, 0, 0, 0, 0, 0, 0, 0, 0, 0, 0, 0, 1, 0, 0, 0, 0, 0, 0, 0, 1, 0, 0, 0, 0, 0, 0, 0, 0, 0, 0, 0, 0, 0, 0, 0, 0, 0, 0, 0, 0, 0, 0, 0, 0, 0, 0, 0, 0, 0, 0, 0, 0, 0, 0, 0, 0, 0, 0, 0, 0, 0, 0, 0, 0, 0, 1, 0, 0, 0, 0, 0, 0, 0, 0, 0, 0, 0, 0, 0, 1, 0, 0, 0, 0, 0, 0, 0, 0, 0, 0, 0, 0, 0, 0, 0, 0, 0, 0, 0, 0, 0, 0, 0, 0]
E = [12, 21, 12, 12, 12, 12, 21, 12, 12, 264, 12, 12, 21, 66, 21, 12, 12, 12, 12, 12, 21, 21, 21, 21, 12, 264, 12, 21, 264, 264, 264, 81, 264, 21, 21, 21, 21, 66, 134, 134, 87, 21, 87, 21, 21, 81, 81, 87, 21, 21, 81, 87, 66, 81, 87, 299, 66, 21, 299, 21, 81, 66, 81, 81, 264, 66, 66, 66, 81, 81, 81, 66, 66, 299, 66, 81, 66, 21, 81, 81, 81, 87, 81, 81, 12, 12, 87, 87, 87, 87, 87, 87, 87, 87, 87, 87, 87, 87, 264, 87, 87, 87, 12, 87, 87, 87, 87, 87, 87, 87, 12, 264, 12, 12, 12, 12, 12, 134, 12, 134, 134, 87, 134, 87, 134, 134, 134, 134, 134, 134, 134, 134, 134, 134, 134, 134, 134, 134, 134, 134, 134, 81, 134, 134, 134, 81, 134, 134, 134, 81, 134, 81, 81, 81, 134, 81, 299, 134, 134, 12, 81, 81, 134, 81, 81, 66, 66, 66, 81, 66, 66, 66, 66, 12, 81, 264, 66, 66, 81, 81, 66, 299, 12, 66, 66, 218, 66, 66, 66, 66, 66, 218, 215, 21, 218, 218, 215, 215, 218, 218, 218, 215, 215, 215, 218, 215, 218, 218, 215, 215, 218, 218, 215, 215, 215, 215, 66, 218, 215, 215, 215, 218, 218, 218, 218, 66, 215, 215, 215, 215, 218, 66, 215, 218, 215, 215, 215, 215, 21, 215, 215, 215, 215, 215, 218, 218, 21, 12, 21, 66, 218, 21, 21, 12, 12, 12, 12, 218, 264, 87, 21, 87, 12, 264, 264, 264, 264, 264, 264, 12, 264, 264, 264, 264, 264, 299, 81, 81, 299, 81, 299, 299, 299, 299, 66, 66, 66, 313, 313, 313, 299, 299, 299, 299, 299, 299, 299, 299, 299, 299, 299, 360, 313, 313, 313, 313, 313, 313, 313, 313, 313, 313, 313, 313, 313, 313, 299, 299, 299, 299, 299, 299, 299, 299, 360, 360, 313, 313, 313, 313, 313, 313, 313, 368, 360, 368, 360, 360, 299, 299, 360, 360, 360, 360, 368, 368, 313, 313, 313, 313, 313, 368, 368, 368, 368, 360, 360, 360, 360, 360, 368, 368, 368, 313, 368, 368, 368, 368, 368, 368, 368, 360, 360, 360, 360, 360, 360, 360, 414, 414, 368, 368, 368, 368, 368, 368, 368, 368, 368, 414, 414, 414, 414, 414, 414, 414, 414, 414, 360, 360, 360, 428, 360, 360, 360, 428, 428, 428, 428, 428, 428, 428, 414, 414, 414, 414, 368, 368, 414, 414, 414, 414, 414, 414, 414, 428, 428, 428, 428, 428, 428, 428, 414, 414, 414, 414, 414, 414, 414, 428, 428, 428, 428, 428, 428, 428, 21, 87, 66, 264, 218, 218]
