n° iter       = 600 
neighborhood_structure = [2] 
Prioridad     = 10 
balance       = 0.2 
Len_N         = 9 
N° clusters   = 15 
N° estaciones = 452 
N° mejoras    = 32
N° iter completadas  = 181
1° FO         = 372509.0
FO            = 312828
Centros       = [11, 21, 66, 87, 134, 152, 176, 218, 221, 299, 313, 360, 369, 414, 428]
Objs= Any[372509.0, 360258, 354580, 349529, 344916, 342076, 340200, 335282, 335282, 332005, 332005, 332005, 328929, 328929, 328929, 326266, 325843, 325843, 325843, 325843, 325395, 325395, 325395, 325395, 325395, 325208, 325208, 325208, 324921, 324921, 324921, 324921, 324921, 324921, 324921, 323057, 323057, 323057, 323057, 323057, 322909, 322909, 321309, 321309, 320014, 320014, 320014, 319093, 319093, 319093, 319093, 319093, 319083, 319083, 319083, 319083, 319083, 319083, 319083, 318584, 318584, 318584, 318584, 318584, 318584, 318584, 318584, 318584, 318584, 318584, 318584, 318584, 318584, 318584, 318584, 318584, 318584, 318584, 318209, 318209, 317925, 317925, 317925, 317925, 317925, 317925, 317925, 317925, 317925, 317032, 317032, 316790, 315358, 315296, 315296, 315296, 315296, 315296, 315296, 315296, 315296, 315296, 315296, 315296, 315296, 315296, 315296, 315296, 315296, 315296, 315296, 315296, 315296, 315296, 315296, 315296, 315296, 315296, 315296, 315296, 315296, 315296, 315296, 315223, 315223, 314119, 314119, 314119, 314119, 314119, 314119, 314119, 314119, 314119, 314119, 314119, 314119, 314119, 314119, 314119, 314119, 314119, 314119, 314119, 314119, 314119, 314119, 314119, 314119, 314119, 314119, 313387, 313387, 313387, 313387, 313387, 313387, 313387, 313387, 313387, 313387, 312930, 312930, 312930, 312828, 312828, 312828, 312828, 312828, 312828, 312828, 312828, 312828, 312828, 312828, 312828, 312828, 312828, 312828, 312828, 312828, 312828]
current_obj = [360258.0, 354580.0, 349529.0, 344916.0, 342076.0, 340200.0, 335282.0, 337139.0, 332005.0, 334012.0, 333506.0, 328929.0, 330748.0, 329520.0, 326266.0, 325843.0, 330110.0, 328414.0, 328408.0, 325395.0, 327079.0, 326623.0, 327304.0, 325593.0, 325208.0, 327650.0, 325316.0, 324921.0, 326537.0, 325991.0, 326263.0, 330203.0, 325974.0, 326108.0, 323057.0, 324115.0, 324812.0, 325057.0, 324117.0, 322909.0, 323887.0, 321309.0, 325037.0, 320014.0, 322928.0, 322021.0, 319093.0, 321227.0, 320871.0, 321249.0, 321736.0, 319083.0, 321949.0, 320858.0, 321888.0, 322138.0, 322602.0, 321429.0, 318584.0, 322960.0, 320550.0, 320870.0, 320579.0, 322122.0, 320713.0, 319394.0, 320720.0, 320876.0, 321681.0, 322236.0, 321237.0, 319520.0, 319959.0, 320246.0, 318973.0, 321149.0, 320433.0, 318209.0, 320115.0, 317925.0, 319108.0, 324571.0, 319306.0, 318641.0, 318697.0, 321616.0, 322069.0, 320472.0, 317032.0, 319871.0, 316790.0, 315358.0, 315296.0, 318985.0, 317559.0, 319993.0, 317486.0, 317042.0, 317877.0, 316326.0, 319182.0, 315993.0, 317721.0, 318659.0, 319324.0, 315452.0, 320018.0, 317672.0, 318472.0, 318571.0, 320316.0, 317142.0, 323295.0, 317864.0, 321151.0, 319668.0, 319143.0, 317569.0, 317797.0, 321365.0, 316958.0, 317838.0, 315223.0, 317013.0, 314119.0, 315400.0, 315900.0, 315571.0, 317167.0, 315245.0, 318194.0, 316475.0, 316990.0, 314472.0, 316996.0, 316342.0, 314434.0, 315602.0, 319862.0, 316393.0, 317908.0, 318624.0, 314228.0, 317246.0, 317768.0, 316175.0, 314551.0, 315924.0, 319769.0, 314371.0, 313387.0, 317082.0, 315358.0, 315681.0, 314938.0, 315522.0, 313636.0, 316901.0, 315100.0, 317301.0, 312930.0, 316731.0, 319720.0, 312828.0, 313258.0, 314594.0, 314524.0, 313601.0, 315151.0, 319643.0, 313816.0, 315962.0, 314875.0, 314928.0, 317740.0, 316596.0, 317302.0, 317955.0, 313947.0, 317011.0, 315104.0, 316106.0, 0.0, 0.0, 0.0, 0.0, 0.0, 0.0, 0.0, 0.0, 0.0, 0.0, 0.0, 0.0, 0.0, 0.0, 0.0, 0.0, 0.0, 0.0, 0.0, 0.0, 0.0, 0.0, 0.0, 0.0, 0.0, 0.0, 0.0, 0.0, 0.0, 0.0, 0.0, 0.0, 0.0, 0.0, 0.0, 0.0, 0.0, 0.0, 0.0, 0.0, 0.0, 0.0, 0.0, 0.0, 0.0, 0.0, 0.0, 0.0, 0.0, 0.0, 0.0, 0.0, 0.0, 0.0, 0.0, 0.0, 0.0, 0.0, 0.0, 0.0, 0.0, 0.0, 0.0, 0.0, 0.0, 0.0, 0.0, 0.0, 0.0, 0.0, 0.0, 0.0, 0.0, 0.0, 0.0, 0.0, 0.0, 0.0, 0.0, 0.0, 0.0, 0.0, 0.0, 0.0, 0.0, 0.0, 0.0, 0.0, 0.0, 0.0, 0.0, 0.0, 0.0, 0.0, 0.0, 0.0, 0.0, 0.0, 0.0, 0.0, 0.0, 0.0, 0.0, 0.0, 0.0, 0.0, 0.0, 0.0, 0.0, 0.0, 0.0, 0.0, 0.0, 0.0, 0.0, 0.0, 0.0, 0.0, 0.0, 0.0, 0.0, 0.0, 0.0, 0.0, 0.0, 0.0, 0.0, 0.0, 0.0, 0.0, 0.0, 0.0, 0.0, 0.0, 0.0, 0.0, 0.0, 0.0, 0.0, 0.0, 0.0, 0.0, 0.0, 0.0, 0.0, 0.0, 0.0, 0.0, 0.0, 0.0, 0.0, 0.0, 0.0, 0.0, 0.0, 0.0, 0.0, 0.0, 0.0, 0.0, 0.0, 0.0, 0.0, 0.0, 0.0, 0.0, 0.0, 0.0, 0.0, 0.0, 0.0, 0.0, 0.0, 0.0, 0.0, 0.0, 0.0, 0.0, 0.0, 0.0, 0.0, 0.0, 0.0, 0.0, 0.0, 0.0, 0.0, 0.0, 0.0, 0.0, 0.0, 0.0, 0.0, 0.0, 0.0, 0.0, 0.0, 0.0, 0.0, 0.0, 0.0, 0.0, 0.0, 0.0, 0.0, 0.0, 0.0, 0.0, 0.0, 0.0, 0.0, 0.0, 0.0, 0.0, 0.0, 0.0, 0.0, 0.0, 0.0, 0.0, 0.0, 0.0, 0.0, 0.0, 0.0, 0.0, 0.0, 0.0, 0.0, 0.0, 0.0, 0.0, 0.0, 0.0, 0.0, 0.0, 0.0, 0.0, 0.0, 0.0, 0.0, 0.0, 0.0, 0.0, 0.0, 0.0, 0.0, 0.0, 0.0, 0.0, 0.0, 0.0, 0.0, 0.0, 0.0, 0.0, 0.0, 0.0, 0.0, 0.0, 0.0, 0.0, 0.0, 0.0, 0.0, 0.0, 0.0, 0.0, 0.0, 0.0, 0.0, 0.0, 0.0, 0.0, 0.0, 0.0, 0.0, 0.0, 0.0, 0.0, 0.0, 0.0, 0.0, 0.0, 0.0, 0.0, 0.0, 0.0, 0.0, 0.0, 0.0, 0.0, 0.0, 0.0, 0.0, 0.0, 0.0, 0.0, 0.0, 0.0, 0.0, 0.0, 0.0, 0.0, 0.0, 0.0, 0.0, 0.0, 0.0, 0.0, 0.0, 0.0, 0.0, 0.0, 0.0, 0.0, 0.0, 0.0, 0.0, 0.0, 0.0, 0.0, 0.0, 0.0, 0.0, 0.0, 0.0, 0.0, 0.0, 0.0, 0.0, 0.0, 0.0, 0.0, 0.0, 0.0, 0.0, 0.0, 0.0, 0.0, 0.0, 0.0, 0.0, 0.0, 0.0, 0.0, 0.0, 0.0, 0.0, 0.0, 0.0, 0.0, 0.0, 0.0, 0.0, 0.0, 0.0, 0.0, 0.0, 0.0, 0.0, 0.0, 0.0, 0.0, 0.0, 0.0, 0.0, 0.0, 0.0, 0.0, 0.0, 0.0, 0.0, 0.0, 0.0, 0.0, 0.0, 0.0, 0.0, 0.0, 0.0, 0.0, 0.0, 0.0, 0.0, 0.0, 0.0, 0.0, 0.0, 0.0, 0.0, 0.0, 0.0, 0.0, 0.0, 0.0, 0.0, 0.0, 0.0, 0.0, 0.0, 0.0, 0.0, 0.0, 0.0, 0.0, 0.0, 0.0, 0.0, 0.0, 0.0, 0.0, 0.0, 0.0, 0.0, 0.0, 0.0, 0.0]
cong_K= Any[2, 2, 2, 2, 2, 2, 2, 2, 2, 2, 2, 2, 2, 2, 2, 2, 2, 2, 2, 2, 2, 2, 2, 2, 2, 2, 2, 2, 2, 2, 2, 2] 
obj_k= Any[360258, 354580, 349529, 344916, 342076, 340200, 335282, 332005, 328929, 326266, 325843, 325395, 325208, 324921, 323057, 322909, 321309, 320014, 319093, 319083, 318584, 318209, 317925, 317032, 316790, 315358, 315296, 315223, 314119, 313387, 312930, 312828] 
iter_obj = Any[1, 2, 3, 4, 5, 6, 7, 9, 12, 15, 16, 20, 25, 28, 35, 40, 42, 44, 47, 52, 59, 78, 80, 89, 91, 92, 93, 123, 125, 151, 161, 164] 
avgClusterDiam = 2721.866666666667 
maxClusterDiam = 3775.0 
clusterDiamete = [2695.0; 2756.0; 3775.0; 2527.0; 2223.0; 2739.0; 2779.0; 3495.0; 2263.0; 3579.0; 3402.0; 3319.0; 1904.0; 1823.0; 1549.0]   
C = [0, 0, 0, 0, 0, 0, 0, 0, 0, 0, 1, 0, 0, 0, 0, 0, 0, 0, 0, 0, 1, 0, 0, 0, 0, 0, 0, 0, 0, 0, 0, 0, 0, 0, 0, 0, 0, 0, 0, 0, 0, 0, 0, 0, 0, 0, 0, 0, 0, 0, 0, 0, 0, 0, 0, 0, 0, 0, 0, 0, 0, 0, 0, 0, 0, 1, 0, 0, 0, 0, 0, 0, 0, 0, 0, 0, 0, 0, 0, 0, 0, 0, 0, 0, 0, 0, 1, 0, 0, 0, 0, 0, 0, 0, 0, 0, 0, 0, 0, 0, 0, 0, 0, 0, 0, 0, 0, 0, 0, 0, 0, 0, 0, 0, 0, 0, 0, 0, 0, 0, 0, 0, 0, 0, 0, 0, 0, 0, 0, 0, 0, 0, 0, 1, 0, 0, 0, 0, 0, 0, 0, 0, 0, 0, 0, 0, 0, 0, 0, 0, 0, 1, 0, 0, 0, 0, 0, 0, 0, 0, 0, 0, 0, 0, 0, 0, 0, 0, 0, 0, 0, 0, 0, 0, 0, 1, 0, 0, 0, 0, 0, 0, 0, 0, 0, 0, 0, 0, 0, 0, 0, 0, 0, 0, 0, 0, 0, 0, 0, 0, 0, 0, 0, 0, 0, 0, 0, 0, 0, 0, 0, 0, 0, 0, 0, 0, 0, 1, 0, 0, 1, 0, 0, 0, 0, 0, 0, 0, 0, 0, 0, 0, 0, 0, 0, 0, 0, 0, 0, 0, 0, 0, 0, 0, 0, 0, 0, 0, 0, 0, 0, 0, 0, 0, 0, 0, 0, 0, 0, 0, 0, 0, 0, 0, 0, 0, 0, 0, 0, 0, 0, 0, 0, 0, 0, 0, 0, 0, 0, 0, 0, 0, 0, 0, 0, 0, 0, 0, 0, 0, 0, 0, 0, 0, 0, 0, 0, 0, 1, 0, 0, 0, 0, 0, 0, 0, 0, 0, 0, 0, 0, 0, 1, 0, 0, 0, 0, 0, 0, 0, 0, 0, 0, 0, 0, 0, 0, 0, 0, 0, 0, 0, 0, 0, 0, 0, 0, 0, 0, 0, 0, 0, 0, 0, 0, 0, 0, 0, 0, 0, 0, 0, 0, 0, 0, 0, 0, 0, 0, 1, 0, 0, 0, 0, 0, 0, 0, 0, 1, 0, 0, 0, 0, 0, 0, 0, 0, 0, 0, 0, 0, 0, 0, 0, 0, 0, 0, 0, 0, 0, 0, 0, 0, 0, 0, 0, 0, 0, 0, 0, 0, 0, 0, 0, 0, 0, 0, 0, 0, 0, 0, 0, 0, 1, 0, 0, 0, 0, 0, 0, 0, 0, 0, 0, 0, 0, 0, 1, 0, 0, 0, 0, 0, 0, 0, 0, 0, 0, 0, 0, 0, 0, 0, 0, 0, 0, 0, 0, 0, 0, 0, 0]
E = [11, 21, 11, 11, 11, 11, 21, 11, 11, 176, 11, 11, 21, 66, 21, 11, 11, 11, 11, 11, 21, 21, 21, 21, 11, 176, 11, 21, 176, 176, 176, 11, 152, 21, 21, 21, 21, 66, 134, 134, 87, 21, 87, 21, 21, 152, 152, 87, 21, 21, 152, 87, 66, 152, 87, 299, 66, 21, 299, 21, 152, 66, 152, 152, 176, 66, 66, 313, 152, 152, 152, 66, 66, 66, 66, 152, 66, 21, 66, 152, 152, 87, 152, 152, 11, 11, 87, 87, 87, 87, 87, 87, 87, 87, 87, 87, 87, 87, 176, 87, 87, 87, 11, 87, 87, 87, 87, 87, 87, 87, 11, 11, 11, 11, 11, 176, 11, 11, 11, 11, 11, 87, 134, 87, 134, 134, 134, 134, 134, 134, 134, 134, 134, 134, 134, 134, 134, 134, 134, 134, 134, 152, 134, 134, 134, 152, 134, 134, 134, 152, 134, 152, 152, 152, 152, 152, 299, 134, 134, 11, 152, 152, 134, 152, 152, 66, 66, 66, 66, 66, 66, 66, 66, 176, 152, 176, 66, 66, 152, 152, 66, 299, 11, 66, 66, 218, 66, 66, 66, 66, 66, 221, 221, 21, 218, 218, 221, 221, 218, 218, 218, 221, 221, 221, 218, 221, 218, 218, 221, 221, 218, 218, 221, 221, 221, 221, 66, 218, 221, 221, 221, 218, 218, 218, 218, 66, 221, 221, 221, 221, 218, 66, 221, 218, 221, 221, 221, 218, 21, 221, 221, 218, 221, 221, 218, 218, 21, 11, 21, 66, 218, 21, 21, 11, 11, 11, 11, 218, 11, 87, 21, 87, 11, 176, 176, 176, 176, 176, 176, 11, 176, 176, 176, 176, 176, 152, 152, 152, 299, 152, 299, 299, 299, 299, 66, 66, 66, 313, 313, 360, 299, 299, 299, 299, 299, 299, 299, 299, 299, 299, 299, 360, 313, 313, 313, 313, 313, 313, 313, 313, 313, 313, 313, 313, 313, 299, 299, 299, 299, 299, 299, 299, 299, 299, 299, 360, 313, 313, 313, 313, 313, 313, 313, 369, 369, 360, 360, 360, 360, 299, 360, 360, 360, 360, 369, 369, 369, 369, 313, 369, 313, 369, 369, 369, 369, 369, 360, 360, 360, 360, 369, 369, 369, 313, 369, 369, 369, 369, 369, 369, 369, 369, 360, 360, 360, 360, 360, 360, 414, 414, 369, 369, 369, 369, 369, 369, 369, 369, 369, 414, 414, 414, 414, 414, 414, 414, 414, 414, 360, 360, 360, 428, 360, 360, 360, 428, 428, 428, 428, 428, 428, 428, 414, 414, 414, 414, 369, 414, 414, 414, 414, 414, 414, 414, 414, 428, 428, 428, 428, 428, 428, 428, 414, 414, 414, 414, 414, 414, 414, 428, 428, 428, 428, 428, 428, 428, 21, 87, 66, 176, 221, 218]
