n° iter       = 600 
neighborhood_structure = [1] 
Prioridad     = 10 
balance       = 0.2 
Len_N         = 9 
N° clusters   = 15 
N° estaciones = 452 
N° mejoras    = 44
N° iter completadas  = 193
1° FO         = 360786.0
FO            = 311232
Centros       = [12, 22, 66, 87, 134, 152, 215, 218, 264, 299, 308, 353, 358, 415, 428]
Objs= Any[360786.0, 349805, 346223, 342574, 341499, 338738, 334265, 331138, 329355, 329355, 326319, 326319, 324875, 324728, 324728, 324728, 323545, 321013, 321013, 320365, 320365, 320365, 320365, 319905, 319905, 319905, 319905, 319905, 319810, 319661, 319661, 319661, 319628, 318756, 318401, 318401, 318401, 318401, 318334, 317970, 317970, 317657, 316576, 316576, 316576, 315977, 315807, 314815, 314815, 314326, 313937, 313937, 313937, 313760, 313760, 313760, 313760, 313760, 313760, 313403, 313403, 313403, 313403, 313403, 313357, 313357, 313254, 313254, 313254, 313254, 313254, 313254, 313133, 313133, 313133, 313133, 313133, 313133, 313133, 313133, 313133, 313133, 313133, 313133, 313133, 313133, 313133, 313133, 313133, 313133, 312902, 312902, 312902, 312902, 312902, 312841, 312841, 312841, 312389, 312389, 312389, 312389, 312389, 312389, 312389, 312389, 312349, 312349, 312349, 312349, 312349, 311935, 311935, 311935, 311935, 311935, 311935, 311935, 311935, 311935, 311666, 311666, 311666, 311666, 311630, 311630, 311630, 311630, 311630, 311630, 311630, 311630, 311630, 311630, 311630, 311630, 311630, 311630, 311630, 311630, 311630, 311630, 311630, 311630, 311630, 311630, 311630, 311630, 311630, 311630, 311630, 311630, 311630, 311630, 311630, 311630, 311630, 311630, 311630, 311630, 311630, 311630, 311630, 311630, 311630, 311630, 311630, 311597, 311597, 311597, 311597, 311410, 311410, 311410, 311410, 311410, 311410, 311232, 311232, 311232, 311232, 311232, 311232, 311232, 311232, 311232, 311232, 311232, 311232, 311232, 311232, 311232, 311232, 311232]
current_obj = [349805.0, 346223.0, 342574.0, 341499.0, 338738.0, 334265.0, 331138.0, 329355.0, 330152.0, 326319.0, 326982.0, 324875.0, 324728.0, 325175.0, 325513.0, 323545.0, 321013.0, 321862.0, 320365.0, 321573.0, 320664.0, 322314.0, 319905.0, 320194.0, 320183.0, 320508.0, 320431.0, 319810.0, 319661.0, 321636.0, 319960.0, 319628.0, 318756.0, 318401.0, 319171.0, 319789.0, 319409.0, 318334.0, 317970.0, 318037.0, 317657.0, 316576.0, 319635.0, 317235.0, 315977.0, 315807.0, 314815.0, 315619.0, 314326.0, 313937.0, 315116.0, 314934.0, 313760.0, 314080.0, 314826.0, 315468.0, 316157.0, 314383.0, 313403.0, 314766.0, 314144.0, 313573.0, 315667.0, 313357.0, 314297.0, 313254.0, 313795.0, 314300.0, 313962.0, 314029.0, 313321.0, 313133.0, 314040.0, 313515.0, 313361.0, 313195.0, 314034.0, 313604.0, 314350.0, 315137.0, 313515.0, 314273.0, 313361.0, 313789.0, 314518.0, 313561.0, 313158.0, 314834.0, 313398.0, 312902.0, 312918.0, 314286.0, 313067.0, 313120.0, 312841.0, 313182.0, 313257.0, 312389.0, 313898.0, 313868.0, 313495.0, 312966.0, 313157.0, 314754.0, 313417.0, 312349.0, 312718.0, 312825.0, 313838.0, 313871.0, 311935.0, 312153.0, 313335.0, 312265.0, 313179.0, 312680.0, 312758.0, 313265.0, 312499.0, 311666.0, 312695.0, 312081.0, 311803.0, 311630.0, 312008.0, 312182.0, 311992.0, 312298.0, 313008.0, 312415.0, 312964.0, 311972.0, 312800.0, 311992.0, 312122.0, 311972.0, 312828.0, 311846.0, 312456.0, 312441.0, 311682.0, 313051.0, 312456.0, 312818.0, 312953.0, 312818.0, 311666.0, 311677.0, 312140.0, 312008.0, 312447.0, 312298.0, 312754.0, 312060.0, 311861.0, 312227.0, 311814.0, 312441.0, 311677.0, 312283.0, 312122.0, 313858.0, 312102.0, 312385.0, 311796.0, 312695.0, 311597.0, 312654.0, 311908.0, 311682.0, 311410.0, 311457.0, 311871.0, 312653.0, 312547.0, 312939.0, 311232.0, 312134.0, 312225.0, 312402.0, 312049.0, 312610.0, 313624.0, 312797.0, 312106.0, 311398.0, 311662.0, 312297.0, 311784.0, 314379.0, 311647.0, 311268.0, 314191.0, 312959.0, 0.0, 0.0, 0.0, 0.0, 0.0, 0.0, 0.0, 0.0, 0.0, 0.0, 0.0, 0.0, 0.0, 0.0, 0.0, 0.0, 0.0, 0.0, 0.0, 0.0, 0.0, 0.0, 0.0, 0.0, 0.0, 0.0, 0.0, 0.0, 0.0, 0.0, 0.0, 0.0, 0.0, 0.0, 0.0, 0.0, 0.0, 0.0, 0.0, 0.0, 0.0, 0.0, 0.0, 0.0, 0.0, 0.0, 0.0, 0.0, 0.0, 0.0, 0.0, 0.0, 0.0, 0.0, 0.0, 0.0, 0.0, 0.0, 0.0, 0.0, 0.0, 0.0, 0.0, 0.0, 0.0, 0.0, 0.0, 0.0, 0.0, 0.0, 0.0, 0.0, 0.0, 0.0, 0.0, 0.0, 0.0, 0.0, 0.0, 0.0, 0.0, 0.0, 0.0, 0.0, 0.0, 0.0, 0.0, 0.0, 0.0, 0.0, 0.0, 0.0, 0.0, 0.0, 0.0, 0.0, 0.0, 0.0, 0.0, 0.0, 0.0, 0.0, 0.0, 0.0, 0.0, 0.0, 0.0, 0.0, 0.0, 0.0, 0.0, 0.0, 0.0, 0.0, 0.0, 0.0, 0.0, 0.0, 0.0, 0.0, 0.0, 0.0, 0.0, 0.0, 0.0, 0.0, 0.0, 0.0, 0.0, 0.0, 0.0, 0.0, 0.0, 0.0, 0.0, 0.0, 0.0, 0.0, 0.0, 0.0, 0.0, 0.0, 0.0, 0.0, 0.0, 0.0, 0.0, 0.0, 0.0, 0.0, 0.0, 0.0, 0.0, 0.0, 0.0, 0.0, 0.0, 0.0, 0.0, 0.0, 0.0, 0.0, 0.0, 0.0, 0.0, 0.0, 0.0, 0.0, 0.0, 0.0, 0.0, 0.0, 0.0, 0.0, 0.0, 0.0, 0.0, 0.0, 0.0, 0.0, 0.0, 0.0, 0.0, 0.0, 0.0, 0.0, 0.0, 0.0, 0.0, 0.0, 0.0, 0.0, 0.0, 0.0, 0.0, 0.0, 0.0, 0.0, 0.0, 0.0, 0.0, 0.0, 0.0, 0.0, 0.0, 0.0, 0.0, 0.0, 0.0, 0.0, 0.0, 0.0, 0.0, 0.0, 0.0, 0.0, 0.0, 0.0, 0.0, 0.0, 0.0, 0.0, 0.0, 0.0, 0.0, 0.0, 0.0, 0.0, 0.0, 0.0, 0.0, 0.0, 0.0, 0.0, 0.0, 0.0, 0.0, 0.0, 0.0, 0.0, 0.0, 0.0, 0.0, 0.0, 0.0, 0.0, 0.0, 0.0, 0.0, 0.0, 0.0, 0.0, 0.0, 0.0, 0.0, 0.0, 0.0, 0.0, 0.0, 0.0, 0.0, 0.0, 0.0, 0.0, 0.0, 0.0, 0.0, 0.0, 0.0, 0.0, 0.0, 0.0, 0.0, 0.0, 0.0, 0.0, 0.0, 0.0, 0.0, 0.0, 0.0, 0.0, 0.0, 0.0, 0.0, 0.0, 0.0, 0.0, 0.0, 0.0, 0.0, 0.0, 0.0, 0.0, 0.0, 0.0, 0.0, 0.0, 0.0, 0.0, 0.0, 0.0, 0.0, 0.0, 0.0, 0.0, 0.0, 0.0, 0.0, 0.0, 0.0, 0.0, 0.0, 0.0, 0.0, 0.0, 0.0, 0.0, 0.0, 0.0, 0.0, 0.0, 0.0, 0.0, 0.0, 0.0, 0.0, 0.0, 0.0, 0.0, 0.0, 0.0, 0.0, 0.0, 0.0, 0.0, 0.0, 0.0, 0.0, 0.0, 0.0, 0.0, 0.0, 0.0, 0.0, 0.0, 0.0, 0.0, 0.0, 0.0, 0.0, 0.0, 0.0, 0.0, 0.0, 0.0, 0.0, 0.0, 0.0, 0.0, 0.0, 0.0, 0.0, 0.0, 0.0, 0.0, 0.0, 0.0, 0.0, 0.0, 0.0, 0.0, 0.0, 0.0, 0.0, 0.0, 0.0, 0.0, 0.0, 0.0, 0.0, 0.0, 0.0, 0.0, 0.0, 0.0, 0.0, 0.0, 0.0, 0.0, 0.0, 0.0, 0.0, 0.0, 0.0, 0.0, 0.0, 0.0, 0.0, 0.0, 0.0, 0.0, 0.0, 0.0, 0.0, 0.0]
cong_K= Any[1, 1, 1, 1, 1, 1, 1, 1, 1, 1, 1, 1, 1, 1, 1, 1, 1, 1, 1, 1, 1, 1, 1, 1, 1, 1, 1, 1, 1, 1, 1, 1, 1, 1, 1, 1, 1, 1, 1, 1, 1, 1, 1, 1] 
obj_k= Any[349805, 346223, 342574, 341499, 338738, 334265, 331138, 329355, 326319, 324875, 324728, 323545, 321013, 320365, 319905, 319810, 319661, 319628, 318756, 318401, 318334, 317970, 317657, 316576, 315977, 315807, 314815, 314326, 313937, 313760, 313403, 313357, 313254, 313133, 312902, 312841, 312389, 312349, 311935, 311666, 311630, 311597, 311410, 311232] 
iter_obj = Any[1, 2, 3, 4, 5, 6, 7, 8, 10, 12, 13, 16, 17, 19, 23, 28, 29, 32, 33, 34, 38, 39, 41, 42, 45, 46, 47, 49, 50, 53, 59, 64, 66, 72, 90, 95, 98, 106, 111, 120, 124, 167, 171, 177] 
avgClusterDiam = 2682.6666666666665 
maxClusterDiam = 3775.0 
clusterDiamete = [3025.0; 1995.0; 3775.0; 2191.0; 2739.0; 2885.0; 2263.0; 3191.0; 2892.0; 3579.0; 2691.0; 2317.0; 3319.0; 1829.0; 1549.0]   
C = [0, 0, 0, 0, 0, 0, 0, 0, 0, 0, 0, 1, 0, 0, 0, 0, 0, 0, 0, 0, 0, 1, 0, 0, 0, 0, 0, 0, 0, 0, 0, 0, 0, 0, 0, 0, 0, 0, 0, 0, 0, 0, 0, 0, 0, 0, 0, 0, 0, 0, 0, 0, 0, 0, 0, 0, 0, 0, 0, 0, 0, 0, 0, 0, 0, 1, 0, 0, 0, 0, 0, 0, 0, 0, 0, 0, 0, 0, 0, 0, 0, 0, 0, 0, 0, 0, 1, 0, 0, 0, 0, 0, 0, 0, 0, 0, 0, 0, 0, 0, 0, 0, 0, 0, 0, 0, 0, 0, 0, 0, 0, 0, 0, 0, 0, 0, 0, 0, 0, 0, 0, 0, 0, 0, 0, 0, 0, 0, 0, 0, 0, 0, 0, 1, 0, 0, 0, 0, 0, 0, 0, 0, 0, 0, 0, 0, 0, 0, 0, 0, 0, 1, 0, 0, 0, 0, 0, 0, 0, 0, 0, 0, 0, 0, 0, 0, 0, 0, 0, 0, 0, 0, 0, 0, 0, 0, 0, 0, 0, 0, 0, 0, 0, 0, 0, 0, 0, 0, 0, 0, 0, 0, 0, 0, 0, 0, 0, 0, 0, 0, 0, 0, 0, 0, 0, 0, 0, 0, 0, 0, 0, 0, 0, 0, 1, 0, 0, 1, 0, 0, 0, 0, 0, 0, 0, 0, 0, 0, 0, 0, 0, 0, 0, 0, 0, 0, 0, 0, 0, 0, 0, 0, 0, 0, 0, 0, 0, 0, 0, 0, 0, 0, 0, 0, 0, 0, 0, 0, 0, 0, 0, 0, 0, 1, 0, 0, 0, 0, 0, 0, 0, 0, 0, 0, 0, 0, 0, 0, 0, 0, 0, 0, 0, 0, 0, 0, 0, 0, 0, 0, 0, 0, 0, 0, 0, 0, 0, 0, 1, 0, 0, 0, 0, 0, 0, 0, 0, 1, 0, 0, 0, 0, 0, 0, 0, 0, 0, 0, 0, 0, 0, 0, 0, 0, 0, 0, 0, 0, 0, 0, 0, 0, 0, 0, 0, 0, 0, 0, 0, 0, 0, 0, 0, 0, 0, 0, 0, 0, 0, 0, 0, 0, 1, 0, 0, 0, 0, 1, 0, 0, 0, 0, 0, 0, 0, 0, 0, 0, 0, 0, 0, 0, 0, 0, 0, 0, 0, 0, 0, 0, 0, 0, 0, 0, 0, 0, 0, 0, 0, 0, 0, 0, 0, 0, 0, 0, 0, 0, 0, 0, 0, 0, 0, 0, 0, 0, 0, 0, 0, 0, 0, 0, 0, 0, 1, 0, 0, 0, 0, 0, 0, 0, 0, 0, 0, 0, 0, 1, 0, 0, 0, 0, 0, 0, 0, 0, 0, 0, 0, 0, 0, 0, 0, 0, 0, 0, 0, 0, 0, 0, 0, 0]
E = [12, 22, 12, 12, 12, 12, 22, 12, 12, 264, 12, 12, 66, 66, 22, 22, 12, 12, 12, 12, 22, 22, 22, 22, 22, 264, 12, 22, 264, 264, 264, 22, 134, 22, 22, 22, 22, 152, 134, 22, 87, 22, 87, 22, 22, 152, 152, 87, 22, 66, 152, 87, 66, 66, 264, 299, 66, 22, 299, 22, 152, 66, 152, 152, 264, 66, 66, 66, 152, 152, 152, 66, 66, 308, 66, 152, 66, 66, 66, 152, 152, 87, 152, 152, 12, 12, 87, 87, 87, 87, 87, 87, 87, 87, 87, 87, 87, 87, 264, 87, 87, 87, 12, 87, 87, 87, 87, 87, 87, 87, 12, 12, 12, 12, 12, 264, 12, 12, 12, 134, 134, 87, 134, 134, 134, 134, 134, 134, 134, 134, 134, 134, 134, 134, 134, 134, 134, 134, 134, 134, 134, 152, 134, 134, 134, 152, 134, 134, 134, 152, 152, 152, 152, 152, 134, 152, 299, 134, 134, 12, 152, 152, 134, 152, 152, 66, 66, 66, 66, 66, 66, 66, 66, 12, 152, 264, 66, 66, 152, 152, 66, 299, 12, 66, 66, 218, 66, 66, 218, 66, 66, 0, 215, 22, 218, 218, 215, 215, 0, 218, 218, 215, 215, 215, 218, 215, 218, 218, 215, 215, 218, 218, 215, 215, 215, 215, 66, 218, 215, 215, 215, 218, 218, 218, 218, 66, 215, 215, 215, 215, 218, 66, 215, 218, 215, 215, 215, 215, 0, 215, 215, 215, 215, 215, 218, 218, 12, 12, 22, 66, 0, 22, 22, 12, 12, 12, 12, 218, 264, 87, 22, 87, 12, 264, 264, 264, 264, 264, 264, 264, 264, 264, 264, 264, 264, 299, 152, 152, 299, 134, 152, 299, 299, 308, 308, 66, 66, 308, 308, 358, 299, 299, 299, 299, 299, 299, 299, 299, 299, 299, 299, 358, 308, 308, 308, 308, 308, 308, 308, 308, 308, 308, 308, 308, 353, 299, 299, 299, 299, 299, 299, 299, 299, 299, 299, 358, 308, 308, 308, 308, 308, 353, 308, 353, 353, 358, 358, 358, 299, 299, 358, 358, 358, 358, 353, 353, 353, 353, 353, 353, 353, 353, 353, 353, 353, 358, 358, 358, 358, 358, 353, 353, 353, 353, 353, 353, 353, 353, 353, 353, 415, 358, 358, 358, 358, 358, 358, 415, 415, 415, 415, 415, 353, 353, 353, 353, 415, 415, 415, 415, 415, 415, 415, 415, 415, 415, 358, 415, 358, 358, 358, 428, 358, 358, 358, 428, 428, 428, 428, 428, 428, 428, 415, 415, 415, 415, 353, 415, 415, 415, 415, 415, 415, 415, 428, 428, 428, 428, 428, 428, 428, 428, 415, 415, 415, 415, 415, 415, 415, 428, 428, 428, 428, 428, 428, 428, 22, 87, 66, 264, 218, 218]
