n° iter       = 600 
neighborhood_structure = [3] 
Prioridad     = 10 
balance       = 0.2 
Len_N         = 9 
N° clusters   = 15 
N° estaciones = 452 
N° mejoras    = 16
N° iter completadas  = 165
1° FO         = 379867.0
FO            = 320113
Centros       = [19, 71, 87, 143, 190, 218, 221, 261, 264, 292, 314, 344, 369, 410, 414]
Objs= Any[379867.0, 365861, 365861, 365861, 357306, 351741, 347621, 340568, 332515, 332515, 332515, 327941, 327941, 327941, 327941, 327941, 327941, 327011, 325630, 325630, 325630, 325630, 325630, 325630, 325630, 325255, 325255, 325255, 325255, 325255, 325255, 325255, 325255, 325255, 325255, 325255, 325255, 325255, 325255, 325255, 324950, 324950, 324950, 324950, 324635, 323609, 323609, 323609, 323609, 323609, 323609, 323609, 323609, 323609, 323609, 323609, 323609, 323609, 323609, 323609, 323609, 323609, 323609, 323609, 323609, 323609, 323609, 323609, 323609, 323609, 323609, 323609, 323609, 323609, 323609, 323609, 323609, 323609, 323609, 323609, 323609, 323609, 323609, 323609, 323609, 323609, 323609, 323609, 323609, 323609, 323609, 323609, 323609, 323609, 322524, 322524, 322524, 322524, 322524, 322524, 320276, 320276, 320276, 320276, 320276, 320276, 320276, 320276, 320276, 320276, 320276, 320276, 320276, 320276, 320276, 320276, 320276, 320276, 320276, 320276, 320276, 320276, 320276, 320276, 320276, 320276, 320276, 320276, 320276, 320276, 320276, 320276, 320276, 320276, 320276, 320276, 320276, 320276, 320276, 320276, 320276, 320276, 320276, 320276, 320276, 320276, 320276, 320276, 320276, 320276, 320276, 320276, 320276, 320276, 320276, 320276, 320276, 320276, 320276, 320276, 320276, 320276, 320113, 320113, 320113, 320113]
current_obj = [365861.0, 369154.0, 366482.0, 357306.0, 351741.0, 347621.0, 340568.0, 332515.0, 337418.0, 333407.0, 327941.0, 332325.0, 330648.0, 332985.0, 328885.0, 330424.0, 327011.0, 325630.0, 332271.0, 326799.0, 327280.0, 326702.0, 326701.0, 329370.0, 325255.0, 332341.0, 329547.0, 328684.0, 327997.0, 328285.0, 330221.0, 331120.0, 326312.0, 327378.0, 329055.0, 327605.0, 329301.0, 328146.0, 329610.0, 324950.0, 326917.0, 326056.0, 325839.0, 324635.0, 323609.0, 327601.0, 326373.0, 326836.0, 325423.0, 324454.0, 328062.0, 328979.0, 328126.0, 324479.0, 326930.0, 327538.0, 326878.0, 324323.0, 325088.0, 327065.0, 328408.0, 324987.0, 325584.0, 324683.0, 327543.0, 329628.0, 326346.0, 327099.0, 330393.0, 325020.0, 326073.0, 324163.0, 325540.0, 327407.0, 329456.0, 328567.0, 327985.0, 328376.0, 326875.0, 327280.0, 327235.0, 332349.0, 325927.0, 330999.0, 328562.0, 323944.0, 324813.0, 323775.0, 325602.0, 327716.0, 327353.0, 327193.0, 325732.0, 322524.0, 324717.0, 324375.0, 327346.0, 324271.0, 329471.0, 320276.0, 323986.0, 324608.0, 323702.0, 323456.0, 325477.0, 328060.0, 325266.0, 322683.0, 322042.0, 327372.0, 324873.0, 324767.0, 324362.0, 323149.0, 327420.0, 326080.0, 322737.0, 324237.0, 323451.0, 321498.0, 322208.0, 322277.0, 321340.0, 325541.0, 323873.0, 321179.0, 323966.0, 325145.0, 328823.0, 327682.0, 324683.0, 321437.0, 321185.0, 325686.0, 321828.0, 327511.0, 328168.0, 324118.0, 326789.0, 322704.0, 322954.0, 331320.0, 323173.0, 323389.0, 325902.0, 324061.0, 323373.0, 330064.0, 323102.0, 323418.0, 325028.0, 321631.0, 323966.0, 321147.0, 324040.0, 324446.0, 325005.0, 324205.0, 322436.0, 323040.0, 324299.0, 320113.0, 320592.0, 325532.0, 324997.0, 325914.0, 0.0, 0.0, 0.0, 0.0, 0.0, 0.0, 0.0, 0.0, 0.0, 0.0, 0.0, 0.0, 0.0, 0.0, 0.0, 0.0, 0.0, 0.0, 0.0, 0.0, 0.0, 0.0, 0.0, 0.0, 0.0, 0.0, 0.0, 0.0, 0.0, 0.0, 0.0, 0.0, 0.0, 0.0, 0.0, 0.0, 0.0, 0.0, 0.0, 0.0, 0.0, 0.0, 0.0, 0.0, 0.0, 0.0, 0.0, 0.0, 0.0, 0.0, 0.0, 0.0, 0.0, 0.0, 0.0, 0.0, 0.0, 0.0, 0.0, 0.0, 0.0, 0.0, 0.0, 0.0, 0.0, 0.0, 0.0, 0.0, 0.0, 0.0, 0.0, 0.0, 0.0, 0.0, 0.0, 0.0, 0.0, 0.0, 0.0, 0.0, 0.0, 0.0, 0.0, 0.0, 0.0, 0.0, 0.0, 0.0, 0.0, 0.0, 0.0, 0.0, 0.0, 0.0, 0.0, 0.0, 0.0, 0.0, 0.0, 0.0, 0.0, 0.0, 0.0, 0.0, 0.0, 0.0, 0.0, 0.0, 0.0, 0.0, 0.0, 0.0, 0.0, 0.0, 0.0, 0.0, 0.0, 0.0, 0.0, 0.0, 0.0, 0.0, 0.0, 0.0, 0.0, 0.0, 0.0, 0.0, 0.0, 0.0, 0.0, 0.0, 0.0, 0.0, 0.0, 0.0, 0.0, 0.0, 0.0, 0.0, 0.0, 0.0, 0.0, 0.0, 0.0, 0.0, 0.0, 0.0, 0.0, 0.0, 0.0, 0.0, 0.0, 0.0, 0.0, 0.0, 0.0, 0.0, 0.0, 0.0, 0.0, 0.0, 0.0, 0.0, 0.0, 0.0, 0.0, 0.0, 0.0, 0.0, 0.0, 0.0, 0.0, 0.0, 0.0, 0.0, 0.0, 0.0, 0.0, 0.0, 0.0, 0.0, 0.0, 0.0, 0.0, 0.0, 0.0, 0.0, 0.0, 0.0, 0.0, 0.0, 0.0, 0.0, 0.0, 0.0, 0.0, 0.0, 0.0, 0.0, 0.0, 0.0, 0.0, 0.0, 0.0, 0.0, 0.0, 0.0, 0.0, 0.0, 0.0, 0.0, 0.0, 0.0, 0.0, 0.0, 0.0, 0.0, 0.0, 0.0, 0.0, 0.0, 0.0, 0.0, 0.0, 0.0, 0.0, 0.0, 0.0, 0.0, 0.0, 0.0, 0.0, 0.0, 0.0, 0.0, 0.0, 0.0, 0.0, 0.0, 0.0, 0.0, 0.0, 0.0, 0.0, 0.0, 0.0, 0.0, 0.0, 0.0, 0.0, 0.0, 0.0, 0.0, 0.0, 0.0, 0.0, 0.0, 0.0, 0.0, 0.0, 0.0, 0.0, 0.0, 0.0, 0.0, 0.0, 0.0, 0.0, 0.0, 0.0, 0.0, 0.0, 0.0, 0.0, 0.0, 0.0, 0.0, 0.0, 0.0, 0.0, 0.0, 0.0, 0.0, 0.0, 0.0, 0.0, 0.0, 0.0, 0.0, 0.0, 0.0, 0.0, 0.0, 0.0, 0.0, 0.0, 0.0, 0.0, 0.0, 0.0, 0.0, 0.0, 0.0, 0.0, 0.0, 0.0, 0.0, 0.0, 0.0, 0.0, 0.0, 0.0, 0.0, 0.0, 0.0, 0.0, 0.0, 0.0, 0.0, 0.0, 0.0, 0.0, 0.0, 0.0, 0.0, 0.0, 0.0, 0.0, 0.0, 0.0, 0.0, 0.0, 0.0, 0.0, 0.0, 0.0, 0.0, 0.0, 0.0, 0.0, 0.0, 0.0, 0.0, 0.0, 0.0, 0.0, 0.0, 0.0, 0.0, 0.0, 0.0, 0.0, 0.0, 0.0, 0.0, 0.0, 0.0, 0.0, 0.0, 0.0, 0.0, 0.0, 0.0, 0.0, 0.0, 0.0, 0.0, 0.0, 0.0, 0.0, 0.0, 0.0, 0.0, 0.0, 0.0, 0.0, 0.0, 0.0, 0.0, 0.0, 0.0, 0.0, 0.0, 0.0, 0.0, 0.0, 0.0, 0.0, 0.0, 0.0, 0.0, 0.0, 0.0, 0.0, 0.0, 0.0, 0.0, 0.0, 0.0, 0.0, 0.0, 0.0, 0.0, 0.0, 0.0, 0.0, 0.0, 0.0, 0.0, 0.0, 0.0, 0.0, 0.0, 0.0, 0.0, 0.0, 0.0, 0.0, 0.0, 0.0, 0.0, 0.0, 0.0, 0.0, 0.0, 0.0, 0.0, 0.0, 0.0, 0.0, 0.0, 0.0, 0.0]
cong_K= Any[3, 3, 3, 3, 3, 3, 3, 3, 3, 3, 3, 3, 3, 3, 3, 3] 
obj_k= Any[365861, 357306, 351741, 347621, 340568, 332515, 327941, 327011, 325630, 325255, 324950, 324635, 323609, 322524, 320276, 320113] 
iter_obj = Any[1, 4, 5, 6, 7, 8, 11, 17, 18, 25, 40, 44, 45, 94, 100, 162] 
avgClusterDiam = 2736.266666666667 
maxClusterDiam = 4009.0 
clusterDiamete = [2695.0; 2259.0; 2527.0; 2739.0; 3862.0; 3495.0; 2263.0; 4009.0; 2779.0; 3579.0; 1860.0; 3319.0; 1904.0; 1647.0; 2107.0]   
C = [0, 0, 0, 0, 0, 0, 0, 0, 0, 0, 0, 0, 0, 0, 0, 0, 0, 0, 1, 0, 0, 0, 0, 0, 0, 0, 0, 0, 0, 0, 0, 0, 0, 0, 0, 0, 0, 0, 0, 0, 0, 0, 0, 0, 0, 0, 0, 0, 0, 0, 0, 0, 0, 0, 0, 0, 0, 0, 0, 0, 0, 0, 0, 0, 0, 0, 0, 0, 0, 0, 1, 0, 0, 0, 0, 0, 0, 0, 0, 0, 0, 0, 0, 0, 0, 0, 1, 0, 0, 0, 0, 0, 0, 0, 0, 0, 0, 0, 0, 0, 0, 0, 0, 0, 0, 0, 0, 0, 0, 0, 0, 0, 0, 0, 0, 0, 0, 0, 0, 0, 0, 0, 0, 0, 0, 0, 0, 0, 0, 0, 0, 0, 0, 0, 0, 0, 0, 0, 0, 0, 0, 0, 1, 0, 0, 0, 0, 0, 0, 0, 0, 0, 0, 0, 0, 0, 0, 0, 0, 0, 0, 0, 0, 0, 0, 0, 0, 0, 0, 0, 0, 0, 0, 0, 0, 0, 0, 0, 0, 0, 0, 0, 0, 0, 0, 0, 0, 0, 0, 1, 0, 0, 0, 0, 0, 0, 0, 0, 0, 0, 0, 0, 0, 0, 0, 0, 0, 0, 0, 0, 0, 0, 0, 0, 0, 0, 0, 1, 0, 0, 1, 0, 0, 0, 0, 0, 0, 0, 0, 0, 0, 0, 0, 0, 0, 0, 0, 0, 0, 0, 0, 0, 0, 0, 0, 0, 0, 0, 0, 0, 0, 0, 0, 0, 0, 0, 0, 0, 0, 0, 1, 0, 0, 1, 0, 0, 0, 0, 0, 0, 0, 0, 0, 0, 0, 0, 0, 0, 0, 0, 0, 0, 0, 0, 0, 0, 0, 0, 0, 0, 0, 1, 0, 0, 0, 0, 0, 0, 0, 0, 0, 0, 0, 0, 0, 0, 0, 0, 0, 0, 0, 0, 0, 1, 0, 0, 0, 0, 0, 0, 0, 0, 0, 0, 0, 0, 0, 0, 0, 0, 0, 0, 0, 0, 0, 0, 0, 0, 0, 0, 0, 0, 0, 1, 0, 0, 0, 0, 0, 0, 0, 0, 0, 0, 0, 0, 0, 0, 0, 0, 0, 0, 0, 0, 0, 0, 0, 0, 1, 0, 0, 0, 0, 0, 0, 0, 0, 0, 0, 0, 0, 0, 0, 0, 0, 0, 0, 0, 0, 0, 0, 0, 0, 0, 0, 0, 0, 0, 0, 0, 0, 0, 0, 0, 0, 0, 0, 0, 0, 1, 0, 0, 0, 1, 0, 0, 0, 0, 0, 0, 0, 0, 0, 0, 0, 0, 0, 0, 0, 0, 0, 0, 0, 0, 0, 0, 0, 0, 0, 0, 0, 0, 0, 0, 0, 0, 0, 0, 0, 0, 0, 0]
E = [19, 261, 19, 19, 19, 19, 261, 19, 19, 264, 19, 19, 261, 190, 261, 19, 19, 19, 19, 19, 261, 261, 261, 261, 19, 264, 19, 261, 264, 264, 264, 19, 143, 261, 261, 261, 261, 190, 19, 19, 87, 261, 87, 261, 261, 71, 71, 87, 261, 71, 71, 87, 261, 71, 87, 292, 71, 71, 292, 261, 71, 71, 71, 71, 264, 190, 71, 190, 71, 71, 71, 190, 71, 292, 71, 71, 190, 261, 71, 71, 71, 87, 71, 71, 19, 19, 87, 87, 87, 87, 87, 87, 87, 87, 87, 87, 87, 87, 264, 87, 87, 87, 261, 87, 87, 87, 87, 87, 87, 87, 19, 19, 19, 19, 19, 264, 19, 19, 19, 19, 19, 87, 19, 87, 19, 143, 19, 143, 143, 143, 143, 143, 143, 143, 143, 143, 143, 143, 143, 143, 143, 143, 143, 143, 143, 71, 143, 143, 143, 71, 143, 71, 71, 261, 143, 143, 292, 143, 143, 19, 71, 71, 143, 71, 143, 190, 190, 71, 71, 190, 71, 190, 71, 264, 71, 264, 190, 190, 71, 71, 71, 292, 19, 190, 190, 218, 190, 190, 190, 190, 190, 221, 221, 261, 218, 218, 221, 221, 218, 218, 218, 221, 221, 221, 218, 221, 218, 218, 221, 221, 218, 218, 221, 221, 221, 221, 261, 218, 221, 221, 221, 218, 218, 218, 218, 190, 221, 221, 221, 221, 218, 261, 221, 218, 221, 221, 221, 218, 261, 221, 221, 218, 221, 221, 218, 218, 261, 19, 261, 190, 218, 190, 261, 19, 19, 19, 19, 218, 19, 87, 261, 87, 19, 264, 264, 264, 264, 264, 264, 19, 264, 264, 264, 264, 264, 143, 143, 292, 292, 143, 292, 292, 292, 292, 190, 190, 190, 190, 314, 344, 292, 292, 292, 292, 292, 292, 292, 292, 292, 292, 314, 344, 314, 314, 314, 314, 314, 314, 314, 314, 314, 314, 314, 314, 314, 314, 292, 292, 292, 292, 344, 344, 344, 344, 314, 344, 314, 314, 314, 314, 314, 314, 314, 369, 369, 344, 344, 344, 344, 292, 344, 344, 344, 344, 369, 369, 369, 314, 314, 314, 314, 314, 369, 369, 369, 369, 344, 344, 344, 344, 369, 369, 369, 369, 369, 369, 369, 369, 369, 369, 369, 369, 344, 344, 344, 344, 344, 414, 414, 414, 369, 369, 369, 369, 369, 369, 369, 414, 369, 369, 414, 414, 414, 414, 414, 414, 414, 414, 414, 414, 410, 410, 410, 344, 344, 414, 410, 410, 410, 410, 410, 410, 414, 414, 414, 414, 369, 414, 414, 414, 414, 414, 414, 414, 414, 410, 410, 410, 410, 410, 410, 410, 414, 414, 414, 414, 414, 414, 414, 414, 410, 410, 410, 410, 410, 410, 261, 87, 71, 264, 221, 218]
