n° iter       = 600 
neighborhood_structure = [1] 
Prioridad     = 10 
balance       = 0.2 
Len_N         = 3 
N° clusters   = 15 
N° estaciones = 452 
N° mejoras    = 38
N° iter completadas  = 187
1° FO         = 389676.0
FO            = 319716
Centros       = [5, 50, 72, 87, 119, 145, 215, 218, 256, 293, 309, 360, 368, 413, 428]
Objs= Any[389676.0, 383180, 383180, 371998, 364398, 358049, 357062, 353835, 352892, 348047, 345848, 345401, 345401, 345401, 342350, 337840, 337840, 337840, 336547, 336547, 335006, 334862, 334267, 334267, 334105, 334105, 332442, 332442, 332442, 332442, 332442, 332442, 331900, 331500, 331104, 329441, 329441, 329441, 329441, 329369, 329369, 329369, 329369, 329369, 329369, 329369, 328940, 328940, 327666, 326564, 326564, 326491, 326491, 326491, 326491, 326491, 326491, 326491, 326297, 326297, 326297, 326297, 326297, 326297, 326297, 326297, 326297, 326297, 326297, 326297, 326297, 326297, 326297, 326297, 326297, 326297, 326297, 326297, 326297, 326297, 326297, 326297, 326297, 326297, 326297, 326297, 326297, 326297, 326297, 326297, 326297, 326297, 326297, 326297, 326297, 326297, 324181, 324181, 324181, 324181, 324181, 324181, 324181, 324181, 324181, 324181, 324181, 324181, 324181, 324181, 324181, 324181, 324181, 324181, 324181, 324181, 323479, 323479, 323479, 323479, 323479, 323479, 323479, 323479, 323479, 323479, 323479, 323479, 323479, 323479, 323479, 323479, 323479, 323479, 322539, 322539, 322539, 322539, 322539, 322539, 322539, 322539, 322539, 322539, 322539, 322539, 321873, 320725, 320725, 320725, 320725, 320725, 320725, 320725, 320530, 320530, 320530, 320530, 320530, 320371, 320371, 320080, 320080, 320080, 320080, 320080, 320080, 320080, 320080, 320080, 320080, 320080, 320080, 320080, 319914, 319914, 319914, 319914, 319716, 319716, 319716, 319716, 319716, 319716, 319716, 319716, 319716, 319716]
current_obj = [383180.0, 385285.0, 371998.0, 364398.0, 358049.0, 357062.0, 353835.0, 352892.0, 348047.0, 345848.0, 345401.0, 349026.0, 347225.0, 342350.0, 337840.0, 339311.0, 343565.0, 336547.0, 338238.0, 335006.0, 334862.0, 334267.0, 337119.0, 334105.0, 335609.0, 332442.0, 334681.0, 336931.0, 334597.0, 335110.0, 333670.0, 331900.0, 331500.0, 331104.0, 329441.0, 330966.0, 331603.0, 330829.0, 329369.0, 329636.0, 330213.0, 332398.0, 331992.0, 333355.0, 332771.0, 328940.0, 329241.0, 327666.0, 326564.0, 331087.0, 326491.0, 332448.0, 329065.0, 328932.0, 327285.0, 326998.0, 329065.0, 326297.0, 328751.0, 326981.0, 326297.0, 331003.0, 327164.0, 327590.0, 326882.0, 332313.0, 326594.0, 329773.0, 327037.0, 326617.0, 332478.0, 328221.0, 333748.0, 326854.0, 328123.0, 326899.0, 329470.0, 330927.0, 327141.0, 326913.0, 326380.0, 328135.0, 332322.0, 327141.0, 326491.0, 330070.0, 329298.0, 330786.0, 331217.0, 327282.0, 326495.0, 328462.0, 329470.0, 326297.0, 326639.0, 324181.0, 324248.0, 326945.0, 326689.0, 324249.0, 324362.0, 326548.0, 327481.0, 325906.0, 328022.0, 324656.0, 324739.0, 327170.0, 327735.0, 324368.0, 330695.0, 326344.0, 326007.0, 329872.0, 325904.0, 323479.0, 326779.0, 326189.0, 323479.0, 323676.0, 327669.0, 325204.0, 325795.0, 325699.0, 326233.0, 327901.0, 324186.0, 324091.0, 324880.0, 329227.0, 326189.0, 326710.0, 326174.0, 322539.0, 325563.0, 323075.0, 322997.0, 322874.0, 325770.0, 324693.0, 327922.0, 325035.0, 323189.0, 324716.0, 326157.0, 321873.0, 320725.0, 324384.0, 321870.0, 322809.0, 322415.0, 321435.0, 322785.0, 320530.0, 322051.0, 326406.0, 322163.0, 323692.0, 320371.0, 324045.0, 320080.0, 322839.0, 323758.0, 322284.0, 321785.0, 322692.0, 321010.0, 320765.0, 320125.0, 320518.0, 320350.0, 325104.0, 321828.0, 319914.0, 322838.0, 320133.0, 322113.0, 319716.0, 323571.0, 320623.0, 325571.0, 324060.0, 319858.0, 322264.0, 320935.0, 320462.0, 320045.0, 320842.0, 0.0, 0.0, 0.0, 0.0, 0.0, 0.0, 0.0, 0.0, 0.0, 0.0, 0.0, 0.0, 0.0, 0.0, 0.0, 0.0, 0.0, 0.0, 0.0, 0.0, 0.0, 0.0, 0.0, 0.0, 0.0, 0.0, 0.0, 0.0, 0.0, 0.0, 0.0, 0.0, 0.0, 0.0, 0.0, 0.0, 0.0, 0.0, 0.0, 0.0, 0.0, 0.0, 0.0, 0.0, 0.0, 0.0, 0.0, 0.0, 0.0, 0.0, 0.0, 0.0, 0.0, 0.0, 0.0, 0.0, 0.0, 0.0, 0.0, 0.0, 0.0, 0.0, 0.0, 0.0, 0.0, 0.0, 0.0, 0.0, 0.0, 0.0, 0.0, 0.0, 0.0, 0.0, 0.0, 0.0, 0.0, 0.0, 0.0, 0.0, 0.0, 0.0, 0.0, 0.0, 0.0, 0.0, 0.0, 0.0, 0.0, 0.0, 0.0, 0.0, 0.0, 0.0, 0.0, 0.0, 0.0, 0.0, 0.0, 0.0, 0.0, 0.0, 0.0, 0.0, 0.0, 0.0, 0.0, 0.0, 0.0, 0.0, 0.0, 0.0, 0.0, 0.0, 0.0, 0.0, 0.0, 0.0, 0.0, 0.0, 0.0, 0.0, 0.0, 0.0, 0.0, 0.0, 0.0, 0.0, 0.0, 0.0, 0.0, 0.0, 0.0, 0.0, 0.0, 0.0, 0.0, 0.0, 0.0, 0.0, 0.0, 0.0, 0.0, 0.0, 0.0, 0.0, 0.0, 0.0, 0.0, 0.0, 0.0, 0.0, 0.0, 0.0, 0.0, 0.0, 0.0, 0.0, 0.0, 0.0, 0.0, 0.0, 0.0, 0.0, 0.0, 0.0, 0.0, 0.0, 0.0, 0.0, 0.0, 0.0, 0.0, 0.0, 0.0, 0.0, 0.0, 0.0, 0.0, 0.0, 0.0, 0.0, 0.0, 0.0, 0.0, 0.0, 0.0, 0.0, 0.0, 0.0, 0.0, 0.0, 0.0, 0.0, 0.0, 0.0, 0.0, 0.0, 0.0, 0.0, 0.0, 0.0, 0.0, 0.0, 0.0, 0.0, 0.0, 0.0, 0.0, 0.0, 0.0, 0.0, 0.0, 0.0, 0.0, 0.0, 0.0, 0.0, 0.0, 0.0, 0.0, 0.0, 0.0, 0.0, 0.0, 0.0, 0.0, 0.0, 0.0, 0.0, 0.0, 0.0, 0.0, 0.0, 0.0, 0.0, 0.0, 0.0, 0.0, 0.0, 0.0, 0.0, 0.0, 0.0, 0.0, 0.0, 0.0, 0.0, 0.0, 0.0, 0.0, 0.0, 0.0, 0.0, 0.0, 0.0, 0.0, 0.0, 0.0, 0.0, 0.0, 0.0, 0.0, 0.0, 0.0, 0.0, 0.0, 0.0, 0.0, 0.0, 0.0, 0.0, 0.0, 0.0, 0.0, 0.0, 0.0, 0.0, 0.0, 0.0, 0.0, 0.0, 0.0, 0.0, 0.0, 0.0, 0.0, 0.0, 0.0, 0.0, 0.0, 0.0, 0.0, 0.0, 0.0, 0.0, 0.0, 0.0, 0.0, 0.0, 0.0, 0.0, 0.0, 0.0, 0.0, 0.0, 0.0, 0.0, 0.0, 0.0, 0.0, 0.0, 0.0, 0.0, 0.0, 0.0, 0.0, 0.0, 0.0, 0.0, 0.0, 0.0, 0.0, 0.0, 0.0, 0.0, 0.0, 0.0, 0.0, 0.0, 0.0, 0.0, 0.0, 0.0, 0.0, 0.0, 0.0, 0.0, 0.0, 0.0, 0.0, 0.0, 0.0, 0.0, 0.0, 0.0, 0.0, 0.0, 0.0, 0.0, 0.0, 0.0, 0.0, 0.0, 0.0, 0.0, 0.0, 0.0, 0.0, 0.0, 0.0, 0.0, 0.0, 0.0, 0.0, 0.0, 0.0, 0.0, 0.0, 0.0, 0.0, 0.0, 0.0, 0.0, 0.0, 0.0, 0.0, 0.0, 0.0, 0.0, 0.0, 0.0, 0.0, 0.0, 0.0, 0.0, 0.0, 0.0, 0.0, 0.0, 0.0, 0.0, 0.0, 0.0, 0.0, 0.0, 0.0, 0.0, 0.0, 0.0, 0.0, 0.0, 0.0, 0.0, 0.0, 0.0, 0.0, 0.0, 0.0, 0.0, 0.0, 0.0]
cong_K= Any[1, 1, 1, 1, 1, 1, 1, 1, 1, 1, 1, 1, 1, 1, 1, 1, 1, 1, 1, 1, 1, 1, 1, 1, 1, 1, 1, 1, 1, 1, 1, 1, 1, 1, 1, 1, 1, 1] 
obj_k= Any[383180, 371998, 364398, 358049, 357062, 353835, 352892, 348047, 345848, 345401, 342350, 337840, 336547, 335006, 334862, 334267, 334105, 332442, 331900, 331500, 331104, 329441, 329369, 328940, 327666, 326564, 326491, 326297, 324181, 323479, 322539, 321873, 320725, 320530, 320371, 320080, 319914, 319716] 
iter_obj = Any[1, 3, 4, 5, 6, 7, 8, 9, 10, 11, 14, 15, 18, 20, 21, 22, 24, 26, 32, 33, 34, 35, 39, 46, 48, 49, 51, 58, 96, 116, 134, 146, 147, 154, 159, 161, 174, 178] 
avgClusterDiam = 2538.4666666666667 
maxClusterDiam = 3579.0 
clusterDiamete = [2573.0; 2838.0; 3571.0; 2721.0; 1773.0; 2739.0; 2263.0; 3033.0; 2576.0; 3579.0; 1998.0; 3319.0; 2027.0; 1518.0; 1549.0]   
C = [0, 0, 0, 0, 1, 0, 0, 0, 0, 0, 0, 0, 0, 0, 0, 0, 0, 0, 0, 0, 0, 0, 0, 0, 0, 0, 0, 0, 0, 0, 0, 0, 0, 0, 0, 0, 0, 0, 0, 0, 0, 0, 0, 0, 0, 0, 0, 0, 0, 1, 0, 0, 0, 0, 0, 0, 0, 0, 0, 0, 0, 0, 0, 0, 0, 0, 0, 0, 0, 0, 0, 1, 0, 0, 0, 0, 0, 0, 0, 0, 0, 0, 0, 0, 0, 0, 1, 0, 0, 0, 0, 0, 0, 0, 0, 0, 0, 0, 0, 0, 0, 0, 0, 0, 0, 0, 0, 0, 0, 0, 0, 0, 0, 0, 0, 0, 0, 0, 1, 0, 0, 0, 0, 0, 0, 0, 0, 0, 0, 0, 0, 0, 0, 0, 0, 0, 0, 0, 0, 0, 0, 0, 0, 0, 1, 0, 0, 0, 0, 0, 0, 0, 0, 0, 0, 0, 0, 0, 0, 0, 0, 0, 0, 0, 0, 0, 0, 0, 0, 0, 0, 0, 0, 0, 0, 0, 0, 0, 0, 0, 0, 0, 0, 0, 0, 0, 0, 0, 0, 0, 0, 0, 0, 0, 0, 0, 0, 0, 0, 0, 0, 0, 0, 0, 0, 0, 0, 0, 0, 0, 0, 0, 0, 0, 1, 0, 0, 1, 0, 0, 0, 0, 0, 0, 0, 0, 0, 0, 0, 0, 0, 0, 0, 0, 0, 0, 0, 0, 0, 0, 0, 0, 0, 0, 0, 0, 0, 0, 0, 0, 0, 0, 0, 0, 0, 1, 0, 0, 0, 0, 0, 0, 0, 0, 0, 0, 0, 0, 0, 0, 0, 0, 0, 0, 0, 0, 0, 0, 0, 0, 0, 0, 0, 0, 0, 0, 0, 0, 0, 0, 0, 0, 1, 0, 0, 0, 0, 0, 0, 0, 0, 0, 0, 0, 0, 0, 0, 0, 1, 0, 0, 0, 0, 0, 0, 0, 0, 0, 0, 0, 0, 0, 0, 0, 0, 0, 0, 0, 0, 0, 0, 0, 0, 0, 0, 0, 0, 0, 0, 0, 0, 0, 0, 0, 0, 0, 0, 0, 0, 0, 0, 0, 0, 0, 0, 0, 0, 0, 0, 1, 0, 0, 0, 0, 0, 0, 0, 1, 0, 0, 0, 0, 0, 0, 0, 0, 0, 0, 0, 0, 0, 0, 0, 0, 0, 0, 0, 0, 0, 0, 0, 0, 0, 0, 0, 0, 0, 0, 0, 0, 0, 0, 0, 0, 0, 0, 0, 0, 0, 0, 0, 0, 1, 0, 0, 0, 0, 0, 0, 0, 0, 0, 0, 0, 0, 0, 0, 1, 0, 0, 0, 0, 0, 0, 0, 0, 0, 0, 0, 0, 0, 0, 0, 0, 0, 0, 0, 0, 0, 0, 0, 0]
E = [5, 5, 256, 5, 5, 5, 5, 119, 256, 256, 256, 256, 50, 72, 5, 5, 256, 5, 119, 119, 50, 5, 5, 5, 5, 256, 119, 50, 256, 256, 256, 50, 145, 5, 5, 50, 50, 72, 145, 5, 87, 50, 87, 50, 50, 72, 145, 87, 50, 50, 50, 87, 50, 50, 87, 293, 50, 50, 293, 50, 72, 50, 72, 145, 87, 72, 72, 72, 293, 50, 50, 72, 72, 293, 72, 50, 72, 72, 72, 72, 50, 87, 72, 50, 5, 5, 87, 87, 87, 87, 87, 87, 87, 87, 87, 87, 87, 119, 119, 87, 87, 87, 5, 87, 87, 87, 87, 119, 87, 87, 5, 119, 119, 119, 119, 119, 119, 119, 119, 119, 119, 87, 119, 119, 119, 145, 119, 119, 145, 119, 145, 119, 119, 145, 119, 145, 119, 145, 145, 145, 145, 145, 145, 145, 145, 145, 145, 145, 145, 145, 145, 145, 145, 50, 145, 145, 293, 145, 145, 5, 145, 145, 145, 293, 145, 72, 72, 72, 72, 72, 72, 72, 72, 256, 50, 256, 72, 72, 72, 50, 72, 293, 5, 72, 72, 218, 72, 72, 72, 72, 72, 218, 215, 50, 218, 218, 215, 215, 218, 218, 218, 215, 215, 215, 218, 215, 218, 218, 215, 215, 218, 218, 215, 215, 215, 215, 5, 218, 215, 215, 215, 218, 218, 218, 218, 72, 215, 215, 215, 215, 218, 72, 215, 218, 215, 215, 215, 215, 5, 215, 215, 215, 215, 215, 218, 218, 5, 5, 5, 72, 218, 5, 50, 256, 5, 256, 5, 218, 256, 87, 50, 87, 256, 256, 87, 256, 256, 87, 256, 256, 256, 256, 87, 256, 256, 145, 145, 293, 293, 145, 293, 293, 293, 309, 72, 72, 72, 309, 309, 360, 293, 293, 293, 293, 293, 293, 293, 293, 293, 293, 309, 360, 309, 309, 309, 309, 309, 309, 309, 309, 309, 309, 309, 309, 309, 309, 293, 293, 293, 293, 293, 293, 293, 293, 293, 360, 309, 309, 309, 309, 309, 309, 309, 368, 368, 360, 360, 360, 360, 293, 360, 360, 360, 360, 368, 368, 368, 368, 309, 368, 309, 309, 368, 368, 368, 360, 360, 360, 360, 360, 368, 368, 368, 368, 368, 368, 368, 368, 368, 368, 368, 368, 360, 360, 360, 360, 360, 360, 413, 413, 368, 368, 368, 368, 368, 368, 368, 368, 368, 413, 413, 413, 413, 413, 413, 413, 413, 413, 360, 360, 360, 428, 360, 360, 360, 428, 428, 428, 428, 428, 428, 428, 413, 413, 413, 413, 368, 368, 368, 413, 413, 413, 413, 413, 413, 428, 428, 428, 428, 428, 428, 428, 413, 413, 413, 413, 413, 413, 413, 428, 428, 428, 428, 428, 428, 428, 50, 87, 50, 256, 218, 218]
