n° iter       = 600 
neighborhood_structure = [2] 
Prioridad     = 10 
balance       = 0.2 
Len_N         = 9 
N° clusters   = 15 
N° estaciones = 452 
N° mejoras    = 28
N° iter completadas  = 600
1° FO         = 365770.0
FO            = 312070
Centros       = [19, 28, 66, 81, 87, 141, 211, 221, 275, 299, 309, 358, 362, 415, 427]
Objs= Any[365770.0, 361090, 351174, 345564, 340807, 339627, 335712, 333133, 329851, 329756, 329756, 323920, 323920, 323920, 323920, 323820, 323820, 323036, 323036, 323036, 321656, 320038, 318694, 318694, 318694, 317757, 317757, 317757, 317757, 317757, 317757, 317059, 317059, 317059, 317059, 317059, 317059, 317059, 317059, 317059, 317059, 317059, 317059, 317059, 317059, 317059, 317059, 317059, 317059, 317059, 317059, 317059, 317059, 317059, 317059, 316817, 316817, 316817, 316817, 316817, 316817, 316817, 316817, 316817, 316817, 316817, 316817, 316817, 316817, 316817, 316817, 316653, 316653, 316653, 316653, 316653, 316653, 316653, 316653, 316653, 316653, 316653, 316653, 316653, 316653, 316653, 316653, 316653, 316653, 316653, 316653, 316653, 316653, 316653, 316653, 316653, 316653, 316166, 316166, 316166, 316166, 316166, 316166, 316166, 316166, 316166, 316166, 316166, 316166, 316166, 316166, 316166, 316166, 316166, 316166, 316166, 316166, 316166, 316166, 316166, 316166, 316166, 316166, 316166, 316166, 316166, 316166, 316166, 316166, 316166, 316166, 316166, 316166, 316166, 316166, 316166, 316166, 316166, 316166, 316166, 316166, 316166, 316166, 316166, 316166, 316166, 316166, 316166, 316166, 316166, 316166, 316166, 316166, 316166, 316166, 316166, 316166, 316166, 316166, 316166, 316166, 316166, 316166, 316166, 316166, 316166, 316166, 316166, 316166, 316166, 316166, 316166, 316166, 316166, 316166, 316166, 316166, 316166, 316166, 316166, 316166, 316166, 316166, 316166, 316166, 316166, 316166, 316166, 316166, 316166, 316166, 316166, 316166, 316166, 316166, 316166, 316166, 316166, 316166, 316166, 316166, 316166, 316166, 316166, 316166, 316166, 316166, 316166, 316166, 316166, 316166, 316166, 316166, 316166, 316166, 316166, 316166, 316166, 316166, 316166, 316166, 316166, 316166, 316166, 316166, 315013, 315013, 315013, 315013, 315013, 315013, 315013, 315013, 315013, 315013, 315013, 315013, 315013, 315013, 315013, 315013, 315013, 315013, 315013, 315013, 315013, 315013, 315013, 315013, 315013, 315013, 315013, 315013, 315013, 315013, 315013, 315013, 315013, 315013, 315013, 315013, 315013, 315013, 315013, 315013, 315013, 315013, 315013, 315013, 315013, 315013, 315013, 315013, 315013, 315013, 315013, 315013, 315013, 315013, 315013, 315013, 315013, 315013, 315013, 315013, 315013, 315013, 315013, 315013, 315013, 315013, 315013, 315013, 315013, 315013, 315013, 315013, 315013, 315013, 315013, 315013, 315013, 314519, 314519, 314519, 314519, 314519, 314519, 314519, 314519, 314519, 314519, 314519, 314519, 314519, 314519, 314519, 314519, 314519, 314519, 314519, 314519, 314519, 314519, 314519, 314519, 314519, 314519, 314519, 314519, 314519, 314519, 314519, 314519, 314519, 314519, 314519, 314519, 314519, 314519, 314519, 314519, 314519, 314519, 314519, 314383, 314383, 314383, 314383, 314383, 314383, 314383, 314383, 314383, 314383, 314383, 314383, 314383, 314383, 314383, 314383, 314383, 314383, 314383, 314383, 314383, 314383, 314383, 314383, 314343, 314343, 314343, 314343, 314343, 314343, 314343, 314343, 314343, 314343, 314343, 314343, 314343, 314343, 314343, 314343, 314343, 314343, 314343, 314343, 314343, 314343, 314343, 314343, 314343, 314343, 314343, 314343, 314343, 314343, 314343, 314343, 314343, 314343, 314343, 314343, 313684, 313684, 313684, 313684, 313684, 313684, 313684, 313684, 313684, 313684, 313324, 313324, 313324, 313324, 313324, 313324, 313324, 313324, 313324, 313324, 313324, 313324, 313324, 313324, 313324, 313324, 313324, 313324, 313324, 313324, 313324, 313324, 313324, 313324, 313324, 313324, 313324, 313324, 313324, 313324, 313324, 313324, 313324, 313324, 312284, 312284, 312284, 312284, 312284, 312284, 312284, 312284, 312284, 312284, 312284, 312284, 312284, 312284, 312284, 312284, 312284, 312284, 312284, 312284, 312284, 312284, 312284, 312284, 312284, 312284, 312284, 312284, 312284, 312284, 312284, 312284, 312284, 312284, 312284, 312284, 312284, 312284, 312284, 312284, 312284, 312284, 312284, 312284, 312284, 312284, 312284, 312284, 312284, 312284, 312284, 312284, 312284, 312284, 312284, 312284, 312284, 312284, 312284, 312284, 312284, 312284, 312284, 312284, 312284, 312284, 312284, 312284, 312284, 312284, 312284, 312284, 312284, 312284, 312284, 312284, 312284, 312284, 312284, 312284, 312284, 312284, 312284, 312284, 312284, 312284, 312284, 312284, 312284, 312284, 312284, 312284, 312284, 312284, 312284, 312284, 312284, 312284, 312284, 312284, 312284, 312070, 312070, 312070, 312070, 312070, 312070, 312070, 312070, 312070, 312070, 312070, 312070, 312070, 312070, 312070, 312070, 312070, 312070, 312070, 312070, 312070, 312070, 312070, 312070, 312070, 312070, 312070, 312070, 312070, 312070, 312070, 312070, 312070, 312070, 312070, 312070, 312070, 312070, 312070, 312070, 312070, 312070, 312070, 312070, 312070, 312070, 312070, 312070, 312070, 312070]
current_obj = [361090.0, 351174.0, 345564.0, 340807.0, 339627.0, 335712.0, 333133.0, 329851.0, 329756.0, 331706.0, 323920.0, 325452.0, 324476.0, 325460.0, 323820.0, 328228.0, 323036.0, 325151.0, 323219.0, 321656.0, 320038.0, 318694.0, 320223.0, 320641.0, 317757.0, 318519.0, 320651.0, 320869.0, 320187.0, 321187.0, 317059.0, 320561.0, 318583.0, 321044.0, 318537.0, 318569.0, 317293.0, 317611.0, 318477.0, 320193.0, 318333.0, 318883.0, 319790.0, 317689.0, 324109.0, 319748.0, 320243.0, 321105.0, 322531.0, 319910.0, 322188.0, 318979.0, 319765.0, 321348.0, 316817.0, 318176.0, 319625.0, 318718.0, 317965.0, 322000.0, 318631.0, 317485.0, 318854.0, 319789.0, 317287.0, 319876.0, 320867.0, 318925.0, 318858.0, 318808.0, 316653.0, 319042.0, 316791.0, 317400.0, 319689.0, 319303.0, 317487.0, 319119.0, 318257.0, 319408.0, 318957.0, 319552.0, 319068.0, 319379.0, 319836.0, 321307.0, 316779.0, 318925.0, 318682.0, 318424.0, 318275.0, 320876.0, 318109.0, 318782.0, 320010.0, 321985.0, 316166.0, 319482.0, 319448.0, 318806.0, 318530.0, 316862.0, 322175.0, 317854.0, 318277.0, 317502.0, 320708.0, 319217.0, 322035.0, 321341.0, 318561.0, 319555.0, 319735.0, 320815.0, 318356.0, 319501.0, 318361.0, 318297.0, 318161.0, 321803.0, 317331.0, 318466.0, 317771.0, 319427.0, 320595.0, 317791.0, 322486.0, 317351.0, 318813.0, 321424.0, 318157.0, 318560.0, 319815.0, 318816.0, 318238.0, 317981.0, 317247.0, 319231.0, 318494.0, 319943.0, 321952.0, 319638.0, 316454.0, 317553.0, 318542.0, 319972.0, 321745.0, 317044.0, 316519.0, 318069.0, 319259.0, 318908.0, 317625.0, 321982.0, 318204.0, 320271.0, 319049.0, 318218.0, 323151.0, 318858.0, 318369.0, 316903.0, 322275.0, 317949.0, 318325.0, 317989.0, 317621.0, 318761.0, 318500.0, 322407.0, 317786.0, 317277.0, 316417.0, 319770.0, 318247.0, 320732.0, 318373.0, 318292.0, 320573.0, 316847.0, 317995.0, 321165.0, 316632.0, 319755.0, 319683.0, 317688.0, 320849.0, 316907.0, 320551.0, 320076.0, 317481.0, 318549.0, 320868.0, 316735.0, 319491.0, 316373.0, 320193.0, 321406.0, 317824.0, 317310.0, 320950.0, 318914.0, 319812.0, 317939.0, 316475.0, 317586.0, 319460.0, 318461.0, 317067.0, 318972.0, 318673.0, 317755.0, 317767.0, 320399.0, 318626.0, 319555.0, 317247.0, 319402.0, 318600.0, 317564.0, 320911.0, 318723.0, 318005.0, 320324.0, 315013.0, 316125.0, 318757.0, 316844.0, 317242.0, 319863.0, 316733.0, 316577.0, 321024.0, 317257.0, 318159.0, 320814.0, 318819.0, 315283.0, 316604.0, 318639.0, 319662.0, 316670.0, 316779.0, 317017.0, 316166.0, 316924.0, 316609.0, 319337.0, 317216.0, 316302.0, 315715.0, 318551.0, 316931.0, 316582.0, 318188.0, 319381.0, 318385.0, 316702.0, 321739.0, 317118.0, 318605.0, 317284.0, 318214.0, 320050.0, 318604.0, 317564.0, 318118.0, 316193.0, 319269.0, 320108.0, 319479.0, 318847.0, 316298.0, 315849.0, 318414.0, 316063.0, 317728.0, 319024.0, 317666.0, 317297.0, 323723.0, 318262.0, 315563.0, 318640.0, 318555.0, 316260.0, 316105.0, 317315.0, 317139.0, 316847.0, 317590.0, 318563.0, 320062.0, 321317.0, 315734.0, 316488.0, 319489.0, 319086.0, 318606.0, 316954.0, 317269.0, 314519.0, 318963.0, 317024.0, 320696.0, 315850.0, 316927.0, 315654.0, 315491.0, 316499.0, 317394.0, 318516.0, 319522.0, 317793.0, 316988.0, 316256.0, 316161.0, 319066.0, 317614.0, 318776.0, 315942.0, 317886.0, 316551.0, 317178.0, 315663.0, 317588.0, 319992.0, 315081.0, 318851.0, 325288.0, 316566.0, 315621.0, 317195.0, 317554.0, 318377.0, 317469.0, 315964.0, 316168.0, 318439.0, 317701.0, 318732.0, 317690.0, 318757.0, 315635.0, 314383.0, 316451.0, 319289.0, 319483.0, 317312.0, 316298.0, 318146.0, 317385.0, 318074.0, 315583.0, 316141.0, 319562.0, 318199.0, 318345.0, 317137.0, 316385.0, 317074.0, 318054.0, 316314.0, 318541.0, 315738.0, 315994.0, 315593.0, 317830.0, 314343.0, 315889.0, 317243.0, 317073.0, 314855.0, 316866.0, 315366.0, 315368.0, 314488.0, 318655.0, 320743.0, 316610.0, 317998.0, 318359.0, 318177.0, 318056.0, 319782.0, 318090.0, 316592.0, 317254.0, 315140.0, 320454.0, 316624.0, 319711.0, 318327.0, 315680.0, 319493.0, 315819.0, 315118.0, 314885.0, 316344.0, 316240.0, 319156.0, 318111.0, 316640.0, 317550.0, 313684.0, 315217.0, 314884.0, 316280.0, 314741.0, 317486.0, 319680.0, 315003.0, 315531.0, 316388.0, 313324.0, 316421.0, 315232.0, 318097.0, 318391.0, 316765.0, 315465.0, 318924.0, 314332.0, 316236.0, 317069.0, 317518.0, 316266.0, 317382.0, 318725.0, 315938.0, 317578.0, 314397.0, 314586.0, 316598.0, 316248.0, 318429.0, 315488.0, 317681.0, 316136.0, 315065.0, 315370.0, 319209.0, 318944.0, 320411.0, 314439.0, 316077.0, 315311.0, 316585.0, 312284.0, 314706.0, 314007.0, 313596.0, 315391.0, 315078.0, 316340.0, 315102.0, 314865.0, 313351.0, 313727.0, 317170.0, 316972.0, 312992.0, 314710.0, 313076.0, 315276.0, 316006.0, 312588.0, 313839.0, 315213.0, 314340.0, 316478.0, 317032.0, 315008.0, 317716.0, 315127.0, 312500.0, 317497.0, 318144.0, 315242.0, 317101.0, 313443.0, 316625.0, 315775.0, 315356.0, 315316.0, 315824.0, 313650.0, 315508.0, 315066.0, 312879.0, 315406.0, 318498.0, 314684.0, 315334.0, 312381.0, 313753.0, 313570.0, 318513.0, 314775.0, 314737.0, 317549.0, 316439.0, 314935.0, 312998.0, 313182.0, 315338.0, 314250.0, 314621.0, 315933.0, 314899.0, 318527.0, 314207.0, 313999.0, 315668.0, 317041.0, 314513.0, 312713.0, 314957.0, 315470.0, 313888.0, 316817.0, 317622.0, 317370.0, 314467.0, 314334.0, 315984.0, 316447.0, 318487.0, 318176.0, 314096.0, 315747.0, 312733.0, 315058.0, 316953.0, 313177.0, 314407.0, 313451.0, 314280.0, 315489.0, 315120.0, 316089.0, 313114.0, 316747.0, 314057.0, 314084.0, 316165.0, 313658.0, 314756.0, 317318.0, 312070.0, 316640.0, 316098.0, 316334.0, 314756.0, 313797.0, 317498.0, 315000.0, 314552.0, 312716.0, 315214.0, 312873.0, 316177.0, 312919.0, 315156.0, 315571.0, 314073.0, 314373.0, 315596.0, 316942.0, 314836.0, 315694.0, 312201.0, 312175.0, 312693.0, 315222.0, 315908.0, 312676.0, 316861.0, 317361.0, 313094.0, 314274.0, 314889.0, 316603.0, 316604.0, 314267.0, 316926.0, 315481.0, 315995.0, 314664.0, 312794.0, 316970.0, 316148.0, 315038.0, 315058.0, 314635.0, 318148.0, 316680.0, 312925.0, 315406.0, 315780.0]
cong_K= Any[2, 2, 2, 2, 2, 2, 2, 2, 2, 2, 2, 2, 2, 2, 2, 2, 2, 2, 2, 2, 2, 2, 2, 2, 2, 2, 2, 2] 
obj_k= Any[361090, 351174, 345564, 340807, 339627, 335712, 333133, 329851, 329756, 323920, 323820, 323036, 321656, 320038, 318694, 317757, 317059, 316817, 316653, 316166, 315013, 314519, 314383, 314343, 313684, 313324, 312284, 312070] 
iter_obj = Any[1, 2, 3, 4, 5, 6, 7, 8, 9, 11, 15, 17, 20, 21, 22, 25, 31, 55, 71, 97, 225, 302, 345, 369, 405, 415, 449, 550] 
avgClusterDiam = 2653.5333333333333 
maxClusterDiam = 3775.0 
clusterDiamete = [2695.0; 2011.0; 3775.0; 2885.0; 2667.0; 2389.0; 3495.0; 2263.0; 2334.0; 3579.0; 2691.0; 3197.0; 2317.0; 1669.0; 1836.0]   
C = [0, 0, 0, 0, 0, 0, 0, 0, 0, 0, 0, 0, 0, 0, 0, 0, 0, 0, 1, 0, 0, 0, 0, 0, 0, 0, 0, 1, 0, 0, 0, 0, 0, 0, 0, 0, 0, 0, 0, 0, 0, 0, 0, 0, 0, 0, 0, 0, 0, 0, 0, 0, 0, 0, 0, 0, 0, 0, 0, 0, 0, 0, 0, 0, 0, 1, 0, 0, 0, 0, 0, 0, 0, 0, 0, 0, 0, 0, 0, 0, 1, 0, 0, 0, 0, 0, 1, 0, 0, 0, 0, 0, 0, 0, 0, 0, 0, 0, 0, 0, 0, 0, 0, 0, 0, 0, 0, 0, 0, 0, 0, 0, 0, 0, 0, 0, 0, 0, 0, 0, 0, 0, 0, 0, 0, 0, 0, 0, 0, 0, 0, 0, 0, 0, 0, 0, 0, 0, 0, 0, 1, 0, 0, 0, 0, 0, 0, 0, 0, 0, 0, 0, 0, 0, 0, 0, 0, 0, 0, 0, 0, 0, 0, 0, 0, 0, 0, 0, 0, 0, 0, 0, 0, 0, 0, 0, 0, 0, 0, 0, 0, 0, 0, 0, 0, 0, 0, 0, 0, 0, 0, 0, 0, 0, 0, 0, 0, 0, 0, 0, 0, 0, 0, 0, 0, 0, 0, 0, 0, 0, 1, 0, 0, 0, 0, 0, 0, 0, 0, 0, 1, 0, 0, 0, 0, 0, 0, 0, 0, 0, 0, 0, 0, 0, 0, 0, 0, 0, 0, 0, 0, 0, 0, 0, 0, 0, 0, 0, 0, 0, 0, 0, 0, 0, 0, 0, 0, 0, 0, 0, 0, 0, 0, 0, 0, 0, 0, 0, 0, 0, 0, 0, 0, 0, 1, 0, 0, 0, 0, 0, 0, 0, 0, 0, 0, 0, 0, 0, 0, 0, 0, 0, 0, 0, 0, 0, 0, 0, 1, 0, 0, 0, 0, 0, 0, 0, 0, 0, 1, 0, 0, 0, 0, 0, 0, 0, 0, 0, 0, 0, 0, 0, 0, 0, 0, 0, 0, 0, 0, 0, 0, 0, 0, 0, 0, 0, 0, 0, 0, 0, 0, 0, 0, 0, 0, 0, 0, 0, 0, 0, 0, 0, 0, 0, 0, 0, 0, 1, 0, 0, 0, 1, 0, 0, 0, 0, 0, 0, 0, 0, 0, 0, 0, 0, 0, 0, 0, 0, 0, 0, 0, 0, 0, 0, 0, 0, 0, 0, 0, 0, 0, 0, 0, 0, 0, 0, 0, 0, 0, 0, 0, 0, 0, 0, 0, 0, 0, 0, 0, 0, 0, 0, 0, 0, 1, 0, 0, 0, 0, 0, 0, 0, 0, 0, 0, 0, 1, 0, 0, 0, 0, 0, 0, 0, 0, 0, 0, 0, 0, 0, 0, 0, 0, 0, 0, 0, 0, 0, 0, 0, 0, 0]
E = [19, 28, 19, 19, 19, 19, 28, 19, 19, 275, 19, 19, 66, 66, 28, 19, 19, 19, 19, 19, 28, 28, 28, 28, 19, 275, 19, 28, 275, 275, 275, 28, 19, 28, 28, 28, 28, 81, 19, 28, 87, 28, 87, 28, 28, 81, 141, 87, 28, 28, 81, 87, 66, 81, 87, 299, 66, 28, 299, 28, 81, 66, 81, 81, 87, 66, 66, 66, 81, 81, 81, 66, 66, 309, 66, 81, 66, 66, 66, 81, 81, 87, 81, 81, 19, 19, 87, 87, 87, 87, 87, 87, 87, 87, 87, 87, 87, 87, 275, 87, 87, 87, 19, 87, 87, 87, 87, 87, 87, 87, 19, 19, 19, 19, 19, 275, 19, 19, 19, 19, 19, 87, 19, 87, 19, 141, 19, 141, 141, 141, 141, 141, 141, 141, 141, 141, 141, 141, 141, 141, 141, 81, 141, 141, 141, 81, 141, 141, 141, 81, 141, 81, 81, 81, 141, 81, 299, 141, 141, 19, 81, 81, 141, 81, 81, 66, 66, 66, 81, 66, 66, 66, 66, 19, 81, 87, 66, 66, 81, 81, 81, 299, 19, 66, 66, 211, 66, 66, 66, 66, 66, 221, 221, 28, 211, 211, 221, 221, 211, 211, 211, 211, 221, 211, 211, 221, 211, 211, 221, 221, 211, 211, 221, 221, 221, 221, 66, 211, 221, 221, 221, 211, 211, 211, 211, 66, 221, 221, 221, 221, 211, 66, 221, 211, 221, 221, 221, 221, 28, 221, 221, 211, 211, 221, 211, 211, 66, 19, 28, 66, 211, 28, 28, 19, 19, 19, 19, 211, 275, 87, 28, 87, 19, 275, 275, 275, 275, 275, 275, 19, 275, 275, 275, 275, 275, 81, 141, 81, 299, 141, 81, 299, 299, 309, 66, 309, 66, 309, 309, 309, 299, 299, 299, 299, 299, 299, 299, 299, 299, 299, 299, 358, 358, 309, 309, 309, 309, 309, 309, 309, 309, 309, 309, 309, 362, 299, 299, 299, 299, 299, 299, 299, 299, 299, 358, 358, 309, 309, 309, 309, 309, 362, 309, 362, 362, 358, 358, 358, 299, 299, 358, 358, 358, 358, 362, 362, 362, 362, 362, 362, 362, 362, 362, 362, 362, 358, 358, 358, 358, 358, 362, 362, 362, 362, 362, 362, 362, 362, 362, 362, 415, 358, 358, 358, 358, 358, 358, 358, 415, 415, 415, 415, 362, 362, 362, 362, 415, 415, 415, 415, 415, 415, 415, 415, 415, 415, 358, 427, 358, 358, 427, 427, 358, 358, 358, 427, 427, 427, 427, 427, 427, 427, 415, 415, 415, 415, 362, 415, 415, 415, 415, 415, 415, 427, 427, 427, 427, 427, 427, 427, 427, 427, 427, 415, 415, 415, 415, 415, 427, 427, 427, 427, 427, 427, 427, 427, 28, 87, 66, 275, 221, 211]
