n° iter       = 600 
neighborhood_structure = [1 2 3] 
Prioridad     = 10 
balance       = 0.2 
Len_N         = 3 
N° clusters   = 15 
N° estaciones = 452 
N° mejoras    = 41
N° iter completadas  = 600
1° FO         = 365991.0
FO            = 310936
Centros       = [20, 22, 66, 87, 137, 152, 215, 218, 264, 299, 313, 360, 368, 414, 428]
Objs= Any[365991.0, 352793, 348844, 346503, 339329, 335678, 333349, 329574, 329574, 327862, 326691, 326349, 326314, 323328, 322258, 322258, 322258, 322215, 320553, 320553, 320553, 320553, 320553, 320553, 320553, 318876, 318876, 318876, 318876, 318876, 318876, 318876, 316945, 316945, 316763, 316763, 316763, 316763, 316763, 316763, 316763, 316763, 316763, 316763, 316763, 316763, 316562, 316562, 316562, 316562, 316562, 316562, 316562, 316562, 316562, 316562, 316562, 316562, 316562, 316562, 316562, 316562, 316562, 316562, 316562, 316562, 316562, 316562, 316562, 316562, 316562, 316562, 316562, 316562, 316350, 316032, 315981, 315981, 315981, 315746, 315746, 315746, 314673, 314673, 314673, 314673, 314673, 314673, 314673, 313833, 313833, 313833, 313833, 313833, 313833, 313833, 313349, 313349, 313349, 313349, 313349, 313349, 313349, 313349, 313349, 313349, 313349, 313349, 313349, 312967, 312967, 312967, 312967, 312747, 312747, 312747, 312747, 312747, 312747, 312747, 312747, 312747, 312685, 312685, 312685, 312685, 312685, 312685, 312685, 312685, 312685, 312685, 312685, 312685, 312685, 312685, 312685, 312685, 312685, 312685, 312685, 312223, 312223, 312223, 312223, 312223, 312223, 312223, 312223, 312223, 312223, 312223, 312223, 312223, 312223, 312223, 312223, 312223, 312223, 312223, 312223, 312223, 312223, 312223, 312223, 312223, 312223, 312223, 312223, 312223, 312223, 312223, 312223, 312223, 312223, 312223, 312223, 312223, 312223, 312223, 312223, 312223, 312223, 312223, 312223, 312223, 312223, 312223, 312223, 312223, 312223, 312223, 312223, 312223, 312223, 312223, 312223, 312223, 312223, 312223, 312223, 312223, 312223, 312223, 312223, 312223, 312223, 312223, 312223, 312223, 312223, 312223, 312223, 312223, 312223, 312223, 312223, 312223, 312223, 312223, 312223, 312223, 312223, 312223, 312142, 312142, 312142, 312142, 312142, 312142, 312142, 312142, 312142, 312091, 312091, 312091, 312091, 312091, 312091, 312091, 312091, 312091, 312091, 312091, 312091, 312091, 312091, 312091, 312091, 312091, 312091, 312091, 312091, 312091, 311768, 311768, 311768, 311768, 311768, 311768, 311768, 311768, 311768, 311768, 311757, 311663, 311663, 311663, 311663, 311663, 311663, 311663, 311663, 311663, 311663, 311663, 311663, 311663, 311663, 311663, 311663, 311663, 311663, 311663, 311663, 311663, 311663, 311663, 311663, 311663, 311663, 311663, 311663, 311663, 311663, 311663, 311663, 311663, 311663, 311663, 311637, 311637, 311637, 311637, 311637, 311637, 311637, 311637, 311637, 311637, 311637, 311637, 311637, 311637, 311637, 311637, 311637, 311637, 311637, 311637, 311637, 311637, 311637, 311186, 311186, 311186, 311186, 311186, 311186, 311186, 311186, 311186, 311186, 311186, 311186, 311186, 311186, 311186, 311186, 311186, 311186, 311186, 311186, 311186, 311186, 310997, 310997, 310997, 310997, 310997, 310997, 310997, 310997, 310997, 310997, 310997, 310997, 310997, 310997, 310997, 310997, 310997, 310997, 310997, 310997, 310997, 310997, 310997, 310997, 310997, 310997, 310997, 310997, 310997, 310997, 310997, 310997, 310997, 310997, 310997, 310997, 310997, 310997, 310997, 310997, 310997, 310997, 310997, 310997, 310997, 310997, 310997, 310997, 310997, 310997, 310997, 310997, 310997, 310997, 310997, 310997, 310997, 310997, 310960, 310960, 310960, 310960, 310960, 310960, 310960, 310960, 310960, 310960, 310960, 310960, 310960, 310960, 310960, 310960, 310960, 310960, 310960, 310960, 310960, 310960, 310960, 310960, 310960, 310960, 310960, 310960, 310960, 310960, 310960, 310960, 310960, 310960, 310960, 310960, 310960, 310960, 310960, 310960, 310960, 310960, 310960, 310960, 310960, 310960, 310960, 310960, 310960, 310960, 310960, 310960, 310960, 310960, 310960, 310960, 310960, 310960, 310960, 310960, 310960, 310960, 310960, 310960, 310949, 310949, 310949, 310949, 310949, 310949, 310949, 310949, 310949, 310949, 310949, 310949, 310949, 310949, 310949, 310949, 310949, 310949, 310936, 310936, 310936, 310936, 310936, 310936, 310936, 310936, 310936, 310936, 310936, 310936, 310936, 310936, 310936, 310936, 310936, 310936, 310936, 310936, 310936, 310936, 310936, 310936, 310936, 310936, 310936, 310936, 310936, 310936, 310936, 310936, 310936, 310936, 310936, 310936, 310936, 310936, 310936, 310936, 310936, 310936, 310936, 310936, 310936, 310936, 310936, 310936, 310936, 310936, 310936, 310936, 310936, 310936, 310936, 310936, 310936, 310936, 310936, 310936, 310936, 310936, 310936, 310936, 310936, 310936, 310936, 310936, 310936, 310936, 310936, 310936, 310936, 310936, 310936, 310936, 310936, 310936, 310936, 310936, 310936, 310936, 310936, 310936, 310936, 310936, 310936, 310936, 310936, 310936, 310936, 310936, 310936, 310936, 310936, 310936, 310936, 310936, 310936, 310936, 310936, 310936, 310936, 310936, 310936, 310936, 310936, 310936, 310936, 310936, 310936, 310936, 310936, 310936, 310936]
current_obj = [352793.0, 348844.0, 346503.0, 339329.0, 335678.0, 333349.0, 329574.0, 331408.0, 327862.0, 326691.0, 326349.0, 326314.0, 323328.0, 322258.0, 323110.0, 322367.0, 322215.0, 320553.0, 320910.0, 321315.0, 322527.0, 320942.0, 321329.0, 321786.0, 318876.0, 320139.0, 319717.0, 319316.0, 319095.0, 319158.0, 319598.0, 316945.0, 319933.0, 316763.0, 318187.0, 318044.0, 319214.0, 321392.0, 317834.0, 317359.0, 317457.0, 318867.0, 319933.0, 317611.0, 317724.0, 316562.0, 317209.0, 321923.0, 317367.0, 317893.0, 317539.0, 317769.0, 317408.0, 316781.0, 317839.0, 317770.0, 318926.0, 317452.0, 317359.0, 316845.0, 319125.0, 317855.0, 317613.0, 317523.0, 317505.0, 317908.0, 316950.0, 317157.0, 317635.0, 319186.0, 319324.0, 319793.0, 317635.0, 316350.0, 316032.0, 315981.0, 317353.0, 319383.0, 315746.0, 317175.0, 317713.0, 314673.0, 317550.0, 317178.0, 316075.0, 315223.0, 316285.0, 315283.0, 313833.0, 314934.0, 317861.0, 315670.0, 313924.0, 315245.0, 315669.0, 313349.0, 314422.0, 315436.0, 314596.0, 313743.0, 313780.0, 313743.0, 314521.0, 315149.0, 314385.0, 313620.0, 314413.0, 314356.0, 312967.0, 314518.0, 316109.0, 315151.0, 312747.0, 317850.0, 315084.0, 313533.0, 316522.0, 315077.0, 313557.0, 313517.0, 318036.0, 312685.0, 315661.0, 314950.0, 313471.0, 313988.0, 315206.0, 314124.0, 315205.0, 313661.0, 313232.0, 317050.0, 314832.0, 312815.0, 314703.0, 313245.0, 313530.0, 315152.0, 315519.0, 312736.0, 312223.0, 313089.0, 315838.0, 312454.0, 312349.0, 313611.0, 314593.0, 312424.0, 312367.0, 313869.0, 313967.0, 312978.0, 313234.0, 313300.0, 313902.0, 313361.0, 315365.0, 314432.0, 313074.0, 317150.0, 314386.0, 312454.0, 314213.0, 315125.0, 313236.0, 313515.0, 312581.0, 315763.0, 312365.0, 313275.0, 314995.0, 313875.0, 315590.0, 315005.0, 314488.0, 316799.0, 312365.0, 312435.0, 313411.0, 315274.0, 313127.0, 312621.0, 313435.0, 315857.0, 315257.0, 313072.0, 312839.0, 315095.0, 314432.0, 313479.0, 314432.0, 315960.0, 313361.0, 313473.0, 313152.0, 316522.0, 313057.0, 314432.0, 313200.0, 315009.0, 315960.0, 313361.0, 315153.0, 313513.0, 313848.0, 314429.0, 312431.0, 315057.0, 312365.0, 312856.0, 313967.0, 316010.0, 313513.0, 312768.0, 314995.0, 312956.0, 312828.0, 314176.0, 314064.0, 312592.0, 313361.0, 313089.0, 314894.0, 312142.0, 312491.0, 314706.0, 313398.0, 313910.0, 315486.0, 313524.0, 312580.0, 312971.0, 312091.0, 314123.0, 313498.0, 312584.0, 318857.0, 315445.0, 313396.0, 313662.0, 313542.0, 313582.0, 315101.0, 313400.0, 313440.0, 312149.0, 313948.0, 313131.0, 316068.0, 314338.0, 312887.0, 313582.0, 312887.0, 311768.0, 312365.0, 313729.0, 314446.0, 313142.0, 316104.0, 312407.0, 312617.0, 314399.0, 312189.0, 311757.0, 311663.0, 313370.0, 312993.0, 313861.0, 312855.0, 312459.0, 313191.0, 313322.0, 314730.0, 312291.0, 313152.0, 316225.0, 311948.0, 315890.0, 312665.0, 311884.0, 311884.0, 314086.0, 315128.0, 312639.0, 312019.0, 312715.0, 312968.0, 312349.0, 311814.0, 312700.0, 315450.0, 312302.0, 312670.0, 314510.0, 312546.0, 313683.0, 314254.0, 312061.0, 314872.0, 311637.0, 315271.0, 312267.0, 312834.0, 312471.0, 311970.0, 318180.0, 311810.0, 312995.0, 311981.0, 314122.0, 313191.0, 315084.0, 314584.0, 314308.0, 313216.0, 311668.0, 312175.0, 315453.0, 315944.0, 313692.0, 314420.0, 313102.0, 311186.0, 311391.0, 315016.0, 311724.0, 314540.0, 313037.0, 315338.0, 311922.0, 311468.0, 311363.0, 312498.0, 311972.0, 313470.0, 313539.0, 311972.0, 313484.0, 313817.0, 314258.0, 313320.0, 314367.0, 312494.0, 313041.0, 310997.0, 312784.0, 318500.0, 312305.0, 312497.0, 313391.0, 311963.0, 313391.0, 312270.0, 314409.0, 311186.0, 312914.0, 312065.0, 311999.0, 312850.0, 314350.0, 314110.0, 312331.0, 312412.0, 312047.0, 312057.0, 312417.0, 311633.0, 314409.0, 311270.0, 312173.0, 315225.0, 312793.0, 313076.0, 312699.0, 312057.0, 313385.0, 314801.0, 312725.0, 314248.0, 313290.0, 311714.0, 312294.0, 311255.0, 314186.0, 311626.0, 313460.0, 312417.0, 311635.0, 312312.0, 311716.0, 311403.0, 312850.0, 311207.0, 311937.0, 313391.0, 311353.0, 312412.0, 311172.0, 312950.0, 311027.0, 311714.0, 314416.0, 310960.0, 313005.0, 313412.0, 311985.0, 312888.0, 312789.0, 314938.0, 313312.0, 313964.0, 311334.0, 311589.0, 312254.0, 311380.0, 313301.0, 312025.0, 311507.0, 315888.0, 312912.0, 313160.0, 313718.0, 313720.0, 313216.0, 314885.0, 313769.0, 312241.0, 311756.0, 313535.0, 310968.0, 311366.0, 312919.0, 312699.0, 314145.0, 315821.0, 312801.0, 311102.0, 312473.0, 311447.0, 312216.0, 311746.0, 312254.0, 313785.0, 311170.0, 312908.0, 312682.0, 311887.0, 311914.0, 314518.0, 313005.0, 312225.0, 312491.0, 311102.0, 312731.0, 312471.0, 313184.0, 311270.0, 313022.0, 310968.0, 312749.0, 311380.0, 315888.0, 311484.0, 312517.0, 314990.0, 313231.0, 310949.0, 311670.0, 311027.0, 312533.0, 315969.0, 316331.0, 314254.0, 312628.0, 311162.0, 312623.0, 313620.0, 311597.0, 312297.0, 313682.0, 311270.0, 316625.0, 311785.0, 313079.0, 310936.0, 314575.0, 311291.0, 310949.0, 312804.0, 312248.0, 311243.0, 312349.0, 312398.0, 312704.0, 314571.0, 314981.0, 311334.0, 312516.0, 311970.0, 311116.0, 315772.0, 312777.0, 311243.0, 311994.0, 312228.0, 311583.0, 311363.0, 311509.0, 312248.0, 312450.0, 311732.0, 311018.0, 311730.0, 310997.0, 315282.0, 311648.0, 312718.0, 311868.0, 311565.0, 313085.0, 312226.0, 311209.0, 311509.0, 313085.0, 311973.0, 311642.0, 312039.0, 316492.0, 312228.0, 313804.0, 312125.0, 311780.0, 314248.0, 312468.0, 312055.0, 313925.0, 310948.0, 314099.0, 312398.0, 311477.0, 317112.0, 311885.0, 311988.0, 312053.0, 311744.0, 312632.0, 311001.0, 313910.0, 313238.0, 310997.0, 311642.0, 310949.0, 312190.0, 311334.0, 312108.0, 314099.0, 313906.0, 312951.0, 311408.0, 312288.0, 312580.0, 310949.0, 317280.0, 313367.0, 311576.0, 311575.0, 312125.0, 315282.0, 312718.0, 314839.0, 314570.0, 311257.0, 312202.0, 311661.0, 312037.0, 311001.0, 312704.0, 315235.0, 311257.0, 311565.0, 311730.0, 311994.0, 313645.0, 311928.0, 314927.0, 311620.0, 312074.0, 311575.0, 313062.0, 312388.0, 312733.0, 316858.0, 312422.0, 312202.0, 313831.0, 314050.0, 314873.0, 311851.0, 311648.0, 314728.0]
cong_K= Any[3, 1, 3, 2, 1, 3, 1, 3, 1, 1, 1, 2, 1, 2, 2, 1, 2, 1, 1, 1, 1, 1, 1, 1, 1, 2, 1, 1, 1, 1, 1, 1, 1, 1, 1, 1, 1, 1, 1, 2, 1] 
obj_k= Any[352793, 348844, 346503, 339329, 335678, 333349, 329574, 327862, 326691, 326349, 326314, 323328, 322258, 322215, 320553, 318876, 316945, 316763, 316562, 316350, 316032, 315981, 315746, 314673, 313833, 313349, 312967, 312747, 312685, 312223, 312142, 312091, 311768, 311757, 311663, 311637, 311186, 310997, 310960, 310949, 310936] 
iter_obj = Any[1, 2, 3, 4, 5, 6, 7, 9, 10, 11, 12, 13, 14, 17, 18, 25, 32, 34, 46, 74, 75, 76, 79, 82, 89, 96, 109, 113, 122, 141, 224, 233, 254, 264, 265, 300, 323, 345, 403, 467, 485] 
avgClusterDiam = 2661.3333333333335 
maxClusterDiam = 3775.0 
clusterDiamete = [3024.0; 3302.0; 3775.0; 2595.0; 2223.0; 2752.0; 2263.0; 3251.0; 2779.0; 3579.0; 2023.0; 3015.0; 2127.0; 1663.0; 1549.0]   
C = [0, 0, 0, 0, 0, 0, 0, 0, 0, 0, 0, 0, 0, 0, 0, 0, 0, 0, 0, 1, 0, 1, 0, 0, 0, 0, 0, 0, 0, 0, 0, 0, 0, 0, 0, 0, 0, 0, 0, 0, 0, 0, 0, 0, 0, 0, 0, 0, 0, 0, 0, 0, 0, 0, 0, 0, 0, 0, 0, 0, 0, 0, 0, 0, 0, 1, 0, 0, 0, 0, 0, 0, 0, 0, 0, 0, 0, 0, 0, 0, 0, 0, 0, 0, 0, 0, 1, 0, 0, 0, 0, 0, 0, 0, 0, 0, 0, 0, 0, 0, 0, 0, 0, 0, 0, 0, 0, 0, 0, 0, 0, 0, 0, 0, 0, 0, 0, 0, 0, 0, 0, 0, 0, 0, 0, 0, 0, 0, 0, 0, 0, 0, 0, 0, 0, 0, 1, 0, 0, 0, 0, 0, 0, 0, 0, 0, 0, 0, 0, 0, 0, 1, 0, 0, 0, 0, 0, 0, 0, 0, 0, 0, 0, 0, 0, 0, 0, 0, 0, 0, 0, 0, 0, 0, 0, 0, 0, 0, 0, 0, 0, 0, 0, 0, 0, 0, 0, 0, 0, 0, 0, 0, 0, 0, 0, 0, 0, 0, 0, 0, 0, 0, 0, 0, 0, 0, 0, 0, 0, 0, 0, 0, 0, 0, 1, 0, 0, 1, 0, 0, 0, 0, 0, 0, 0, 0, 0, 0, 0, 0, 0, 0, 0, 0, 0, 0, 0, 0, 0, 0, 0, 0, 0, 0, 0, 0, 0, 0, 0, 0, 0, 0, 0, 0, 0, 0, 0, 0, 0, 0, 0, 0, 0, 1, 0, 0, 0, 0, 0, 0, 0, 0, 0, 0, 0, 0, 0, 0, 0, 0, 0, 0, 0, 0, 0, 0, 0, 0, 0, 0, 0, 0, 0, 0, 0, 0, 0, 0, 1, 0, 0, 0, 0, 0, 0, 0, 0, 0, 0, 0, 0, 0, 1, 0, 0, 0, 0, 0, 0, 0, 0, 0, 0, 0, 0, 0, 0, 0, 0, 0, 0, 0, 0, 0, 0, 0, 0, 0, 0, 0, 0, 0, 0, 0, 0, 0, 0, 0, 0, 0, 0, 0, 0, 0, 0, 0, 0, 0, 0, 1, 0, 0, 0, 0, 0, 0, 0, 1, 0, 0, 0, 0, 0, 0, 0, 0, 0, 0, 0, 0, 0, 0, 0, 0, 0, 0, 0, 0, 0, 0, 0, 0, 0, 0, 0, 0, 0, 0, 0, 0, 0, 0, 0, 0, 0, 0, 0, 0, 0, 0, 0, 0, 0, 1, 0, 0, 0, 0, 0, 0, 0, 0, 0, 0, 0, 0, 0, 1, 0, 0, 0, 0, 0, 0, 0, 0, 0, 0, 0, 0, 0, 0, 0, 0, 0, 0, 0, 0, 0, 0, 0, 0]
E = [20, 22, 20, 22, 20, 20, 22, 20, 20, 264, 20, 20, 66, 66, 22, 22, 20, 20, 20, 20, 22, 22, 22, 22, 22, 264, 20, 22, 264, 264, 264, 152, 20, 22, 22, 22, 22, 66, 137, 22, 87, 22, 87, 22, 22, 152, 152, 87, 22, 66, 152, 87, 66, 152, 87, 299, 66, 66, 299, 22, 152, 66, 152, 152, 264, 66, 66, 66, 152, 152, 152, 66, 66, 299, 66, 152, 66, 66, 66, 152, 152, 87, 152, 152, 20, 20, 87, 87, 87, 87, 87, 87, 87, 87, 87, 87, 87, 20, 264, 87, 87, 87, 22, 87, 87, 87, 87, 87, 87, 87, 20, 20, 20, 20, 20, 20, 20, 20, 20, 20, 137, 87, 137, 137, 20, 137, 137, 137, 137, 137, 137, 137, 137, 137, 137, 137, 137, 137, 152, 137, 137, 152, 137, 137, 137, 152, 137, 137, 137, 152, 152, 152, 152, 152, 152, 152, 299, 137, 137, 20, 152, 152, 137, 152, 152, 66, 66, 66, 66, 66, 66, 66, 66, 20, 152, 264, 66, 66, 152, 152, 66, 299, 20, 66, 66, 218, 66, 66, 218, 66, 66, 218, 215, 22, 218, 218, 215, 215, 218, 218, 218, 215, 215, 215, 218, 215, 218, 218, 215, 215, 218, 218, 215, 215, 215, 215, 66, 218, 215, 215, 215, 218, 218, 218, 218, 66, 215, 215, 215, 215, 218, 66, 215, 218, 215, 215, 215, 215, 22, 215, 215, 215, 215, 215, 218, 218, 22, 20, 22, 66, 22, 22, 22, 20, 20, 20, 20, 218, 264, 87, 22, 87, 20, 264, 264, 264, 264, 87, 264, 20, 264, 264, 264, 264, 264, 299, 152, 152, 299, 152, 299, 299, 299, 299, 66, 66, 66, 313, 313, 313, 299, 299, 299, 299, 299, 299, 299, 299, 299, 299, 299, 360, 313, 313, 313, 313, 313, 313, 313, 313, 313, 313, 313, 313, 313, 313, 299, 299, 299, 299, 299, 299, 299, 299, 360, 360, 313, 313, 313, 313, 313, 313, 313, 368, 360, 368, 360, 360, 299, 299, 360, 360, 360, 360, 368, 368, 313, 313, 313, 313, 313, 368, 368, 368, 368, 360, 360, 360, 360, 360, 368, 368, 368, 313, 368, 368, 368, 368, 368, 368, 368, 360, 360, 360, 360, 360, 360, 360, 414, 414, 368, 368, 368, 368, 368, 368, 368, 368, 368, 414, 414, 414, 414, 414, 414, 414, 414, 414, 360, 360, 360, 428, 360, 360, 360, 428, 428, 428, 428, 428, 428, 428, 414, 414, 414, 414, 368, 368, 414, 414, 414, 414, 414, 414, 414, 428, 428, 428, 428, 428, 428, 428, 414, 414, 414, 414, 414, 414, 414, 428, 428, 428, 428, 428, 428, 428, 22, 87, 66, 264, 218, 218]
