n° iter       = 600 
neighborhood_structure = [2] 
Prioridad     = 10 
balance       = 0.2 
Len_N         = 3 
N° clusters   = 15 
N° estaciones = 452 
N° mejoras    = 24
N° iter completadas  = 173
1° FO         = 367792.0
FO            = 316982
Centros       = [14, 20, 66, 101, 140, 146, 211, 214, 264, 299, 327, 358, 382, 428, 434]
Objs= Any[367792.0, 358060, 355153, 354658, 350289, 350039, 349579, 346901, 344947, 344947, 344947, 344947, 344947, 341316, 341316, 340832, 340832, 340832, 340832, 338298, 338298, 338298, 333524, 333524, 331239, 329679, 329679, 329679, 329679, 329679, 329679, 329679, 329679, 329679, 329679, 329679, 329679, 329679, 329679, 329679, 329679, 329616, 329616, 327582, 327582, 327582, 327582, 327582, 327582, 327498, 327498, 327498, 327498, 327498, 327498, 327498, 325284, 325284, 325284, 325284, 325284, 325284, 325284, 325284, 325284, 325284, 325284, 325284, 325284, 325284, 325284, 325284, 325197, 325197, 325197, 325197, 325197, 323108, 323108, 323108, 321605, 321605, 321605, 321605, 321605, 321605, 321605, 321605, 321605, 321605, 321605, 321605, 321605, 321605, 321605, 321605, 321605, 321605, 321605, 321605, 320310, 320310, 320310, 320310, 320310, 320310, 320310, 320310, 320310, 320310, 320310, 320310, 320310, 320310, 320310, 317970, 317970, 317970, 317970, 317970, 317970, 317970, 317970, 317970, 317970, 317970, 317970, 317970, 317970, 317970, 317970, 317970, 317970, 317970, 317970, 317970, 317970, 317970, 317970, 317970, 317970, 317970, 317970, 317970, 317970, 317970, 317970, 317970, 317970, 317970, 317970, 317970, 317970, 317970, 317970, 317970, 317970, 317970, 317970, 317970, 317970, 317970, 317970, 316982, 316982, 316982, 316982, 316982, 316982, 316982, 316982, 316982, 316982, 316982]
current_obj = [358060.0, 355153.0, 354658.0, 350289.0, 350039.0, 349579.0, 346901.0, 344947.0, 345191.0, 346389.0, 345809.0, 346184.0, 341316.0, 342154.0, 340832.0, 345145.0, 341633.0, 346511.0, 338298.0, 339695.0, 343228.0, 333524.0, 335531.0, 331239.0, 329679.0, 332279.0, 332166.0, 334936.0, 330693.0, 333826.0, 334048.0, 332617.0, 332137.0, 333930.0, 334594.0, 331481.0, 332902.0, 333182.0, 330938.0, 334313.0, 329616.0, 332122.0, 327582.0, 329643.0, 329425.0, 331322.0, 331353.0, 334742.0, 327498.0, 328361.0, 327764.0, 329666.0, 333745.0, 330635.0, 332589.0, 325284.0, 328597.0, 328359.0, 331699.0, 329535.0, 332148.0, 326774.0, 326685.0, 327510.0, 332663.0, 326215.0, 330501.0, 328822.0, 325522.0, 328609.0, 329531.0, 325197.0, 328329.0, 330479.0, 328730.0, 327489.0, 323108.0, 329908.0, 325955.0, 321605.0, 325050.0, 323222.0, 326197.0, 325542.0, 332095.0, 324595.0, 332043.0, 324320.0, 323481.0, 328123.0, 325140.0, 328901.0, 331629.0, 325266.0, 324560.0, 325207.0, 332690.0, 321722.0, 322777.0, 320310.0, 324711.0, 323770.0, 326756.0, 322280.0, 322263.0, 322356.0, 329125.0, 321590.0, 321766.0, 326169.0, 324623.0, 331405.0, 326452.0, 320965.0, 317970.0, 321188.0, 323304.0, 320599.0, 321999.0, 320855.0, 319534.0, 331773.0, 324659.0, 327570.0, 322695.0, 325146.0, 318140.0, 320318.0, 319148.0, 320243.0, 322116.0, 322352.0, 326879.0, 321491.0, 326593.0, 325789.0, 324266.0, 319866.0, 319872.0, 323479.0, 318089.0, 319883.0, 322290.0, 322642.0, 323698.0, 323534.0, 321596.0, 321895.0, 328146.0, 318415.0, 324094.0, 324822.0, 318060.0, 323852.0, 321019.0, 321887.0, 318184.0, 322586.0, 320946.0, 326706.0, 332286.0, 318267.0, 316982.0, 325862.0, 317463.0, 325725.0, 324850.0, 319199.0, 319765.0, 318936.0, 323734.0, 320388.0, 321527.0, 322631.0, 0.0, 0.0, 0.0, 0.0, 0.0, 0.0, 0.0, 0.0, 0.0, 0.0, 0.0, 0.0, 0.0, 0.0, 0.0, 0.0, 0.0, 0.0, 0.0, 0.0, 0.0, 0.0, 0.0, 0.0, 0.0, 0.0, 0.0, 0.0, 0.0, 0.0, 0.0, 0.0, 0.0, 0.0, 0.0, 0.0, 0.0, 0.0, 0.0, 0.0, 0.0, 0.0, 0.0, 0.0, 0.0, 0.0, 0.0, 0.0, 0.0, 0.0, 0.0, 0.0, 0.0, 0.0, 0.0, 0.0, 0.0, 0.0, 0.0, 0.0, 0.0, 0.0, 0.0, 0.0, 0.0, 0.0, 0.0, 0.0, 0.0, 0.0, 0.0, 0.0, 0.0, 0.0, 0.0, 0.0, 0.0, 0.0, 0.0, 0.0, 0.0, 0.0, 0.0, 0.0, 0.0, 0.0, 0.0, 0.0, 0.0, 0.0, 0.0, 0.0, 0.0, 0.0, 0.0, 0.0, 0.0, 0.0, 0.0, 0.0, 0.0, 0.0, 0.0, 0.0, 0.0, 0.0, 0.0, 0.0, 0.0, 0.0, 0.0, 0.0, 0.0, 0.0, 0.0, 0.0, 0.0, 0.0, 0.0, 0.0, 0.0, 0.0, 0.0, 0.0, 0.0, 0.0, 0.0, 0.0, 0.0, 0.0, 0.0, 0.0, 0.0, 0.0, 0.0, 0.0, 0.0, 0.0, 0.0, 0.0, 0.0, 0.0, 0.0, 0.0, 0.0, 0.0, 0.0, 0.0, 0.0, 0.0, 0.0, 0.0, 0.0, 0.0, 0.0, 0.0, 0.0, 0.0, 0.0, 0.0, 0.0, 0.0, 0.0, 0.0, 0.0, 0.0, 0.0, 0.0, 0.0, 0.0, 0.0, 0.0, 0.0, 0.0, 0.0, 0.0, 0.0, 0.0, 0.0, 0.0, 0.0, 0.0, 0.0, 0.0, 0.0, 0.0, 0.0, 0.0, 0.0, 0.0, 0.0, 0.0, 0.0, 0.0, 0.0, 0.0, 0.0, 0.0, 0.0, 0.0, 0.0, 0.0, 0.0, 0.0, 0.0, 0.0, 0.0, 0.0, 0.0, 0.0, 0.0, 0.0, 0.0, 0.0, 0.0, 0.0, 0.0, 0.0, 0.0, 0.0, 0.0, 0.0, 0.0, 0.0, 0.0, 0.0, 0.0, 0.0, 0.0, 0.0, 0.0, 0.0, 0.0, 0.0, 0.0, 0.0, 0.0, 0.0, 0.0, 0.0, 0.0, 0.0, 0.0, 0.0, 0.0, 0.0, 0.0, 0.0, 0.0, 0.0, 0.0, 0.0, 0.0, 0.0, 0.0, 0.0, 0.0, 0.0, 0.0, 0.0, 0.0, 0.0, 0.0, 0.0, 0.0, 0.0, 0.0, 0.0, 0.0, 0.0, 0.0, 0.0, 0.0, 0.0, 0.0, 0.0, 0.0, 0.0, 0.0, 0.0, 0.0, 0.0, 0.0, 0.0, 0.0, 0.0, 0.0, 0.0, 0.0, 0.0, 0.0, 0.0, 0.0, 0.0, 0.0, 0.0, 0.0, 0.0, 0.0, 0.0, 0.0, 0.0, 0.0, 0.0, 0.0, 0.0, 0.0, 0.0, 0.0, 0.0, 0.0, 0.0, 0.0, 0.0, 0.0, 0.0, 0.0, 0.0, 0.0, 0.0, 0.0, 0.0, 0.0, 0.0, 0.0, 0.0, 0.0, 0.0, 0.0, 0.0, 0.0, 0.0, 0.0, 0.0, 0.0, 0.0, 0.0, 0.0, 0.0, 0.0, 0.0, 0.0, 0.0, 0.0, 0.0, 0.0, 0.0, 0.0, 0.0, 0.0, 0.0, 0.0, 0.0, 0.0, 0.0, 0.0, 0.0, 0.0, 0.0, 0.0, 0.0, 0.0, 0.0, 0.0, 0.0, 0.0, 0.0, 0.0, 0.0, 0.0, 0.0, 0.0, 0.0, 0.0, 0.0, 0.0, 0.0, 0.0, 0.0, 0.0, 0.0, 0.0, 0.0, 0.0, 0.0, 0.0, 0.0, 0.0, 0.0, 0.0, 0.0, 0.0, 0.0, 0.0, 0.0, 0.0, 0.0, 0.0, 0.0, 0.0, 0.0, 0.0, 0.0, 0.0, 0.0, 0.0, 0.0, 0.0, 0.0, 0.0, 0.0, 0.0, 0.0, 0.0, 0.0, 0.0, 0.0, 0.0, 0.0, 0.0, 0.0, 0.0, 0.0, 0.0, 0.0, 0.0]
cong_K= Any[2, 2, 2, 2, 2, 2, 2, 2, 2, 2, 2, 2, 2, 2, 2, 2, 2, 2, 2, 2, 2, 2, 2, 2] 
obj_k= Any[358060, 355153, 354658, 350289, 350039, 349579, 346901, 344947, 341316, 340832, 338298, 333524, 331239, 329679, 329616, 327582, 327498, 325284, 325197, 323108, 321605, 320310, 317970, 316982] 
iter_obj = Any[1, 2, 3, 4, 5, 6, 7, 8, 13, 15, 19, 22, 24, 25, 41, 43, 49, 56, 72, 77, 80, 100, 115, 163] 
avgClusterDiam = 2552.4666666666667 
maxClusterDiam = 3775.0 
clusterDiamete = [3302.0; 2249.0; 3775.0; 2527.0; 1879.0; 2752.0; 3033.0; 2263.0; 2779.0; 3579.0; 2023.0; 2838.0; 2223.0; 1500.0; 1565.0]   
C = [0, 0, 0, 0, 0, 0, 0, 0, 0, 0, 0, 0, 0, 1, 0, 0, 0, 0, 0, 1, 0, 0, 0, 0, 0, 0, 0, 0, 0, 0, 0, 0, 0, 0, 0, 0, 0, 0, 0, 0, 0, 0, 0, 0, 0, 0, 0, 0, 0, 0, 0, 0, 0, 0, 0, 0, 0, 0, 0, 0, 0, 0, 0, 0, 0, 1, 0, 0, 0, 0, 0, 0, 0, 0, 0, 0, 0, 0, 0, 0, 0, 0, 0, 0, 0, 0, 0, 0, 0, 0, 0, 0, 0, 0, 0, 0, 0, 0, 0, 0, 1, 0, 0, 0, 0, 0, 0, 0, 0, 0, 0, 0, 0, 0, 0, 0, 0, 0, 0, 0, 0, 0, 0, 0, 0, 0, 0, 0, 0, 0, 0, 0, 0, 0, 0, 0, 0, 0, 0, 1, 0, 0, 0, 0, 0, 1, 0, 0, 0, 0, 0, 0, 0, 0, 0, 0, 0, 0, 0, 0, 0, 0, 0, 0, 0, 0, 0, 0, 0, 0, 0, 0, 0, 0, 0, 0, 0, 0, 0, 0, 0, 0, 0, 0, 0, 0, 0, 0, 0, 0, 0, 0, 0, 0, 0, 0, 0, 0, 0, 0, 0, 0, 0, 0, 0, 0, 0, 0, 0, 0, 1, 0, 0, 1, 0, 0, 0, 0, 0, 0, 0, 0, 0, 0, 0, 0, 0, 0, 0, 0, 0, 0, 0, 0, 0, 0, 0, 0, 0, 0, 0, 0, 0, 0, 0, 0, 0, 0, 0, 0, 0, 0, 0, 0, 0, 0, 0, 0, 0, 0, 0, 0, 0, 1, 0, 0, 0, 0, 0, 0, 0, 0, 0, 0, 0, 0, 0, 0, 0, 0, 0, 0, 0, 0, 0, 0, 0, 0, 0, 0, 0, 0, 0, 0, 0, 0, 0, 0, 1, 0, 0, 0, 0, 0, 0, 0, 0, 0, 0, 0, 0, 0, 0, 0, 0, 0, 0, 0, 0, 0, 0, 0, 0, 0, 0, 0, 1, 0, 0, 0, 0, 0, 0, 0, 0, 0, 0, 0, 0, 0, 0, 0, 0, 0, 0, 0, 0, 0, 0, 0, 0, 0, 0, 0, 0, 0, 0, 1, 0, 0, 0, 0, 0, 0, 0, 0, 0, 0, 0, 0, 0, 0, 0, 0, 0, 0, 0, 0, 0, 0, 0, 1, 0, 0, 0, 0, 0, 0, 0, 0, 0, 0, 0, 0, 0, 0, 0, 0, 0, 0, 0, 0, 0, 0, 0, 0, 0, 0, 0, 0, 0, 0, 0, 0, 0, 0, 0, 0, 0, 0, 0, 0, 0, 0, 0, 0, 0, 1, 0, 0, 0, 0, 0, 1, 0, 0, 0, 0, 0, 0, 0, 0, 0, 0, 0, 0, 0, 0, 0, 0, 0, 0]
E = [20, 14, 20, 14, 20, 20, 14, 20, 20, 264, 20, 20, 66, 66, 14, 20, 20, 20, 20, 20, 14, 14, 14, 14, 14, 20, 20, 14, 264, 264, 264, 146, 20, 14, 14, 14, 14, 66, 146, 14, 20, 14, 264, 14, 14, 146, 146, 264, 14, 66, 146, 101, 66, 146, 101, 299, 66, 66, 299, 14, 146, 66, 146, 146, 264, 66, 66, 66, 146, 146, 146, 66, 66, 299, 66, 146, 66, 66, 66, 66, 146, 264, 66, 146, 20, 20, 264, 101, 101, 101, 101, 101, 101, 101, 101, 101, 101, 20, 264, 101, 101, 101, 14, 101, 101, 101, 101, 101, 101, 101, 14, 20, 20, 20, 20, 20, 20, 20, 20, 20, 20, 101, 140, 101, 20, 140, 140, 140, 140, 140, 140, 140, 140, 140, 140, 146, 140, 140, 146, 140, 140, 146, 140, 140, 140, 146, 140, 140, 140, 146, 146, 146, 146, 146, 146, 146, 299, 140, 140, 20, 146, 146, 146, 146, 146, 66, 66, 66, 66, 66, 66, 66, 66, 20, 146, 264, 66, 66, 146, 146, 66, 299, 20, 66, 66, 211, 66, 66, 66, 66, 66, 211, 214, 14, 211, 211, 214, 214, 211, 211, 211, 214, 214, 214, 211, 214, 211, 211, 214, 214, 211, 211, 214, 214, 214, 211, 66, 211, 214, 214, 214, 211, 211, 211, 211, 66, 214, 214, 214, 214, 211, 66, 214, 211, 214, 214, 214, 214, 14, 214, 214, 214, 214, 214, 211, 211, 14, 14, 14, 66, 211, 14, 14, 20, 20, 20, 20, 211, 264, 101, 14, 101, 20, 264, 264, 264, 264, 264, 264, 20, 264, 264, 264, 264, 264, 299, 146, 146, 299, 146, 299, 299, 299, 299, 66, 66, 66, 327, 327, 327, 299, 299, 299, 299, 299, 299, 299, 299, 299, 299, 299, 358, 327, 327, 327, 327, 327, 327, 327, 327, 327, 327, 327, 327, 327, 327, 299, 299, 299, 299, 299, 299, 299, 299, 327, 382, 327, 327, 327, 327, 327, 327, 327, 327, 358, 358, 358, 358, 299, 299, 358, 358, 358, 358, 327, 358, 327, 327, 327, 327, 327, 327, 382, 382, 382, 358, 358, 358, 358, 358, 382, 327, 382, 327, 382, 382, 382, 382, 382, 382, 382, 382, 358, 358, 358, 358, 358, 358, 382, 382, 382, 382, 382, 382, 382, 382, 382, 382, 382, 382, 382, 382, 382, 434, 382, 382, 358, 358, 358, 358, 358, 428, 358, 358, 428, 428, 428, 428, 428, 428, 428, 428, 434, 382, 382, 382, 382, 382, 382, 382, 382, 434, 434, 434, 434, 434, 434, 428, 428, 428, 428, 428, 434, 434, 434, 434, 434, 434, 434, 434, 434, 428, 428, 428, 428, 428, 14, 101, 66, 264, 211, 211]
