n° iter       = 600 
neighborhood_structure = [1] 
Prioridad     = 10 
balance       = 0.2 
Len_N         = 1 
N° clusters   = 15 
N° estaciones = 452 
N° mejoras    = 24
N° iter completadas  = 173
1° FO         = 379226.0
FO            = 313746
Centros       = [15, 20, 66, 76, 87, 143, 215, 218, 275, 299, 309, 359, 362, 415, 428]
Objs= Any[379226.0, 379226.0, 379226.0, 373806, 373806, 373806, 373806, 365678, 365678, 365678, 350360, 349852, 349852, 342397, 340928, 340928, 340928, 340514, 340514, 340514, 340514, 340514, 340514, 340514, 340514, 340514, 340445, 340445, 338877, 338877, 338877, 338877, 338877, 338877, 338877, 338877, 338877, 338877, 338877, 337542, 337542, 337542, 337542, 337542, 336679, 330482, 330482, 330482, 330482, 330482, 330482, 330482, 330482, 330482, 330482, 330482, 330482, 330482, 330482, 330482, 330482, 325359, 325359, 325359, 325359, 323662, 323662, 320963, 320963, 320963, 320063, 320063, 320063, 320063, 320063, 320063, 320063, 320063, 319557, 319264, 319264, 318809, 318809, 318809, 318809, 318809, 318809, 318809, 318809, 318809, 318809, 318809, 318809, 318809, 318809, 318809, 318809, 318809, 318809, 318809, 318809, 318809, 318809, 318809, 318809, 318809, 316964, 316964, 316964, 316964, 316964, 316964, 315141, 314895, 314895, 314895, 314895, 314895, 314895, 314895, 314895, 314895, 314895, 314895, 314895, 314895, 314895, 314895, 314895, 314895, 314895, 314705, 314705, 314705, 314705, 314705, 314705, 314705, 314705, 314705, 314705, 314705, 314705, 314705, 314705, 314705, 314705, 314705, 314705, 314705, 313746, 313746, 313746, 313746, 313746, 313746, 313746, 313746, 313746, 313746, 313746, 313746, 313746, 313746, 313746, 313746, 313746, 313746, 313746, 313746, 313746, 313746, 313746, 313746]
current_obj = [381045.0, 379979.0, 373806.0, 375310.0, 380731.0, 379563.0, 365678.0, 368078.0, 369890.0, 350360.0, 349852.0, 351496.0, 342397.0, 340928.0, 341094.0, 343079.0, 340514.0, 340666.0, 340561.0, 340908.0, 345166.0, 353208.0, 342564.0, 343208.0, 340907.0, 340445.0, 344188.0, 338877.0, 341252.0, 341735.0, 340956.0, 342116.0, 342440.0, 339952.0, 343676.0, 341804.0, 339672.0, 349263.0, 337542.0, 342598.0, 345313.0, 347061.0, 345961.0, 336679.0, 330482.0, 333306.0, 337190.0, 333377.0, 331914.0, 330641.0, 335488.0, 331578.0, 331949.0, 333306.0, 331988.0, 331263.0, 339035.0, 334674.0, 337039.0, 331796.0, 325359.0, 327124.0, 325942.0, 328125.0, 323662.0, 327780.0, 320963.0, 326202.0, 321458.0, 320063.0, 328557.0, 320487.0, 325454.0, 323815.0, 329358.0, 321593.0, 323944.0, 319557.0, 319264.0, 322943.0, 318809.0, 322791.0, 325032.0, 327066.0, 322850.0, 325837.0, 319682.0, 319730.0, 324907.0, 326497.0, 324523.0, 322261.0, 324505.0, 322230.0, 323515.0, 320728.0, 319620.0, 329606.0, 321737.0, 319732.0, 325064.0, 323028.0, 319461.0, 324949.0, 320993.0, 316964.0, 318678.0, 317800.0, 317901.0, 327370.0, 321190.0, 315141.0, 314895.0, 319176.0, 316893.0, 322201.0, 317536.0, 317167.0, 315220.0, 315990.0, 324980.0, 321761.0, 321477.0, 318584.0, 319436.0, 316029.0, 320316.0, 319231.0, 316515.0, 321477.0, 314705.0, 320661.0, 322049.0, 323863.0, 320315.0, 321866.0, 314747.0, 318769.0, 323444.0, 317083.0, 315231.0, 316453.0, 320315.0, 315652.0, 316366.0, 316138.0, 321409.0, 316485.0, 320540.0, 313746.0, 318594.0, 315426.0, 315508.0, 314996.0, 319768.0, 317995.0, 323470.0, 319363.0, 316074.0, 319903.0, 320106.0, 314996.0, 323421.0, 314300.0, 313879.0, 314536.0, 315099.0, 314832.0, 314304.0, 314124.0, 315296.0, 316695.0, 316975.0, 318674.0, 0.0, 0.0, 0.0, 0.0, 0.0, 0.0, 0.0, 0.0, 0.0, 0.0, 0.0, 0.0, 0.0, 0.0, 0.0, 0.0, 0.0, 0.0, 0.0, 0.0, 0.0, 0.0, 0.0, 0.0, 0.0, 0.0, 0.0, 0.0, 0.0, 0.0, 0.0, 0.0, 0.0, 0.0, 0.0, 0.0, 0.0, 0.0, 0.0, 0.0, 0.0, 0.0, 0.0, 0.0, 0.0, 0.0, 0.0, 0.0, 0.0, 0.0, 0.0, 0.0, 0.0, 0.0, 0.0, 0.0, 0.0, 0.0, 0.0, 0.0, 0.0, 0.0, 0.0, 0.0, 0.0, 0.0, 0.0, 0.0, 0.0, 0.0, 0.0, 0.0, 0.0, 0.0, 0.0, 0.0, 0.0, 0.0, 0.0, 0.0, 0.0, 0.0, 0.0, 0.0, 0.0, 0.0, 0.0, 0.0, 0.0, 0.0, 0.0, 0.0, 0.0, 0.0, 0.0, 0.0, 0.0, 0.0, 0.0, 0.0, 0.0, 0.0, 0.0, 0.0, 0.0, 0.0, 0.0, 0.0, 0.0, 0.0, 0.0, 0.0, 0.0, 0.0, 0.0, 0.0, 0.0, 0.0, 0.0, 0.0, 0.0, 0.0, 0.0, 0.0, 0.0, 0.0, 0.0, 0.0, 0.0, 0.0, 0.0, 0.0, 0.0, 0.0, 0.0, 0.0, 0.0, 0.0, 0.0, 0.0, 0.0, 0.0, 0.0, 0.0, 0.0, 0.0, 0.0, 0.0, 0.0, 0.0, 0.0, 0.0, 0.0, 0.0, 0.0, 0.0, 0.0, 0.0, 0.0, 0.0, 0.0, 0.0, 0.0, 0.0, 0.0, 0.0, 0.0, 0.0, 0.0, 0.0, 0.0, 0.0, 0.0, 0.0, 0.0, 0.0, 0.0, 0.0, 0.0, 0.0, 0.0, 0.0, 0.0, 0.0, 0.0, 0.0, 0.0, 0.0, 0.0, 0.0, 0.0, 0.0, 0.0, 0.0, 0.0, 0.0, 0.0, 0.0, 0.0, 0.0, 0.0, 0.0, 0.0, 0.0, 0.0, 0.0, 0.0, 0.0, 0.0, 0.0, 0.0, 0.0, 0.0, 0.0, 0.0, 0.0, 0.0, 0.0, 0.0, 0.0, 0.0, 0.0, 0.0, 0.0, 0.0, 0.0, 0.0, 0.0, 0.0, 0.0, 0.0, 0.0, 0.0, 0.0, 0.0, 0.0, 0.0, 0.0, 0.0, 0.0, 0.0, 0.0, 0.0, 0.0, 0.0, 0.0, 0.0, 0.0, 0.0, 0.0, 0.0, 0.0, 0.0, 0.0, 0.0, 0.0, 0.0, 0.0, 0.0, 0.0, 0.0, 0.0, 0.0, 0.0, 0.0, 0.0, 0.0, 0.0, 0.0, 0.0, 0.0, 0.0, 0.0, 0.0, 0.0, 0.0, 0.0, 0.0, 0.0, 0.0, 0.0, 0.0, 0.0, 0.0, 0.0, 0.0, 0.0, 0.0, 0.0, 0.0, 0.0, 0.0, 0.0, 0.0, 0.0, 0.0, 0.0, 0.0, 0.0, 0.0, 0.0, 0.0, 0.0, 0.0, 0.0, 0.0, 0.0, 0.0, 0.0, 0.0, 0.0, 0.0, 0.0, 0.0, 0.0, 0.0, 0.0, 0.0, 0.0, 0.0, 0.0, 0.0, 0.0, 0.0, 0.0, 0.0, 0.0, 0.0, 0.0, 0.0, 0.0, 0.0, 0.0, 0.0, 0.0, 0.0, 0.0, 0.0, 0.0, 0.0, 0.0, 0.0, 0.0, 0.0, 0.0, 0.0, 0.0, 0.0, 0.0, 0.0, 0.0, 0.0, 0.0, 0.0, 0.0, 0.0, 0.0, 0.0, 0.0, 0.0, 0.0, 0.0, 0.0, 0.0, 0.0, 0.0, 0.0, 0.0, 0.0, 0.0, 0.0, 0.0, 0.0, 0.0, 0.0, 0.0, 0.0, 0.0, 0.0, 0.0, 0.0, 0.0, 0.0, 0.0, 0.0, 0.0, 0.0, 0.0, 0.0, 0.0, 0.0, 0.0, 0.0, 0.0, 0.0, 0.0, 0.0, 0.0, 0.0, 0.0, 0.0, 0.0, 0.0, 0.0, 0.0, 0.0, 0.0, 0.0, 0.0, 0.0, 0.0, 0.0, 0.0, 0.0, 0.0, 0.0, 0.0, 0.0, 0.0, 0.0, 0.0, 0.0, 0.0, 0.0, 0.0, 0.0]
cong_K= Any[1, 1, 1, 1, 1, 1, 1, 1, 1, 1, 1, 1, 1, 1, 1, 1, 1, 1, 1, 1, 1, 1, 1, 1] 
obj_k= Any[373806, 365678, 350360, 349852, 342397, 340928, 340514, 340445, 338877, 337542, 336679, 330482, 325359, 323662, 320963, 320063, 319557, 319264, 318809, 316964, 315141, 314895, 314705, 313746] 
iter_obj = Any[3, 7, 10, 11, 13, 14, 17, 26, 28, 39, 44, 45, 61, 65, 67, 70, 78, 79, 81, 106, 112, 113, 131, 150] 
avgClusterDiam = 2703.8 
maxClusterDiam = 3775.0 
clusterDiamete = [3302.0; 2093.0; 3775.0; 2509.0; 2527.0; 2690.0; 2263.0; 3033.0; 3081.0; 3579.0; 2691.0; 3319.0; 2317.0; 1829.0; 1549.0]   
C = [0, 0, 0, 0, 0, 0, 0, 0, 0, 0, 0, 0, 0, 0, 1, 0, 0, 0, 0, 1, 0, 0, 0, 0, 0, 0, 0, 0, 0, 0, 0, 0, 0, 0, 0, 0, 0, 0, 0, 0, 0, 0, 0, 0, 0, 0, 0, 0, 0, 0, 0, 0, 0, 0, 0, 0, 0, 0, 0, 0, 0, 0, 0, 0, 0, 1, 0, 0, 0, 0, 0, 0, 0, 0, 0, 1, 0, 0, 0, 0, 0, 0, 0, 0, 0, 0, 1, 0, 0, 0, 0, 0, 0, 0, 0, 0, 0, 0, 0, 0, 0, 0, 0, 0, 0, 0, 0, 0, 0, 0, 0, 0, 0, 0, 0, 0, 0, 0, 0, 0, 0, 0, 0, 0, 0, 0, 0, 0, 0, 0, 0, 0, 0, 0, 0, 0, 0, 0, 0, 0, 0, 0, 1, 0, 0, 0, 0, 0, 0, 0, 0, 0, 0, 0, 0, 0, 0, 0, 0, 0, 0, 0, 0, 0, 0, 0, 0, 0, 0, 0, 0, 0, 0, 0, 0, 0, 0, 0, 0, 0, 0, 0, 0, 0, 0, 0, 0, 0, 0, 0, 0, 0, 0, 0, 0, 0, 0, 0, 0, 0, 0, 0, 0, 0, 0, 0, 0, 0, 0, 0, 0, 0, 0, 0, 1, 0, 0, 1, 0, 0, 0, 0, 0, 0, 0, 0, 0, 0, 0, 0, 0, 0, 0, 0, 0, 0, 0, 0, 0, 0, 0, 0, 0, 0, 0, 0, 0, 0, 0, 0, 0, 0, 0, 0, 0, 0, 0, 0, 0, 0, 0, 0, 0, 0, 0, 0, 0, 0, 0, 0, 0, 0, 0, 0, 1, 0, 0, 0, 0, 0, 0, 0, 0, 0, 0, 0, 0, 0, 0, 0, 0, 0, 0, 0, 0, 0, 0, 0, 1, 0, 0, 0, 0, 0, 0, 0, 0, 0, 1, 0, 0, 0, 0, 0, 0, 0, 0, 0, 0, 0, 0, 0, 0, 0, 0, 0, 0, 0, 0, 0, 0, 0, 0, 0, 0, 0, 0, 0, 0, 0, 0, 0, 0, 0, 0, 0, 0, 0, 0, 0, 0, 0, 0, 0, 0, 0, 0, 0, 1, 0, 0, 1, 0, 0, 0, 0, 0, 0, 0, 0, 0, 0, 0, 0, 0, 0, 0, 0, 0, 0, 0, 0, 0, 0, 0, 0, 0, 0, 0, 0, 0, 0, 0, 0, 0, 0, 0, 0, 0, 0, 0, 0, 0, 0, 0, 0, 0, 0, 0, 0, 0, 0, 0, 0, 1, 0, 0, 0, 0, 0, 0, 0, 0, 0, 0, 0, 0, 1, 0, 0, 0, 0, 0, 0, 0, 0, 0, 0, 0, 0, 0, 0, 0, 0, 0, 0, 0, 0, 0, 0, 0, 0]
E = [20, 15, 20, 15, 15, 20, 15, 20, 20, 275, 20, 20, 66, 66, 15, 15, 20, 20, 20, 20, 15, 15, 15, 15, 15, 275, 20, 15, 275, 275, 275, 15, 275, 15, 15, 15, 15, 76, 76, 15, 87, 15, 87, 15, 15, 66, 143, 87, 15, 66, 76, 87, 66, 76, 87, 299, 66, 76, 299, 15, 76, 66, 76, 76, 275, 66, 66, 76, 76, 76, 76, 66, 66, 309, 66, 76, 66, 66, 76, 76, 76, 87, 76, 76, 20, 20, 87, 87, 87, 87, 87, 87, 87, 87, 87, 87, 87, 87, 275, 87, 87, 87, 15, 87, 87, 87, 87, 87, 87, 87, 15, 20, 20, 20, 20, 20, 20, 20, 20, 20, 20, 87, 20, 87, 20, 143, 20, 143, 143, 143, 143, 143, 143, 143, 143, 143, 143, 143, 143, 143, 143, 143, 143, 143, 143, 76, 143, 143, 143, 76, 143, 76, 76, 76, 143, 76, 299, 143, 143, 20, 76, 76, 143, 76, 143, 66, 66, 66, 76, 66, 66, 66, 76, 275, 76, 275, 66, 66, 76, 76, 76, 299, 15, 66, 66, 218, 66, 66, 66, 66, 66, 218, 215, 15, 218, 218, 215, 215, 218, 218, 218, 215, 215, 215, 218, 215, 218, 218, 215, 215, 218, 218, 215, 215, 215, 215, 66, 218, 215, 215, 215, 218, 218, 218, 218, 66, 215, 215, 215, 215, 218, 66, 215, 218, 215, 215, 215, 215, 15, 215, 215, 215, 215, 215, 218, 218, 15, 15, 15, 66, 218, 15, 15, 275, 15, 20, 20, 218, 20, 87, 15, 87, 20, 275, 275, 275, 275, 275, 275, 20, 275, 275, 275, 275, 275, 299, 143, 76, 299, 143, 143, 299, 299, 309, 309, 66, 66, 309, 309, 359, 299, 299, 299, 299, 299, 299, 299, 299, 299, 299, 299, 359, 309, 309, 309, 309, 309, 309, 309, 309, 309, 309, 309, 309, 362, 299, 299, 299, 299, 299, 299, 299, 299, 299, 299, 359, 309, 309, 309, 309, 309, 362, 309, 362, 362, 359, 299, 359, 359, 299, 359, 359, 359, 359, 362, 362, 362, 362, 362, 362, 362, 362, 362, 362, 362, 359, 359, 359, 359, 359, 362, 362, 362, 362, 362, 362, 362, 362, 362, 362, 415, 359, 359, 359, 359, 359, 359, 415, 415, 415, 415, 415, 362, 362, 362, 362, 415, 415, 415, 415, 415, 415, 415, 415, 415, 415, 359, 415, 359, 359, 359, 428, 359, 359, 359, 428, 428, 428, 428, 428, 428, 428, 415, 415, 415, 415, 362, 415, 415, 415, 415, 415, 415, 415, 428, 428, 428, 428, 428, 428, 428, 428, 415, 415, 415, 415, 415, 415, 415, 428, 428, 428, 428, 428, 428, 428, 15, 87, 66, 275, 218, 218]
