n° iter       = 600 
neighborhood_structure = [3] 
Prioridad     = 10 
balance       = 0.2 
Len_N         = 1 
N° clusters   = 15 
N° estaciones = 452 
N° mejoras    = 16
N° iter completadas  = 165
1° FO         = 374522.0
FO            = 326693
Centros       = [27, 68, 87, 147, 177, 204, 229, 253, 272, 298, 313, 359, 368, 410, 424]
Objs= Any[374522.0, 374522.0, 354993, 352511, 352511, 352511, 352511, 352511, 352511, 352511, 352511, 349768, 349198, 349198, 349198, 349198, 343940, 343940, 343940, 343550, 341296, 341296, 339678, 339678, 339678, 339678, 339678, 339678, 339678, 339678, 339678, 339678, 339678, 339678, 339678, 339678, 339678, 339678, 337279, 337279, 337279, 337279, 337279, 337279, 337279, 337279, 337279, 337279, 337279, 337279, 337279, 337279, 337279, 337279, 337279, 337279, 337279, 337279, 337279, 337279, 337279, 337279, 337279, 337279, 337279, 337279, 337279, 337279, 337279, 335754, 335754, 335754, 335754, 335754, 333618, 331128, 331128, 331128, 331128, 331128, 331128, 331128, 331128, 331128, 331128, 331128, 331128, 331128, 331128, 327650, 327650, 327650, 327650, 327650, 327650, 327650, 327650, 327650, 327650, 327650, 327650, 327650, 327650, 327650, 327650, 327650, 327650, 327480, 327480, 327480, 327480, 327480, 327480, 326901, 326901, 326901, 326901, 326901, 326901, 326901, 326901, 326901, 326901, 326901, 326901, 326901, 326901, 326901, 326901, 326901, 326901, 326901, 326901, 326901, 326901, 326901, 326901, 326901, 326901, 326901, 326693, 326693, 326693, 326693, 326693, 326693, 326693, 326693, 326693, 326693, 326693, 326693, 326693, 326693, 326693, 326693, 326693, 326693, 326693, 326693, 326693, 326693, 326693, 326693, 326693, 326693]
current_obj = [387683.0, 354993.0, 352511.0, 371958.0, 371542.0, 361685.0, 372693.0, 362321.0, 375090.0, 353807.0, 349768.0, 349198.0, 356088.0, 366236.0, 351799.0, 343940.0, 347484.0, 365438.0, 343550.0, 341296.0, 351606.0, 339678.0, 339823.0, 344663.0, 341630.0, 352959.0, 356042.0, 347922.0, 340164.0, 341509.0, 363014.0, 342002.0, 343456.0, 353163.0, 348202.0, 356774.0, 344926.0, 337279.0, 350131.0, 340039.0, 344509.0, 343433.0, 348127.0, 357486.0, 348557.0, 343831.0, 343012.0, 346375.0, 339502.0, 338331.0, 349061.0, 349378.0, 341806.0, 344076.0, 345901.0, 344599.0, 345851.0, 345884.0, 353924.0, 344962.0, 346828.0, 352090.0, 345905.0, 361449.0, 344169.0, 343440.0, 342710.0, 340229.0, 335754.0, 351198.0, 342450.0, 342750.0, 350110.0, 333618.0, 331128.0, 335124.0, 331796.0, 347824.0, 335045.0, 337594.0, 337388.0, 348879.0, 339514.0, 343051.0, 342079.0, 334441.0, 334194.0, 344592.0, 327650.0, 332929.0, 343177.0, 334607.0, 340675.0, 330974.0, 338505.0, 340270.0, 331092.0, 345534.0, 334611.0, 335615.0, 341494.0, 332286.0, 341814.0, 341925.0, 352056.0, 330190.0, 327480.0, 331523.0, 334649.0, 331911.0, 328676.0, 340959.0, 326901.0, 334671.0, 333098.0, 330427.0, 356118.0, 332226.0, 333657.0, 333629.0, 341658.0, 332953.0, 340188.0, 341940.0, 338264.0, 338724.0, 334832.0, 329704.0, 335687.0, 332014.0, 335133.0, 337171.0, 345865.0, 328086.0, 335060.0, 335272.0, 333172.0, 339394.0, 332738.0, 326693.0, 340667.0, 330737.0, 341470.0, 334350.0, 339689.0, 341091.0, 327197.0, 333330.0, 332294.0, 332042.0, 332735.0, 342546.0, 332816.0, 339016.0, 335485.0, 339322.0, 331480.0, 344931.0, 338072.0, 336788.0, 333840.0, 332544.0, 358198.0, 337623.0, 334540.0, 336483.0, 0.0, 0.0, 0.0, 0.0, 0.0, 0.0, 0.0, 0.0, 0.0, 0.0, 0.0, 0.0, 0.0, 0.0, 0.0, 0.0, 0.0, 0.0, 0.0, 0.0, 0.0, 0.0, 0.0, 0.0, 0.0, 0.0, 0.0, 0.0, 0.0, 0.0, 0.0, 0.0, 0.0, 0.0, 0.0, 0.0, 0.0, 0.0, 0.0, 0.0, 0.0, 0.0, 0.0, 0.0, 0.0, 0.0, 0.0, 0.0, 0.0, 0.0, 0.0, 0.0, 0.0, 0.0, 0.0, 0.0, 0.0, 0.0, 0.0, 0.0, 0.0, 0.0, 0.0, 0.0, 0.0, 0.0, 0.0, 0.0, 0.0, 0.0, 0.0, 0.0, 0.0, 0.0, 0.0, 0.0, 0.0, 0.0, 0.0, 0.0, 0.0, 0.0, 0.0, 0.0, 0.0, 0.0, 0.0, 0.0, 0.0, 0.0, 0.0, 0.0, 0.0, 0.0, 0.0, 0.0, 0.0, 0.0, 0.0, 0.0, 0.0, 0.0, 0.0, 0.0, 0.0, 0.0, 0.0, 0.0, 0.0, 0.0, 0.0, 0.0, 0.0, 0.0, 0.0, 0.0, 0.0, 0.0, 0.0, 0.0, 0.0, 0.0, 0.0, 0.0, 0.0, 0.0, 0.0, 0.0, 0.0, 0.0, 0.0, 0.0, 0.0, 0.0, 0.0, 0.0, 0.0, 0.0, 0.0, 0.0, 0.0, 0.0, 0.0, 0.0, 0.0, 0.0, 0.0, 0.0, 0.0, 0.0, 0.0, 0.0, 0.0, 0.0, 0.0, 0.0, 0.0, 0.0, 0.0, 0.0, 0.0, 0.0, 0.0, 0.0, 0.0, 0.0, 0.0, 0.0, 0.0, 0.0, 0.0, 0.0, 0.0, 0.0, 0.0, 0.0, 0.0, 0.0, 0.0, 0.0, 0.0, 0.0, 0.0, 0.0, 0.0, 0.0, 0.0, 0.0, 0.0, 0.0, 0.0, 0.0, 0.0, 0.0, 0.0, 0.0, 0.0, 0.0, 0.0, 0.0, 0.0, 0.0, 0.0, 0.0, 0.0, 0.0, 0.0, 0.0, 0.0, 0.0, 0.0, 0.0, 0.0, 0.0, 0.0, 0.0, 0.0, 0.0, 0.0, 0.0, 0.0, 0.0, 0.0, 0.0, 0.0, 0.0, 0.0, 0.0, 0.0, 0.0, 0.0, 0.0, 0.0, 0.0, 0.0, 0.0, 0.0, 0.0, 0.0, 0.0, 0.0, 0.0, 0.0, 0.0, 0.0, 0.0, 0.0, 0.0, 0.0, 0.0, 0.0, 0.0, 0.0, 0.0, 0.0, 0.0, 0.0, 0.0, 0.0, 0.0, 0.0, 0.0, 0.0, 0.0, 0.0, 0.0, 0.0, 0.0, 0.0, 0.0, 0.0, 0.0, 0.0, 0.0, 0.0, 0.0, 0.0, 0.0, 0.0, 0.0, 0.0, 0.0, 0.0, 0.0, 0.0, 0.0, 0.0, 0.0, 0.0, 0.0, 0.0, 0.0, 0.0, 0.0, 0.0, 0.0, 0.0, 0.0, 0.0, 0.0, 0.0, 0.0, 0.0, 0.0, 0.0, 0.0, 0.0, 0.0, 0.0, 0.0, 0.0, 0.0, 0.0, 0.0, 0.0, 0.0, 0.0, 0.0, 0.0, 0.0, 0.0, 0.0, 0.0, 0.0, 0.0, 0.0, 0.0, 0.0, 0.0, 0.0, 0.0, 0.0, 0.0, 0.0, 0.0, 0.0, 0.0, 0.0, 0.0, 0.0, 0.0, 0.0, 0.0, 0.0, 0.0, 0.0, 0.0, 0.0, 0.0, 0.0, 0.0, 0.0, 0.0, 0.0, 0.0, 0.0, 0.0, 0.0, 0.0, 0.0, 0.0, 0.0, 0.0, 0.0, 0.0, 0.0, 0.0, 0.0, 0.0, 0.0, 0.0, 0.0, 0.0, 0.0, 0.0, 0.0, 0.0, 0.0, 0.0, 0.0, 0.0, 0.0, 0.0, 0.0, 0.0, 0.0, 0.0, 0.0, 0.0, 0.0, 0.0, 0.0, 0.0, 0.0, 0.0, 0.0, 0.0, 0.0, 0.0, 0.0, 0.0, 0.0, 0.0, 0.0, 0.0, 0.0, 0.0, 0.0, 0.0, 0.0, 0.0, 0.0, 0.0, 0.0, 0.0, 0.0, 0.0, 0.0, 0.0, 0.0, 0.0, 0.0, 0.0, 0.0, 0.0, 0.0, 0.0, 0.0, 0.0, 0.0, 0.0, 0.0, 0.0, 0.0]
cong_K= Any[3, 3, 3, 3, 3, 3, 3, 3, 3, 3, 3, 3, 3, 3, 3, 3] 
obj_k= Any[354993, 352511, 349768, 349198, 343940, 343550, 341296, 339678, 337279, 335754, 333618, 331128, 327650, 327480, 326901, 326693] 
iter_obj = Any[2, 3, 11, 12, 16, 19, 20, 22, 38, 69, 74, 75, 89, 107, 113, 140] 
avgClusterDiam = 2572.2 
maxClusterDiam = 3571.0 
clusterDiamete = [2337.0; 2529.0; 2596.0; 3015.0; 3571.0; 2803.0; 2263.0; 3359.0; 2334.0; 3405.0; 2115.0; 2838.0; 2127.0; 1500.0; 1791.0]   
C = [0, 0, 0, 0, 0, 0, 0, 0, 0, 0, 0, 0, 0, 0, 0, 0, 0, 0, 0, 0, 0, 0, 0, 0, 0, 0, 1, 0, 0, 0, 0, 0, 0, 0, 0, 0, 0, 0, 0, 0, 0, 0, 0, 0, 0, 0, 0, 0, 0, 0, 0, 0, 0, 0, 0, 0, 0, 0, 0, 0, 0, 0, 0, 0, 0, 0, 0, 1, 0, 0, 0, 0, 0, 0, 0, 0, 0, 0, 0, 0, 0, 0, 0, 0, 0, 0, 1, 0, 0, 0, 0, 0, 0, 0, 0, 0, 0, 0, 0, 0, 0, 0, 0, 0, 0, 0, 0, 0, 0, 0, 0, 0, 0, 0, 0, 0, 0, 0, 0, 0, 0, 0, 0, 0, 0, 0, 0, 0, 0, 0, 0, 0, 0, 0, 0, 0, 0, 0, 0, 0, 0, 0, 0, 0, 0, 0, 1, 0, 0, 0, 0, 0, 0, 0, 0, 0, 0, 0, 0, 0, 0, 0, 0, 0, 0, 0, 0, 0, 0, 0, 0, 0, 0, 0, 0, 0, 1, 0, 0, 0, 0, 0, 0, 0, 0, 0, 0, 0, 0, 0, 0, 0, 0, 0, 0, 0, 0, 0, 0, 0, 0, 0, 0, 1, 0, 0, 0, 0, 0, 0, 0, 0, 0, 0, 0, 0, 0, 0, 0, 0, 0, 0, 0, 0, 0, 0, 0, 0, 1, 0, 0, 0, 0, 0, 0, 0, 0, 0, 0, 0, 0, 0, 0, 0, 0, 0, 0, 0, 0, 0, 0, 0, 1, 0, 0, 0, 0, 0, 0, 0, 0, 0, 0, 0, 0, 0, 0, 0, 0, 0, 0, 1, 0, 0, 0, 0, 0, 0, 0, 0, 0, 0, 0, 0, 0, 0, 0, 0, 0, 0, 0, 0, 0, 0, 0, 0, 0, 1, 0, 0, 0, 0, 0, 0, 0, 0, 0, 0, 0, 0, 0, 0, 1, 0, 0, 0, 0, 0, 0, 0, 0, 0, 0, 0, 0, 0, 0, 0, 0, 0, 0, 0, 0, 0, 0, 0, 0, 0, 0, 0, 0, 0, 0, 0, 0, 0, 0, 0, 0, 0, 0, 0, 0, 0, 0, 0, 0, 0, 1, 0, 0, 0, 0, 0, 0, 0, 0, 1, 0, 0, 0, 0, 0, 0, 0, 0, 0, 0, 0, 0, 0, 0, 0, 0, 0, 0, 0, 0, 0, 0, 0, 0, 0, 0, 0, 0, 0, 0, 0, 0, 0, 0, 0, 0, 0, 0, 0, 0, 0, 1, 0, 0, 0, 0, 0, 0, 0, 0, 0, 0, 0, 0, 0, 1, 0, 0, 0, 0, 0, 0, 0, 0, 0, 0, 0, 0, 0, 0, 0, 0, 0, 0, 0, 0, 0, 0, 0, 0, 0, 0, 0, 0]
E = [27, 253, 27, 27, 27, 27, 253, 27, 27, 272, 27, 27, 177, 177, 253, 27, 27, 27, 27, 27, 253, 253, 253, 27, 27, 272, 27, 68, 272, 272, 272, 68, 147, 253, 253, 253, 253, 177, 27, 27, 87, 253, 87, 253, 68, 68, 147, 87, 253, 68, 68, 87, 68, 68, 87, 147, 68, 68, 298, 253, 68, 68, 68, 68, 87, 68, 68, 68, 298, 68, 68, 177, 68, 298, 68, 68, 177, 68, 68, 68, 68, 87, 68, 68, 27, 27, 87, 87, 87, 87, 87, 87, 87, 87, 87, 87, 87, 87, 272, 87, 87, 87, 253, 87, 87, 87, 87, 87, 87, 87, 27, 27, 27, 27, 27, 272, 27, 27, 27, 27, 27, 87, 27, 87, 27, 147, 27, 147, 147, 147, 147, 147, 27, 147, 147, 147, 147, 147, 147, 147, 147, 147, 147, 147, 147, 147, 147, 147, 147, 147, 147, 68, 147, 68, 147, 147, 298, 147, 147, 253, 147, 147, 147, 68, 147, 177, 177, 68, 68, 177, 68, 177, 68, 27, 68, 272, 177, 177, 68, 68, 68, 298, 253, 177, 177, 177, 177, 177, 177, 177, 177, 229, 229, 253, 253, 204, 229, 229, 204, 204, 204, 204, 229, 204, 253, 229, 253, 204, 229, 204, 204, 204, 229, 229, 204, 204, 253, 204, 229, 229, 229, 204, 204, 253, 253, 177, 229, 229, 229, 229, 253, 177, 229, 204, 229, 229, 229, 229, 253, 204, 229, 204, 204, 204, 204, 253, 253, 253, 253, 177, 253, 253, 253, 27, 27, 27, 27, 253, 272, 87, 253, 87, 27, 87, 272, 272, 272, 272, 272, 27, 272, 272, 272, 272, 272, 147, 147, 147, 298, 147, 147, 298, 298, 313, 177, 177, 177, 313, 313, 313, 298, 298, 298, 298, 298, 298, 298, 298, 298, 298, 298, 359, 313, 313, 313, 313, 313, 313, 313, 313, 313, 313, 313, 313, 313, 313, 298, 298, 298, 298, 298, 298, 298, 298, 359, 359, 313, 313, 313, 313, 313, 313, 313, 368, 368, 368, 359, 359, 298, 298, 359, 359, 359, 359, 368, 368, 313, 313, 313, 313, 313, 368, 368, 368, 368, 359, 359, 359, 359, 359, 368, 368, 368, 313, 368, 368, 368, 368, 368, 368, 368, 368, 359, 359, 359, 359, 359, 359, 424, 368, 368, 368, 368, 368, 368, 368, 368, 368, 368, 368, 368, 424, 424, 424, 424, 424, 424, 424, 424, 359, 359, 410, 359, 359, 410, 410, 410, 410, 410, 410, 410, 410, 424, 424, 424, 424, 368, 368, 368, 368, 424, 424, 424, 424, 424, 424, 424, 410, 410, 410, 410, 410, 424, 424, 424, 424, 424, 424, 424, 424, 424, 410, 410, 410, 410, 410, 253, 87, 68, 272, 229, 204]
