n° iter       = 600 
neighborhood_structure = [2] 
Prioridad     = 10 
balance       = 0.2 
Len_N         = 3 
N° clusters   = 15 
N° estaciones = 452 
N° mejoras    = 31
N° iter completadas  = 557
1° FO         = 365100.0
FO            = 312370
Centros       = [15, 20, 66, 87, 137, 152, 212, 215, 275, 293, 308, 353, 360, 415, 428]
Objs= Any[365100.0, 360218, 345917, 340105, 340105, 340105, 339262, 337868, 334455, 334455, 334455, 333473, 333473, 333473, 333473, 333473, 333473, 333473, 333473, 333473, 331505, 331505, 329487, 329487, 329392, 329392, 329392, 329392, 329392, 329392, 329392, 329392, 329392, 329199, 329199, 329199, 329199, 329199, 326995, 325500, 325500, 325500, 325500, 325500, 325379, 322850, 322850, 322850, 322850, 322850, 322850, 322850, 322850, 322850, 322850, 322850, 322850, 322850, 322850, 322850, 322551, 322551, 322551, 322551, 322551, 322551, 322551, 322551, 322551, 322551, 322551, 322551, 322551, 322551, 322551, 322551, 322097, 322097, 322097, 322097, 322018, 320369, 320369, 320369, 320369, 320369, 320369, 320369, 320369, 320369, 320369, 320369, 320369, 320369, 320369, 320369, 320369, 320369, 320369, 320369, 320369, 320369, 320369, 320369, 320369, 320369, 320369, 320369, 320369, 320343, 319081, 319081, 319081, 319081, 319081, 319081, 319081, 319081, 318031, 318031, 318031, 318031, 318031, 318031, 318031, 318031, 318031, 318031, 318031, 318031, 318031, 318031, 318031, 318031, 318031, 318031, 318031, 318031, 318031, 318031, 318031, 318031, 318031, 318031, 316982, 316982, 316982, 316982, 316982, 316982, 316982, 316982, 316982, 316982, 316982, 316982, 316982, 316982, 316982, 316982, 316982, 316982, 316982, 316982, 316982, 316982, 316982, 316982, 316982, 316982, 316982, 316982, 316982, 316982, 316982, 316982, 316982, 316982, 316982, 316982, 316982, 316982, 316982, 316982, 316982, 316982, 316982, 316982, 316982, 316982, 316982, 316982, 316982, 316982, 316982, 316982, 316982, 316982, 316982, 316982, 316982, 316982, 316736, 316736, 316736, 316736, 316736, 316736, 316736, 316736, 316736, 316736, 316736, 316736, 316736, 316736, 316736, 316736, 316736, 316736, 316736, 316736, 316736, 316736, 316736, 316736, 316736, 316736, 316736, 316736, 316736, 316736, 316736, 316736, 316736, 316736, 316736, 316736, 316736, 316736, 316736, 316736, 316736, 316736, 316736, 316736, 316736, 316736, 316736, 316736, 316736, 316736, 316736, 316736, 316736, 316736, 316736, 316736, 316736, 316736, 316736, 316736, 316736, 316736, 316736, 316736, 316736, 316736, 316736, 316736, 316736, 316736, 316736, 316736, 316736, 316736, 316736, 316736, 316736, 316736, 316736, 316736, 316736, 316736, 316736, 316736, 316736, 316736, 316736, 316736, 316736, 316736, 316736, 316736, 316736, 316736, 316736, 316736, 316736, 316736, 316736, 316736, 316461, 316461, 316461, 315730, 315730, 315730, 315730, 315730, 315730, 315730, 315730, 315730, 315730, 315730, 315730, 315730, 315730, 315730, 315730, 315730, 315730, 315730, 314928, 314928, 314928, 314928, 314928, 314928, 314928, 314928, 314928, 314928, 314928, 314928, 314928, 314928, 314928, 314928, 314928, 314928, 314928, 314928, 314928, 314928, 314928, 314928, 314928, 314928, 314492, 314492, 314492, 314492, 314492, 314492, 314492, 314492, 314492, 314492, 314492, 314288, 314288, 314288, 314288, 314288, 314288, 314288, 314288, 314288, 314288, 314288, 314288, 314288, 314288, 314288, 314288, 314288, 314288, 314062, 314062, 314062, 314062, 314062, 314062, 314062, 314062, 314062, 314062, 314062, 314062, 314062, 314062, 314062, 314062, 314062, 314062, 314062, 314062, 314062, 314062, 314062, 314062, 314062, 314062, 314062, 314062, 314062, 312370, 312370, 312370, 312370, 312370, 312370, 312370, 312370, 312370, 312370, 312370, 312370, 312370, 312370, 312370, 312370, 312370, 312370, 312370, 312370, 312370, 312370, 312370, 312370, 312370, 312370, 312370, 312370, 312370, 312370, 312370, 312370, 312370, 312370, 312370, 312370, 312370, 312370, 312370, 312370, 312370, 312370, 312370, 312370, 312370, 312370, 312370, 312370, 312370, 312370, 312370, 312370, 312370, 312370, 312370, 312370, 312370, 312370, 312370, 312370, 312370, 312370, 312370, 312370, 312370, 312370, 312370, 312370, 312370, 312370, 312370, 312370, 312370, 312370, 312370, 312370, 312370, 312370, 312370, 312370, 312370, 312370, 312370, 312370, 312370, 312370, 312370, 312370, 312370, 312370, 312370, 312370, 312370, 312370, 312370, 312370, 312370, 312370, 312370, 312370, 312370, 312370, 312370, 312370, 312370, 312370, 312370, 312370, 312370, 312370, 312370, 312370, 312370, 312370, 312370, 312370, 312370, 312370, 312370, 312370, 312370, 312370, 312370, 312370, 312370, 312370, 312370, 312370, 312370, 312370, 312370, 312370, 312370, 312370, 312370, 312370, 312370, 312370, 312370, 312370, 312370, 312370, 312370, 312370, 312370, 312370, 312370, 312370, 312370, 312370]
current_obj = [360218.0, 345917.0, 340105.0, 340997.0, 340246.0, 339262.0, 337868.0, 334455.0, 335481.0, 338995.0, 333473.0, 335099.0, 334539.0, 337444.0, 337282.0, 335376.0, 333558.0, 335016.0, 340502.0, 331505.0, 333301.0, 329487.0, 331153.0, 329392.0, 331265.0, 333689.0, 329949.0, 332548.0, 335439.0, 331353.0, 335651.0, 335182.0, 329199.0, 332009.0, 332470.0, 334080.0, 333488.0, 326995.0, 325500.0, 327884.0, 327053.0, 329303.0, 326998.0, 325379.0, 322850.0, 323150.0, 325894.0, 328975.0, 324909.0, 329156.0, 323990.0, 329648.0, 324480.0, 327008.0, 324773.0, 325445.0, 327123.0, 330280.0, 326527.0, 322551.0, 323306.0, 324225.0, 330732.0, 322650.0, 325630.0, 325591.0, 323513.0, 327765.0, 323126.0, 325321.0, 326241.0, 331630.0, 325557.0, 326035.0, 324900.0, 322097.0, 328463.0, 327545.0, 325106.0, 322018.0, 320369.0, 321392.0, 327634.0, 327237.0, 324282.0, 323773.0, 323321.0, 326208.0, 322545.0, 324238.0, 323445.0, 323577.0, 326402.0, 321807.0, 324326.0, 322968.0, 324284.0, 320777.0, 323809.0, 325202.0, 324140.0, 321390.0, 324612.0, 325711.0, 320710.0, 321565.0, 323712.0, 325082.0, 320343.0, 319081.0, 322629.0, 323759.0, 322246.0, 321064.0, 321651.0, 330847.0, 326367.0, 318031.0, 319558.0, 321928.0, 327549.0, 319069.0, 320313.0, 323880.0, 321560.0, 326834.0, 325353.0, 324553.0, 322058.0, 319302.0, 319844.0, 319233.0, 318125.0, 323321.0, 327781.0, 321882.0, 320353.0, 318743.0, 324480.0, 320279.0, 318160.0, 322614.0, 320625.0, 316982.0, 317398.0, 320706.0, 323407.0, 318142.0, 319530.0, 320008.0, 322774.0, 324015.0, 322772.0, 319041.0, 322276.0, 321640.0, 321107.0, 319050.0, 319990.0, 322816.0, 317135.0, 320739.0, 319766.0, 317581.0, 325339.0, 320714.0, 321767.0, 322414.0, 321155.0, 319335.0, 321872.0, 322014.0, 320463.0, 322848.0, 321134.0, 327328.0, 322672.0, 320220.0, 317742.0, 319678.0, 320559.0, 320839.0, 320447.0, 322943.0, 320722.0, 325644.0, 321598.0, 317948.0, 325522.0, 317936.0, 323387.0, 322037.0, 320030.0, 320212.0, 320463.0, 320399.0, 320095.0, 318364.0, 321999.0, 323381.0, 325874.0, 316736.0, 321742.0, 319535.0, 323190.0, 321950.0, 322128.0, 320156.0, 323360.0, 318609.0, 322644.0, 322611.0, 321492.0, 320754.0, 319661.0, 318243.0, 318260.0, 329791.0, 318331.0, 321695.0, 324487.0, 320575.0, 325876.0, 316927.0, 320111.0, 325874.0, 317987.0, 318212.0, 325829.0, 321679.0, 321613.0, 319775.0, 319332.0, 324389.0, 320240.0, 317233.0, 320888.0, 318838.0, 319453.0, 321323.0, 319658.0, 327888.0, 318826.0, 320642.0, 324787.0, 323850.0, 324851.0, 325356.0, 319675.0, 321843.0, 321144.0, 318913.0, 320965.0, 318693.0, 322151.0, 318117.0, 322800.0, 323730.0, 323935.0, 320451.0, 325496.0, 318061.0, 319438.0, 316957.0, 319177.0, 324847.0, 324417.0, 321950.0, 320264.0, 317440.0, 321939.0, 320903.0, 317494.0, 319469.0, 321983.0, 321527.0, 317832.0, 320969.0, 322776.0, 321380.0, 320603.0, 319427.0, 317349.0, 327033.0, 321008.0, 322277.0, 317488.0, 321687.0, 321912.0, 320490.0, 324041.0, 321652.0, 324256.0, 318919.0, 321980.0, 318356.0, 317458.0, 323184.0, 321984.0, 325604.0, 320880.0, 316461.0, 319213.0, 329026.0, 315730.0, 322360.0, 320116.0, 324241.0, 316272.0, 319374.0, 316258.0, 323803.0, 323750.0, 320808.0, 324835.0, 319319.0, 322106.0, 327813.0, 318938.0, 322179.0, 322175.0, 326858.0, 321320.0, 314928.0, 322636.0, 326009.0, 319140.0, 324405.0, 318732.0, 315594.0, 317550.0, 319266.0, 319673.0, 316540.0, 322565.0, 318709.0, 317461.0, 317021.0, 317239.0, 321719.0, 316294.0, 319686.0, 316189.0, 320475.0, 317031.0, 319297.0, 317719.0, 318670.0, 321288.0, 314492.0, 318784.0, 314970.0, 319228.0, 321282.0, 317889.0, 321214.0, 316461.0, 321918.0, 324319.0, 318830.0, 314288.0, 319122.0, 317379.0, 319485.0, 318539.0, 318318.0, 315815.0, 325674.0, 317355.0, 318671.0, 321302.0, 319003.0, 320843.0, 323225.0, 325777.0, 318988.0, 314407.0, 317085.0, 314062.0, 317209.0, 322990.0, 321655.0, 316315.0, 314343.0, 322829.0, 316823.0, 314324.0, 320126.0, 323570.0, 315342.0, 316431.0, 316526.0, 316327.0, 321236.0, 321130.0, 318411.0, 325263.0, 315198.0, 317905.0, 322876.0, 318074.0, 315544.0, 325723.0, 317512.0, 317159.0, 315390.0, 318432.0, 312370.0, 326283.0, 316020.0, 315515.0, 317801.0, 315783.0, 319731.0, 312991.0, 314722.0, 313642.0, 316328.0, 319828.0, 315560.0, 315558.0, 319278.0, 314049.0, 320513.0, 317979.0, 318631.0, 314937.0, 316580.0, 312816.0, 316111.0, 313786.0, 317614.0, 316717.0, 317102.0, 319320.0, 314425.0, 319823.0, 316116.0, 319161.0, 317465.0, 318715.0, 319394.0, 316866.0, 318515.0, 317970.0, 318495.0, 313949.0, 320711.0, 319346.0, 316155.0, 315658.0, 316496.0, 320160.0, 317715.0, 314829.0, 319046.0, 320644.0, 317112.0, 320340.0, 317661.0, 313667.0, 317550.0, 314077.0, 320644.0, 321475.0, 316610.0, 318306.0, 322053.0, 320657.0, 323896.0, 323245.0, 316361.0, 315917.0, 325888.0, 324664.0, 313572.0, 318325.0, 320337.0, 313786.0, 315686.0, 315782.0, 314960.0, 321407.0, 317782.0, 320093.0, 322614.0, 316000.0, 319255.0, 320319.0, 314163.0, 315853.0, 316505.0, 326263.0, 322948.0, 317622.0, 315437.0, 316077.0, 319528.0, 316492.0, 315528.0, 316926.0, 321423.0, 312921.0, 314166.0, 315244.0, 317161.0, 313795.0, 316723.0, 318695.0, 318532.0, 315109.0, 318134.0, 315121.0, 312765.0, 317531.0, 316415.0, 319892.0, 315950.0, 315421.0, 314099.0, 321352.0, 313980.0, 321844.0, 314086.0, 321056.0, 315535.0, 316327.0, 317764.0, 317484.0, 318640.0, 318134.0, 322285.0, 319313.0, 316904.0, 318101.0, 316405.0, 316637.0, 314989.0, 317258.0, 320750.0, 315211.0, 318355.0, 319753.0, 315047.0, 318302.0, 317083.0, 315126.0, 321764.0, 318845.0, 316497.0, 314629.0, 313173.0, 316930.0, 317998.0, 319867.0, 317914.0, 318449.0, 317888.0, 0.0, 0.0, 0.0, 0.0, 0.0, 0.0, 0.0, 0.0, 0.0, 0.0, 0.0, 0.0, 0.0, 0.0, 0.0, 0.0, 0.0, 0.0, 0.0, 0.0, 0.0, 0.0, 0.0, 0.0, 0.0, 0.0, 0.0, 0.0, 0.0, 0.0, 0.0, 0.0, 0.0, 0.0, 0.0, 0.0, 0.0, 0.0, 0.0, 0.0, 0.0, 0.0]
cong_K= Any[2, 2, 2, 2, 2, 2, 2, 2, 2, 2, 2, 2, 2, 2, 2, 2, 2, 2, 2, 2, 2, 2, 2, 2, 2, 2, 2, 2, 2, 2, 2] 
obj_k= Any[360218, 345917, 340105, 339262, 337868, 334455, 333473, 331505, 329487, 329392, 329199, 326995, 325500, 325379, 322850, 322551, 322097, 322018, 320369, 320343, 319081, 318031, 316982, 316736, 316461, 315730, 314928, 314492, 314288, 314062, 312370] 
iter_obj = Any[1, 2, 3, 6, 7, 8, 11, 20, 22, 24, 33, 38, 39, 44, 45, 60, 76, 80, 81, 109, 110, 118, 144, 202, 302, 305, 324, 350, 361, 379, 408] 
avgClusterDiam = 2621.733333333333 
maxClusterDiam = 3933.0 
clusterDiamete = [3302.0; 1981.0; 3775.0; 2527.0; 2223.0; 2739.0; 3033.0; 2263.0; 2779.0; 3933.0; 1757.0; 2317.0; 3319.0; 1829.0; 1549.0]   
C = [0, 0, 0, 0, 0, 0, 0, 0, 0, 0, 0, 0, 0, 0, 1, 0, 0, 0, 0, 1, 0, 0, 0, 0, 0, 0, 0, 0, 0, 0, 0, 0, 0, 0, 0, 0, 0, 0, 0, 0, 0, 0, 0, 0, 0, 0, 0, 0, 0, 0, 0, 0, 0, 0, 0, 0, 0, 0, 0, 0, 0, 0, 0, 0, 0, 1, 0, 0, 0, 0, 0, 0, 0, 0, 0, 0, 0, 0, 0, 0, 0, 0, 0, 0, 0, 0, 1, 0, 0, 0, 0, 0, 0, 0, 0, 0, 0, 0, 0, 0, 0, 0, 0, 0, 0, 0, 0, 0, 0, 0, 0, 0, 0, 0, 0, 0, 0, 0, 0, 0, 0, 0, 0, 0, 0, 0, 0, 0, 0, 0, 0, 0, 0, 0, 0, 0, 1, 0, 0, 0, 0, 0, 0, 0, 0, 0, 0, 0, 0, 0, 0, 1, 0, 0, 0, 0, 0, 0, 0, 0, 0, 0, 0, 0, 0, 0, 0, 0, 0, 0, 0, 0, 0, 0, 0, 0, 0, 0, 0, 0, 0, 0, 0, 0, 0, 0, 0, 0, 0, 0, 0, 0, 0, 0, 0, 0, 0, 0, 0, 0, 0, 0, 0, 0, 0, 0, 0, 0, 0, 0, 0, 1, 0, 0, 1, 0, 0, 0, 0, 0, 0, 0, 0, 0, 0, 0, 0, 0, 0, 0, 0, 0, 0, 0, 0, 0, 0, 0, 0, 0, 0, 0, 0, 0, 0, 0, 0, 0, 0, 0, 0, 0, 0, 0, 0, 0, 0, 0, 0, 0, 0, 0, 0, 0, 0, 0, 0, 0, 0, 0, 0, 0, 0, 0, 1, 0, 0, 0, 0, 0, 0, 0, 0, 0, 0, 0, 0, 0, 0, 0, 0, 0, 1, 0, 0, 0, 0, 0, 0, 0, 0, 0, 0, 0, 0, 0, 0, 1, 0, 0, 0, 0, 0, 0, 0, 0, 0, 0, 0, 0, 0, 0, 0, 0, 0, 0, 0, 0, 0, 0, 0, 0, 0, 0, 0, 0, 0, 0, 0, 0, 0, 0, 0, 0, 0, 0, 0, 0, 0, 0, 0, 0, 1, 0, 0, 0, 0, 0, 0, 1, 0, 0, 0, 0, 0, 0, 0, 0, 0, 0, 0, 0, 0, 0, 0, 0, 0, 0, 0, 0, 0, 0, 0, 0, 0, 0, 0, 0, 0, 0, 0, 0, 0, 0, 0, 0, 0, 0, 0, 0, 0, 0, 0, 0, 0, 0, 0, 0, 0, 0, 0, 0, 0, 0, 1, 0, 0, 0, 0, 0, 0, 0, 0, 0, 0, 0, 0, 1, 0, 0, 0, 0, 0, 0, 0, 0, 0, 0, 0, 0, 0, 0, 0, 0, 0, 0, 0, 0, 0, 0, 0, 0]
E = [20, 15, 20, 15, 15, 20, 15, 20, 20, 275, 20, 20, 66, 66, 15, 15, 20, 20, 20, 20, 15, 15, 15, 15, 15, 275, 20, 15, 275, 275, 275, 15, 152, 15, 15, 15, 15, 66, 137, 15, 87, 15, 87, 15, 15, 293, 152, 87, 15, 66, 152, 87, 66, 152, 87, 293, 66, 66, 293, 15, 152, 66, 152, 152, 275, 66, 66, 66, 152, 152, 152, 66, 66, 293, 66, 152, 66, 66, 66, 152, 152, 87, 152, 152, 20, 20, 87, 87, 87, 87, 87, 87, 87, 87, 87, 87, 87, 87, 275, 87, 87, 87, 15, 87, 87, 87, 87, 87, 87, 87, 20, 20, 20, 20, 20, 275, 20, 20, 20, 20, 137, 87, 137, 87, 137, 137, 137, 137, 137, 137, 137, 137, 137, 137, 137, 137, 137, 137, 152, 137, 137, 152, 137, 137, 137, 152, 137, 137, 137, 152, 152, 152, 152, 152, 152, 152, 293, 137, 137, 15, 152, 152, 137, 152, 152, 66, 66, 66, 66, 66, 66, 66, 66, 275, 152, 275, 66, 66, 152, 152, 66, 293, 15, 66, 66, 212, 66, 66, 66, 66, 66, 212, 215, 15, 212, 212, 215, 215, 212, 212, 212, 215, 215, 215, 212, 215, 212, 212, 215, 215, 212, 212, 215, 215, 215, 215, 66, 212, 215, 215, 215, 212, 212, 212, 212, 66, 215, 215, 215, 215, 212, 66, 215, 212, 215, 215, 215, 215, 15, 215, 215, 215, 215, 215, 212, 212, 15, 15, 15, 66, 212, 15, 15, 20, 15, 20, 20, 212, 20, 87, 15, 87, 20, 275, 275, 275, 275, 275, 275, 20, 275, 275, 275, 275, 275, 293, 152, 293, 293, 152, 293, 293, 293, 308, 66, 308, 66, 308, 308, 360, 293, 293, 293, 293, 293, 293, 293, 293, 293, 293, 308, 360, 308, 308, 308, 308, 308, 308, 308, 308, 308, 308, 308, 308, 353, 308, 293, 293, 293, 293, 293, 293, 293, 293, 308, 360, 308, 308, 308, 308, 308, 353, 308, 353, 353, 360, 360, 360, 293, 293, 360, 360, 360, 360, 353, 353, 353, 353, 353, 353, 353, 353, 353, 353, 353, 360, 360, 360, 360, 360, 353, 353, 353, 353, 353, 353, 353, 353, 353, 353, 415, 360, 360, 360, 360, 360, 360, 415, 415, 415, 415, 415, 353, 353, 353, 353, 415, 415, 415, 415, 415, 415, 415, 415, 415, 415, 360, 415, 360, 360, 360, 428, 360, 360, 360, 428, 428, 428, 428, 428, 428, 428, 415, 415, 415, 415, 353, 415, 415, 415, 415, 415, 415, 415, 428, 428, 428, 428, 428, 428, 428, 428, 415, 415, 415, 415, 415, 415, 415, 428, 428, 428, 428, 428, 428, 428, 66, 87, 66, 275, 212, 212]
