n° iter       = 300 
neighborhood_structure = [3] 
Prioridad     = 5 
balance       = 0.5 
Len_N         = 3 
N° clusters   = 7 
N° estaciones = 228 
N° mejoras    = 9
N° iter completadas  = 132
1° FO         = 186564.0
FO            = 168844
Centros       = [20, 101, 146, 265, 298, 374, 428]
Objs= Any[186564.0, 186564.0, 186564.0, 186564.0, 186564.0, 186564.0, 186564.0, 186564.0, 186564.0, 186564.0, 186071, 186071, 186071, 184950, 184950, 184950, 184950, 181962, 181962, 181962, 181962, 181962, 181962, 181962, 181962, 181962, 181962, 181962, 181962, 176280, 176280, 176280, 175593, 175593, 175593, 175593, 175593, 175593, 175593, 171128, 170478, 170478, 170478, 170478, 170478, 170478, 170478, 170478, 170478, 170478, 170478, 170478, 170478, 170478, 170478, 170478, 170478, 170309, 168844, 168844, 168844, 168844, 168844, 168844, 168844, 168844, 168844, 168844, 168844, 168844, 168844, 168844, 168844, 168844, 168844, 168844, 168844, 168844, 168844, 168844, 168844, 168844, 168844, 168844, 168844, 168844, 168844, 168844, 168844, 168844, 168844, 168844, 168844, 168844, 168844, 168844, 168844, 168844, 168844, 168844, 168844, 168844, 168844, 168844, 168844, 168844, 168844, 168844, 168844, 168844, 168844, 168844, 168844, 168844, 168844, 168844, 168844, 168844, 168844, 168844, 168844, 168844, 168844, 168844, 168844, 168844, 168844, 168844, 168844, 168844, 168844, 168844, 168844]
current_obj = [194944.0, 196498.0, 1.0e15, 197309.0, 188441.0, 205482.0, 200126.0, 190417.0, 1.0e15, 186071.0, 194699.0, 1.0e15, 184950.0, 1.0e15, 201216.0, 1.0e15, 181962.0, 183412.0, 203999.0, 1.0e15, 1.0e15, 186993.0, 189754.0, 1.0e15, 1.0e15, 182739.0, 192199.0, 183164.0, 176280.0, 1.0e15, 185085.0, 175593.0, 198109.0, 1.0e15, 178974.0, 198742.0, 189927.0, 183320.0, 171128.0, 170478.0, 179764.0, 1.0e15, 187044.0, 184149.0, 183296.0, 1.0e15, 176000.0, 1.0e15, 177522.0, 191595.0, 182385.0, 179004.0, 175156.0, 191917.0, 188177.0, 1.0e15, 170309.0, 168844.0, 186858.0, 181090.0, 187692.0, 1.0e15, 180378.0, 1.0e15, 172852.0, 179519.0, 187253.0, 1.0e15, 1.0e15, 175145.0, 178003.0, 1.0e15, 179178.0, 186554.0, 1.0e15, 1.0e15, 174790.0, 172730.0, 187752.0, 171788.0, 183264.0, 1.0e15, 179739.0, 174067.0, 174114.0, 1.0e15, 173363.0, 173381.0, 173588.0, 1.0e15, 172915.0, 171943.0, 173491.0, 175368.0, 184805.0, 1.0e15, 172506.0, 180537.0, 177751.0, 178107.0, 171905.0, 187563.0, 178223.0, 187867.0, 176555.0, 175116.0, 1.0e15, 186678.0, 185418.0, 174009.0, 178309.0, 1.0e15, 181017.0, 190085.0, 173899.0, 1.0e15, 185534.0, 176465.0, 176980.0, 1.0e15, 190796.0, 173351.0, 191531.0, 174416.0, 174943.0, 177586.0, 185278.0, 182500.0, 178999.0, 176144.0, 171389.0, 180745.0, 183837.0, 0.0, 0.0, 0.0, 0.0, 0.0, 0.0, 0.0, 0.0, 0.0, 0.0, 0.0, 0.0, 0.0, 0.0, 0.0, 0.0, 0.0, 0.0, 0.0, 0.0, 0.0, 0.0, 0.0, 0.0, 0.0, 0.0, 0.0, 0.0, 0.0, 0.0, 0.0, 0.0, 0.0, 0.0, 0.0, 0.0, 0.0, 0.0, 0.0, 0.0, 0.0, 0.0, 0.0, 0.0, 0.0, 0.0, 0.0, 0.0, 0.0, 0.0, 0.0, 0.0, 0.0, 0.0, 0.0, 0.0, 0.0, 0.0, 0.0, 0.0, 0.0, 0.0, 0.0, 0.0, 0.0, 0.0, 0.0, 0.0, 0.0, 0.0, 0.0, 0.0, 0.0, 0.0, 0.0, 0.0, 0.0, 0.0, 0.0, 0.0, 0.0, 0.0, 0.0, 0.0, 0.0, 0.0, 0.0, 0.0, 0.0, 0.0, 0.0, 0.0, 0.0, 0.0, 0.0, 0.0, 0.0, 0.0, 0.0, 0.0, 0.0, 0.0, 0.0, 0.0, 0.0, 0.0, 0.0, 0.0, 0.0, 0.0, 0.0, 0.0, 0.0, 0.0, 0.0, 0.0, 0.0, 0.0, 0.0, 0.0, 0.0, 0.0, 0.0, 0.0, 0.0, 0.0, 0.0, 0.0, 0.0, 0.0, 0.0, 0.0, 0.0, 0.0, 0.0, 0.0, 0.0, 0.0, 0.0, 0.0, 0.0, 0.0, 0.0, 0.0, 0.0, 0.0, 0.0, 0.0, 0.0, 0.0, 0.0, 0.0, 0.0, 0.0, 0.0, 0.0, 0.0, 0.0, 0.0, 0.0, 0.0, 0.0, 0.0, 0.0, 0.0, 0.0, 0.0]
cong_K= Any[3, 3, 3, 3, 3, 3, 3, 3, 3] 
obj_k= Any[186071, 184950, 181962, 176280, 175593, 171128, 170478, 170309, 168844] 
iter_obj = Any[10, 13, 17, 29, 32, 39, 40, 57, 58] 
avgClusterDiam = 2466.5714285714284 
maxClusterDiam = 4837.0 
clusterDiamete = [2713.0; 1982.0; 2244.0; 1699.0; 4837.0; 1988.0; 1803.0]   
C = [0, 0, 0, 0, 0, 0, 0, 0, 0, 1, 0, 0, 0, 0, 0, 0, 0, 0, 0, 0, 0, 0, 0, 0, 0, 0, 0, 0, 0, 0, 0, 0, 0, 0, 0, 0, 0, 0, 0, 0, 0, 0, 0, 0, 0, 0, 0, 0, 0, 0, 0, 0, 0, 0, 0, 0, 0, 0, 1, 0, 0, 0, 0, 0, 0, 0, 0, 0, 0, 0, 0, 0, 0, 0, 0, 0, 0, 0, 0, 0, 0, 0, 0, 0, 0, 0, 0, 0, 0, 0, 0, 0, 0, 0, 0, 0, 0, 0, 0, 0, 0, 0, 0, 1, 0, 0, 0, 0, 0, 0, 0, 0, 0, 0, 0, 0, 0, 0, 0, 0, 0, 0, 0, 0, 0, 0, 0, 0, 0, 0, 0, 0, 0, 0, 0, 0, 0, 0, 1, 0, 0, 0, 0, 0, 0, 0, 0, 0, 0, 0, 0, 0, 0, 0, 0, 0, 0, 0, 0, 0, 0, 0, 0, 1, 0, 0, 0, 0, 0, 0, 0, 0, 0, 0, 0, 0, 0, 0, 0, 0, 0, 0, 0, 0, 0, 0, 0, 0, 0, 0, 1, 0, 0, 0, 0, 0, 0, 0, 0, 0, 0, 0, 0, 0, 0, 0, 0, 0, 0, 0, 0, 0, 0, 0, 1, 0, 0, 0, 0, 0, 0, 0, 0, 0, 0, 0, 0, 0]
E = [20, 20, 20, 20, 265, 20, 20, 20, 20, 20, 265, 20, 265, 20, 20, 20, 20, 20, 20, 265, 146, 265, 101, 146, 101, 146, 146, 298, 146, 146, 146, 265, 146, 146, 146, 298, 146, 146, 146, 265, 146, 146, 20, 20, 101, 101, 101, 101, 101, 101, 101, 101, 101, 101, 101, 20, 265, 101, 101, 101, 20, 101, 101, 101, 20, 20, 101, 101, 20, 20, 20, 20, 20, 20, 20, 20, 20, 20, 20, 101, 20, 20, 20, 20, 20, 20, 146, 20, 146, 20, 20, 146, 20, 146, 146, 146, 146, 146, 298, 146, 146, 146, 146, 146, 146, 146, 146, 146, 146, 146, 146, 146, 146, 146, 298, 146, 146, 20, 146, 146, 146, 146, 146, 20, 265, 146, 146, 298, 20, 20, 20, 20, 20, 265, 265, 101, 20, 265, 265, 265, 265, 265, 265, 265, 265, 265, 265, 265, 265, 298, 146, 298, 298, 298, 298, 298, 298, 298, 298, 298, 298, 298, 298, 298, 298, 298, 298, 298, 298, 298, 298, 298, 298, 298, 374, 298, 298, 298, 298, 298, 374, 298, 374, 374, 298, 374, 298, 298, 298, 298, 374, 374, 374, 374, 374, 374, 374, 428, 298, 374, 374, 374, 298, 428, 428, 428, 428, 428, 428, 428, 374, 428, 428, 428, 428, 428, 428, 428, 428, 428, 428, 428, 428, 428, 428, 428, 101, 265]
