n° iter       = 20 
neighborhood_structure = [1] 
Prioridad     = 10 
balance       = 0.5 
Len_N         = 3 
N° clusters   = 7 
N° estaciones = 228 
N° mejoras    = 14
N° iter completadas  = 20
1° FO         = 200998.0
FO            = 169306
Centros       = [87, 127, 153, 259, 299, 377, 443]
Objs= Any[200998.0, 200950, 196633, 187311, 185468, 181401, 180605, 179517, 179517, 178264, 178007, 177997, 177416, 173792, 173792, 173792, 171772, 171772, 171772, 171772]
current_obj = [200950.0, 196633.0, 187311.0, 185468.0, 181401.0, 180605.0, 179517.0, 180990.0, 178264.0, 178007.0, 177997.0, 177416.0, 173792.0, 179073.0, 175662.0, 171772.0, 171989.0, 172298.0, 178972.0, 169306.0]
cong_K= Any[1, 1, 1, 1, 1, 1, 1, 1, 1, 1, 1, 1, 1, 1] 
obj_k= Any[200950, 196633, 187311, 185468, 181401, 180605, 179517, 178264, 178007, 177997, 177416, 173792, 171772, 169306] 
iter_obj = Any[1, 2, 3, 4, 5, 6, 7, 9, 10, 11, 12, 13, 16, 20] 
avgClusterDiam = 2504.8571428571427 
maxClusterDiam = 4931.0 
clusterDiamete = [1982.0; 2087.0; 2439.0; 2334.0; 4931.0; 2080.0; 1681.0]   
C = [0, 0, 0, 0, 0, 0, 0, 0, 0, 0, 0, 0, 0, 0, 0, 0, 0, 0, 0, 0, 0, 0, 0, 0, 0, 0, 0, 0, 0, 0, 0, 0, 0, 0, 0, 0, 0, 0, 0, 0, 0, 0, 0, 0, 1, 0, 0, 0, 0, 0, 0, 0, 0, 0, 0, 0, 0, 0, 0, 0, 0, 0, 0, 0, 0, 0, 0, 0, 0, 0, 0, 0, 0, 0, 0, 0, 0, 0, 0, 0, 0, 0, 0, 0, 1, 0, 0, 0, 0, 0, 0, 0, 0, 0, 0, 0, 0, 0, 0, 0, 0, 0, 0, 0, 0, 0, 0, 0, 0, 0, 1, 0, 0, 0, 0, 0, 0, 0, 0, 0, 0, 0, 0, 0, 0, 0, 0, 0, 0, 0, 0, 0, 0, 1, 0, 0, 0, 0, 0, 0, 0, 0, 0, 0, 0, 0, 0, 0, 0, 0, 0, 0, 0, 0, 0, 0, 0, 0, 0, 0, 0, 0, 0, 0, 1, 0, 0, 0, 0, 0, 0, 0, 0, 0, 0, 0, 0, 0, 0, 0, 0, 0, 0, 0, 0, 0, 0, 0, 0, 0, 0, 0, 0, 1, 0, 0, 0, 0, 0, 0, 0, 0, 0, 0, 0, 0, 0, 0, 0, 0, 0, 0, 0, 0, 0, 0, 0, 0, 0, 0, 0, 0, 1, 0, 0, 0, 0, 0]
E = [259, 259, 259, 259, 259, 259, 259, 127, 127, 127, 259, 127, 259, 259, 259, 127, 127, 127, 259, 87, 127, 87, 87, 153, 87, 299, 153, 153, 153, 153, 153, 87, 153, 153, 153, 299, 153, 153, 153, 87, 153, 153, 259, 259, 87, 87, 87, 87, 87, 87, 87, 87, 87, 87, 87, 87, 87, 87, 87, 87, 259, 87, 87, 87, 127, 127, 87, 87, 259, 259, 259, 127, 259, 259, 127, 127, 127, 127, 127, 87, 127, 127, 127, 127, 127, 127, 127, 127, 127, 127, 127, 127, 127, 127, 127, 127, 127, 127, 127, 153, 127, 127, 153, 153, 153, 127, 153, 153, 153, 153, 153, 153, 153, 153, 299, 153, 153, 259, 153, 153, 153, 153, 153, 259, 259, 153, 153, 299, 259, 259, 259, 259, 259, 259, 87, 87, 259, 259, 259, 259, 259, 259, 259, 259, 259, 259, 259, 259, 259, 153, 153, 153, 299, 153, 153, 299, 299, 299, 299, 299, 299, 299, 299, 299, 299, 299, 299, 299, 299, 299, 299, 299, 299, 299, 377, 299, 299, 299, 299, 299, 377, 299, 377, 377, 299, 377, 299, 299, 299, 299, 377, 377, 377, 377, 377, 377, 377, 377, 299, 377, 377, 443, 299, 443, 377, 443, 443, 443, 443, 377, 377, 377, 443, 443, 443, 443, 443, 443, 443, 443, 443, 443, 443, 443, 443, 443, 87, 259]
tiempo       = 51.664606401 
