n° iter       = 300 
neighborhood_structure = [2] 
Prioridad     = 10 
balance       = 0.5 
Len_N         = 9 
N° clusters   = 7 
N° estaciones = 228 
N° mejoras    = 8
N° iter completadas  = 184
1° FO         = 207348.0
FO            = 165519
Centros       = [101, 117, 150, 298, 377, 428, 450]
Objs= Any[207348.0, 194824, 179911, 179911, 173832, 173832, 173832, 173832, 173832, 173832, 170076, 170076, 170076, 170076, 170076, 170076, 170076, 170076, 170076, 170076, 170076, 170076, 170076, 170076, 170076, 170076, 170076, 170076, 170076, 170076, 170076, 170076, 170076, 170076, 170076, 170076, 170076, 170076, 170076, 170076, 170076, 170076, 169472, 169472, 169472, 169472, 169472, 169472, 169472, 169472, 169472, 169472, 169472, 169472, 169472, 169472, 169472, 169472, 169472, 169472, 169472, 169472, 169472, 169472, 169472, 169472, 169472, 169472, 169472, 169472, 169472, 169472, 169472, 169472, 169472, 169472, 169472, 169472, 169472, 169472, 169472, 169472, 169472, 169472, 169306, 169306, 169306, 169306, 169306, 169306, 169306, 169306, 169306, 169306, 169306, 169306, 169306, 169306, 169306, 169306, 169306, 169306, 169306, 169306, 169306, 169306, 169306, 166418, 166418, 166418, 165519, 165519, 165519, 165519, 165519, 165519, 165519, 165519, 165519, 165519, 165519, 165519, 165519, 165519, 165519, 165519, 165519, 165519, 165519, 165519, 165519, 165519, 165519, 165519, 165519, 165519, 165519, 165519, 165519, 165519, 165519, 165519, 165519, 165519, 165519, 165519, 165519, 165519, 165519, 165519, 165519, 165519, 165519, 165519, 165519, 165519, 165519, 165519, 165519, 165519, 165519, 165519, 165519, 165519, 165519, 165519, 165519, 165519, 165519, 165519, 165519, 165519, 165519, 165519, 165519, 165519, 165519, 165519, 165519, 165519, 165519, 165519, 165519, 165519, 165519]
current_obj = [194824.0, 179911.0, 183652.0, 173832.0, 181797.0, 177954.0, 1.0e15, 178024.0, 1.0e15, 170076.0, 179520.0, 170879.0, 171220.0, 176320.0, 203726.0, 180741.0, 175126.0, 1.0e15, 174136.0, 173094.0, 178307.0, 172252.0, 176095.0, 187107.0, 172783.0, 170782.0, 182161.0, 1.0e15, 175339.0, 1.0e15, 182294.0, 170779.0, 1.0e15, 178392.0, 175892.0, 176230.0, 1.0e15, 182859.0, 174545.0, 1.0e15, 1.0e15, 169472.0, 177617.0, 171435.0, 172361.0, 171177.0, 174448.0, 176967.0, 171577.0, 180613.0, 172110.0, 177826.0, 1.0e15, 181790.0, 173131.0, 1.0e15, 173271.0, 1.0e15, 181068.0, 171645.0, 177734.0, 170828.0, 174151.0, 175393.0, 178183.0, 183019.0, 169488.0, 174322.0, 189472.0, 1.0e15, 175643.0, 176909.0, 1.0e15, 177013.0, 177326.0, 173213.0, 172590.0, 174429.0, 1.0e15, 173399.0, 175582.0, 1.0e15, 172843.0, 169306.0, 1.0e15, 185500.0, 177066.0, 171270.0, 180085.0, 178542.0, 1.0e15, 1.0e15, 1.0e15, 175063.0, 175544.0, 172156.0, 174660.0, 190776.0, 186097.0, 173731.0, 172332.0, 169533.0, 174598.0, 180756.0, 179283.0, 192031.0, 166418.0, 169548.0, 168759.0, 165519.0, 170506.0, 173353.0, 187246.0, 167163.0, 170841.0, 169425.0, 1.0e15, 169092.0, 168733.0, 173030.0, 180760.0, 166902.0, 168431.0, 167809.0, 167566.0, 1.0e15, 183682.0, 169792.0, 184415.0, 171818.0, 168363.0, 171456.0, 172044.0, 170749.0, 173328.0, 176568.0, 173236.0, 175618.0, 169930.0, 167827.0, 1.0e15, 167911.0, 169996.0, 168843.0, 1.0e15, 171210.0, 169785.0, 173036.0, 168590.0, 170361.0, 177026.0, 1.0e15, 179845.0, 1.0e15, 169749.0, 1.0e15, 181233.0, 171379.0, 173922.0, 187605.0, 172767.0, 1.0e15, 172799.0, 172207.0, 170732.0, 166543.0, 167757.0, 1.0e15, 181899.0, 167913.0, 168448.0, 170396.0, 170017.0, 167862.0, 175884.0, 166177.0, 173957.0, 1.0e15, 167624.0, 168379.0, 169296.0, 170066.0, 169642.0, 169007.0, 169414.0, 0.0, 0.0, 0.0, 0.0, 0.0, 0.0, 0.0, 0.0, 0.0, 0.0, 0.0, 0.0, 0.0, 0.0, 0.0, 0.0, 0.0, 0.0, 0.0, 0.0, 0.0, 0.0, 0.0, 0.0, 0.0, 0.0, 0.0, 0.0, 0.0, 0.0, 0.0, 0.0, 0.0, 0.0, 0.0, 0.0, 0.0, 0.0, 0.0, 0.0, 0.0, 0.0, 0.0, 0.0, 0.0, 0.0, 0.0, 0.0, 0.0, 0.0, 0.0, 0.0, 0.0, 0.0, 0.0, 0.0, 0.0, 0.0, 0.0, 0.0, 0.0, 0.0, 0.0, 0.0, 0.0, 0.0, 0.0, 0.0, 0.0, 0.0, 0.0, 0.0, 0.0, 0.0, 0.0, 0.0, 0.0, 0.0, 0.0, 0.0, 0.0, 0.0, 0.0, 0.0, 0.0, 0.0, 0.0, 0.0, 0.0, 0.0, 0.0, 0.0, 0.0, 0.0, 0.0, 0.0, 0.0, 0.0, 0.0, 0.0, 0.0, 0.0, 0.0, 0.0, 0.0, 0.0, 0.0, 0.0, 0.0, 0.0, 0.0, 0.0, 0.0, 0.0, 0.0]
cong_K= Any[2, 2, 2, 2, 2, 2, 2, 2] 
obj_k= Any[194824, 179911, 173832, 170076, 169472, 169306, 166418, 165519] 
iter_obj = Any[1, 2, 4, 10, 42, 84, 107, 110] 
avgClusterDiam = 2602.5714285714284 
maxClusterDiam = 4731.0 
clusterDiamete = [1982.0; 2580.0; 2439.0; 4731.0; 2080.0; 1681.0; 2725.0]   
C = [0, 0, 0, 0, 0, 0, 0, 0, 0, 0, 0, 0, 0, 0, 0, 0, 0, 0, 0, 0, 0, 0, 0, 0, 0, 0, 0, 0, 0, 0, 0, 0, 0, 0, 0, 0, 0, 0, 0, 0, 0, 0, 0, 0, 0, 0, 0, 0, 0, 0, 0, 0, 0, 0, 0, 0, 0, 0, 1, 0, 0, 0, 0, 0, 0, 0, 0, 0, 0, 0, 0, 0, 0, 0, 1, 0, 0, 0, 0, 0, 0, 0, 0, 0, 0, 0, 0, 0, 0, 0, 0, 0, 0, 0, 0, 0, 0, 0, 0, 0, 0, 0, 0, 0, 0, 0, 0, 1, 0, 0, 0, 0, 0, 0, 0, 0, 0, 0, 0, 0, 0, 0, 0, 0, 0, 0, 0, 0, 0, 0, 0, 0, 0, 0, 0, 0, 0, 0, 0, 0, 0, 0, 0, 0, 0, 0, 0, 0, 0, 0, 0, 0, 0, 0, 0, 0, 0, 0, 0, 0, 0, 0, 0, 1, 0, 0, 0, 0, 0, 0, 0, 0, 0, 0, 0, 0, 0, 0, 0, 0, 0, 0, 0, 0, 0, 0, 0, 0, 0, 0, 0, 0, 0, 1, 0, 0, 0, 0, 0, 0, 0, 0, 0, 0, 0, 0, 0, 0, 0, 0, 0, 0, 0, 0, 1, 0, 0, 0, 0, 0, 0, 0, 0, 0, 0, 0, 0, 1]
E = [117, 117, 117, 117, 450, 117, 117, 117, 117, 117, 450, 117, 450, 117, 450, 117, 117, 117, 450, 450, 117, 450, 101, 150, 101, 150, 150, 298, 150, 150, 150, 450, 150, 150, 150, 298, 150, 150, 150, 450, 150, 150, 117, 117, 101, 101, 101, 101, 101, 101, 101, 101, 101, 101, 101, 450, 450, 101, 101, 101, 450, 101, 101, 101, 117, 117, 101, 101, 117, 450, 117, 117, 117, 450, 117, 117, 117, 117, 117, 101, 117, 117, 117, 117, 117, 117, 117, 117, 117, 117, 117, 117, 117, 150, 117, 117, 150, 150, 150, 150, 150, 150, 150, 150, 150, 150, 150, 150, 150, 150, 150, 150, 150, 150, 298, 150, 150, 450, 150, 150, 150, 150, 150, 450, 450, 150, 150, 298, 117, 450, 117, 450, 117, 450, 450, 101, 450, 450, 450, 450, 450, 450, 450, 450, 450, 450, 450, 450, 450, 298, 150, 150, 298, 150, 150, 298, 298, 298, 298, 298, 298, 298, 298, 298, 298, 298, 298, 298, 298, 298, 298, 298, 298, 298, 377, 298, 298, 298, 298, 298, 377, 298, 377, 377, 298, 377, 298, 298, 298, 298, 377, 377, 377, 377, 377, 377, 377, 377, 298, 377, 377, 428, 298, 428, 377, 428, 428, 428, 428, 428, 377, 428, 428, 428, 428, 428, 428, 428, 428, 428, 428, 428, 428, 428, 428, 428, 101, 450]
