n° iter       = 600 
neighborhood_structure = [1 2 3] 
Prioridad     = 15 
balance       = 1.0 
Len_N         = 3 
N° clusters   = 15 
N° estaciones = 452 
N° mejoras    = 43
N° iter completadas  = 424
1° FO         = 325131.0
FO            = 258581
Centros       = [28, 72, 87, 115, 134, 152, 214, 218, 275, 294, 307, 360, 362, 415, 428]
C = [0, 0, 0, 0, 0, 0, 0, 0, 0, 0, 0, 0, 0, 0, 0, 0, 0, 0, 0, 0, 0, 0, 0, 0, 0, 0, 0, 1, 0, 0, 0, 0, 0, 0, 0, 0, 0, 0, 0, 0, 0, 0, 0, 0, 0, 0, 0, 0, 0, 0, 0, 0, 0, 0, 0, 0, 0, 0, 0, 0, 0, 0, 0, 0, 0, 0, 0, 0, 0, 0, 0, 1, 0, 0, 0, 0, 0, 0, 0, 0, 0, 0, 0, 0, 0, 0, 1, 0, 0, 0, 0, 0, 0, 0, 0, 0, 0, 0, 0, 0, 0, 0, 0, 0, 0, 0, 0, 0, 0, 0, 0, 0, 0, 0, 1, 0, 0, 0, 0, 0, 0, 0, 0, 0, 0, 0, 0, 0, 0, 0, 0, 0, 0, 1, 0, 0, 0, 0, 0, 0, 0, 0, 0, 0, 0, 0, 0, 0, 0, 0, 0, 1, 0, 0, 0, 0, 0, 0, 0, 0, 0, 0, 0, 0, 0, 0, 0, 0, 0, 0, 0, 0, 0, 0, 0, 0, 0, 0, 0, 0, 0, 0, 0, 0, 0, 0, 0, 0, 0, 0, 0, 0, 0, 0, 0, 0, 0, 0, 0, 0, 0, 0, 0, 0, 0, 0, 0, 0, 0, 0, 0, 0, 0, 1, 0, 0, 0, 1, 0, 0, 0, 0, 0, 0, 0, 0, 0, 0, 0, 0, 0, 0, 0, 0, 0, 0, 0, 0, 0, 0, 0, 0, 0, 0, 0, 0, 0, 0, 0, 0, 0, 0, 0, 0, 0, 0, 0, 0, 0, 0, 0, 0, 0, 0, 0, 0, 0, 0, 0, 0, 0, 0, 0, 0, 1, 0, 0, 0, 0, 0, 0, 0, 0, 0, 0, 0, 0, 0, 0, 0, 0, 0, 0, 1, 0, 0, 0, 0, 0, 0, 0, 0, 0, 0, 0, 0, 1, 0, 0, 0, 0, 0, 0, 0, 0, 0, 0, 0, 0, 0, 0, 0, 0, 0, 0, 0, 0, 0, 0, 0, 0, 0, 0, 0, 0, 0, 0, 0, 0, 0, 0, 0, 0, 0, 0, 0, 0, 0, 0, 0, 0, 0, 0, 0, 0, 0, 0, 0, 0, 1, 0, 1, 0, 0, 0, 0, 0, 0, 0, 0, 0, 0, 0, 0, 0, 0, 0, 0, 0, 0, 0, 0, 0, 0, 0, 0, 0, 0, 0, 0, 0, 0, 0, 0, 0, 0, 0, 0, 0, 0, 0, 0, 0, 0, 0, 0, 0, 0, 0, 0, 0, 0, 0, 0, 1, 0, 0, 0, 0, 0, 0, 0, 0, 0, 0, 0, 0, 1, 0, 0, 0, 0, 0, 0, 0, 0, 0, 0, 0, 0, 0, 0, 0, 0, 0, 0, 0, 0, 0, 0, 0, 0]
E = [115, 28, 115, 28, 28, 115, 28, 115, 28, 115, 115, 115, 28, 28, 28, 28, 28, 115, 115, 115, 28, 28, 28, 28, 28, 115, 115, 28, 275, 115, 115, 28, 28, 115, 115, 28, 28, 28, 28, 134, 275, 28, 87, 28, 28, 28, 134, 87, 28, 28, 28, 87, 72, 28, 87, 134, 72, 28, 152, 72, 152, 72, 152, 152, 87, 72, 72, 72, 152, 152, 152, 72, 72, 152, 72, 152, 72, 72, 72, 152, 152, 87, 152, 152, 115, 115, 87, 87, 87, 87, 87, 87, 87, 87, 87, 87, 87, 87, 87, 87, 87, 87, 275, 87, 87, 87, 115, 115, 87, 87, 115, 115, 115, 115, 115, 115, 115, 115, 115, 115, 115, 87, 134, 134, 115, 134, 134, 134, 134, 134, 134, 134, 134, 134, 134, 134, 134, 134, 134, 134, 134, 152, 134, 134, 134, 152, 134, 134, 134, 152, 152, 152, 152, 152, 152, 152, 152, 152, 152, 275, 152, 152, 294, 152, 294, 72, 72, 72, 72, 72, 72, 72, 307, 275, 307, 275, 72, 72, 152, 152, 72, 152, 115, 72, 72, 72, 72, 72, 72, 72, 72, 218, 218, 28, 218, 218, 214, 214, 214, 218, 218, 214, 218, 218, 218, 214, 218, 218, 214, 218, 218, 218, 214, 214, 214, 214, 218, 218, 214, 214, 214, 218, 218, 218, 218, 218, 214, 214, 214, 214, 218, 218, 214, 218, 214, 214, 218, 218, 218, 214, 214, 214, 214, 218, 218, 218, 218, 28, 28, 218, 28, 28, 28, 275, 115, 275, 115, 72, 275, 275, 28, 87, 115, 275, 275, 275, 275, 275, 275, 275, 275, 275, 275, 275, 275, 294, 294, 294, 294, 294, 294, 294, 294, 307, 307, 307, 307, 307, 307, 307, 307, 294, 294, 294, 294, 294, 294, 294, 294, 307, 307, 307, 307, 307, 307, 307, 307, 307, 307, 307, 307, 307, 307, 307, 307, 307, 294, 294, 294, 294, 294, 294, 294, 360, 307, 307, 307, 307, 362, 362, 362, 362, 362, 362, 307, 360, 360, 360, 360, 360, 360, 360, 360, 360, 362, 362, 362, 362, 362, 362, 362, 362, 362, 362, 362, 360, 360, 360, 360, 360, 362, 362, 362, 362, 362, 362, 362, 362, 362, 362, 415, 360, 360, 360, 360, 360, 360, 360, 415, 415, 415, 415, 362, 362, 362, 362, 415, 415, 415, 415, 415, 415, 415, 415, 415, 415, 360, 360, 360, 360, 360, 428, 428, 360, 428, 428, 428, 428, 428, 428, 428, 428, 415, 415, 415, 415, 415, 415, 415, 415, 415, 415, 415, 415, 428, 428, 428, 428, 428, 428, 428, 428, 415, 415, 415, 415, 415, 415, 415, 428, 428, 428, 428, 428, 428, 428, 28, 87, 28, 275, 214, 218]
Objs= Any[325131.0, 314962, 309973, 302852, 298259, 294259, 289492, 287336, 284701, 281477, 281086, 278831, 278831, 278831, 278831, 276205, 276205, 275637, 273579, 273202, 273167, 273167, 272876, 271651, 271651, 270857, 270857, 270857, 270857, 269880, 269880, 269372, 269372, 269372, 269372, 269091, 269091, 269091, 268831, 268831, 268831, 268831, 268831, 268745, 268745, 268745, 268745, 268745, 268023, 268023, 268023, 268023, 267398, 266361, 266361, 266361, 266361, 266361, 266361, 265873, 265873, 265873, 265873, 265662, 265090, 262778, 262778, 262545, 262545, 262545, 262545, 262545, 262485, 262485, 262485, 262485, 262485, 262485, 262485, 262485, 262485, 262485, 262485, 262485, 262485, 262485, 261602, 261602, 261602, 261602, 261602, 260506, 260506, 260506, 260506, 260506, 260506, 260506, 259872, 259872, 259872, 259848, 259848, 259848, 259848, 259848, 259848, 259848, 259848, 259848, 259848, 259848, 259848, 259848, 259848, 259848, 259848, 259848, 259848, 259848, 259848, 259848, 259848, 259848, 259848, 259848, 259848, 259848, 259848, 259848, 259848, 259848, 259848, 259848, 259848, 259848, 259848, 259848, 259848, 259848, 259848, 259848, 259848, 259848, 259848, 259848, 259848, 259848, 259848, 259848, 259402, 259402, 259402, 259402, 259402, 259378, 259378, 259378, 259378, 259378, 259378, 259378, 259378, 259378, 259378, 259378, 259378, 259378, 259378, 259058, 259058, 259058, 259058, 259058, 259058, 259058, 259058, 259058, 259058, 259058, 259058, 259058, 259058, 259058, 258987, 258987, 258987, 258987, 258987, 258987, 258987, 258987, 258987, 258987, 258987, 258987, 258987, 258987, 258987, 258987, 258987, 258987, 258987, 258987, 258987, 258987, 258987, 258987, 258987, 258987, 258987, 258987, 258987, 258987, 258987, 258987, 258987, 258987, 258987, 258987, 258987, 258987, 258987, 258987, 258987, 258987, 258987, 258987, 258987, 258987, 258987, 258987, 258987, 258987, 258987, 258709, 258709, 258709, 258709, 258709, 258709, 258709, 258709, 258709, 258709, 258709, 258709, 258709, 258709, 258709, 258709, 258709, 258709, 258709, 258709, 258709, 258709, 258709, 258709, 258709, 258709, 258709, 258709, 258709, 258709, 258709, 258709, 258709, 258709, 258709, 258709, 258709, 258709, 258709, 258709, 258581, 258581, 258581, 258581, 258581, 258581, 258581, 258581, 258581, 258581, 258581, 258581, 258581, 258581, 258581, 258581, 258581, 258581, 258581, 258581, 258581, 258581, 258581, 258581, 258581, 258581, 258581, 258581, 258581, 258581, 258581, 258581, 258581, 258581, 258581, 258581, 258581, 258581, 258581, 258581, 258581, 258581, 258581, 258581, 258581, 258581, 258581, 258581, 258581, 258581, 258581, 258581, 258581, 258581, 258581, 258581, 258581, 258581, 258581, 258581, 258581, 258581, 258581, 258581, 258581, 258581, 258581, 258581, 258581, 258581, 258581, 258581, 258581, 258581, 258581, 258581, 258581, 258581, 258581, 258581, 258581, 258581, 258581, 258581, 258581, 258581, 258581, 258581, 258581, 258581, 258581, 258581, 258581, 258581, 258581, 258581, 258581, 258581, 258581, 258581, 258581, 258581, 258581, 258581, 258581, 258581, 258581, 258581, 258581, 258581, 258581, 258581, 258581, 258581, 258581, 258581, 258581, 258581, 258581, 258581, 258581, 258581, 258581, 258581, 258581, 258581, 258581, 258581, 258581, 258581, 258581, 258581, 258581, 258581, 258581, 258581, 258581, 258581, 258581, 258581, 258581, 258581, 258581, 258581, 258581, 258581, 258581, 258581, 258581, 258581]
current_obj = [314962.0, 309973.0, 302852.0, 298259.0, 294259.0, 289492.0, 287336.0, 284701.0, 281477.0, 281086.0, 278831.0, 279742.0, 279160.0, 280021.0, 276205.0, 277701.0, 275637.0, 273579.0, 273202.0, 273167.0, 275139.0, 272876.0, 271651.0, 273209.0, 270857.0, 271083.0, 272631.0, 271852.0, 269880.0, 270849.0, 269372.0, 273792.0, 271275.0, 270716.0, 269091.0, 270077.0, 270586.0, 268831.0, 272405.0, 270802.0, 269965.0, 270658.0, 268745.0, 270003.0, 270534.0, 271731.0, 270246.0, 268023.0, 269923.0, 268589.0, 268230.0, 267398.0, 266361.0, 268306.0, 268422.0, 268050.0, 266935.0, 268090.0, 265873.0, 266843.0, 268321.0, 270772.0, 265662.0, 265090.0, 262778.0, 265007.0, 262545.0, 265817.0, 264662.0, 265626.0, 264777.0, 262485.0, 263815.0, 264710.0, 263805.0, 264057.0, 263384.0, 262545.0, 264787.0, 262619.0, 263344.0, 264487.0, 264400.0, 263722.0, 262874.0, 261602.0, 263905.0, 264178.0, 264704.0, 266855.0, 260506.0, 261019.0, 262090.0, 260665.0, 262493.0, 260879.0, 261871.0, 259872.0, 261605.0, 261285.0, 259848.0, 262527.0, 261411.0, 264477.0, 260976.0, 261552.0, 262864.0, 260816.0, 260721.0, 260976.0, 259916.0, 262432.0, 263209.0, 263297.0, 261196.0, 263664.0, 260754.0, 260753.0, 265740.0, 260945.0, 260912.0, 260255.0, 262109.0, 260826.0, 259887.0, 261855.0, 262299.0, 260514.0, 261459.0, 261212.0, 261196.0, 260423.0, 261720.0, 260482.0, 265652.0, 262031.0, 260988.0, 261776.0, 262975.0, 260688.0, 260087.0, 261552.0, 262076.0, 261602.0, 262503.0, 261213.0, 261294.0, 261180.0, 262109.0, 259402.0, 260308.0, 260341.0, 261447.0, 260751.0, 259378.0, 259540.0, 262182.0, 260422.0, 260650.0, 263478.0, 260793.0, 260743.0, 259431.0, 260989.0, 260300.0, 264708.0, 260433.0, 263295.0, 259058.0, 260406.0, 261385.0, 259611.0, 262673.0, 260646.0, 260984.0, 261378.0, 260224.0, 262300.0, 259378.0, 259066.0, 260790.0, 261175.0, 264388.0, 258987.0, 259886.0, 261581.0, 259735.0, 259834.0, 259965.0, 259864.0, 259295.0, 260890.0, 260668.0, 260986.0, 260639.0, 259822.0, 260991.0, 259232.0, 260267.0, 261982.0, 259418.0, 259886.0, 261509.0, 258988.0, 262013.0, 262737.0, 260788.0, 260859.0, 260433.0, 260492.0, 259559.0, 259110.0, 261064.0, 259011.0, 259886.0, 260902.0, 263876.0, 260088.0, 260582.0, 262270.0, 259058.0, 264925.0, 259730.0, 260507.0, 260668.0, 264352.0, 260789.0, 259081.0, 263976.0, 259564.0, 259696.0, 260441.0, 259232.0, 260561.0, 258709.0, 264002.0, 260638.0, 259370.0, 259408.0, 259810.0, 261049.0, 260053.0, 261596.0, 259281.0, 259452.0, 261049.0, 259225.0, 260362.0, 262355.0, 259653.0, 262973.0, 259452.0, 259538.0, 259702.0, 260043.0, 259418.0, 259245.0, 258717.0, 261231.0, 260902.0, 259179.0, 259299.0, 259702.0, 263671.0, 258879.0, 259306.0, 258832.0, 258832.0, 260645.0, 260987.0, 261860.0, 260713.0, 259831.0, 259863.0, 258581.0, 259302.0, 262090.0, 259213.0, 258654.0, 259647.0, 259432.0, 259140.0, 259902.0, 259628.0, 260668.0, 262486.0, 259178.0, 260544.0, 258859.0, 261230.0, 260100.0, 260600.0, 259739.0, 259770.0, 259617.0, 258859.0, 259286.0, 259178.0, 260699.0, 258749.0, 261691.0, 258654.0, 259584.0, 258709.0, 259094.0, 260197.0, 259749.0, 260559.0, 261636.0, 265807.0, 263735.0, 260168.0, 260738.0, 259153.0, 258654.0, 262342.0, 259891.0, 265355.0, 260793.0, 259989.0, 259770.0, 259826.0, 259174.0, 263831.0, 258848.0, 259153.0, 260490.0, 260668.0, 258859.0, 265444.0, 260069.0, 261235.0, 259634.0, 262328.0, 261159.0, 258630.0, 261538.0, 260824.0, 259738.0, 259703.0, 258709.0, 259826.0, 259682.0, 258889.0, 259989.0, 259520.0, 260793.0, 259178.0, 260591.0, 260559.0, 260262.0, 260949.0, 261372.0, 258654.0, 260072.0, 260623.0, 261551.0, 260426.0, 259153.0, 260916.0, 262478.0, 260982.0, 260921.0, 260027.0, 259647.0, 259584.0, 259678.0, 261868.0, 258970.0, 262748.0, 260921.0, 258715.0, 258820.0, 259443.0, 262135.0, 259790.0, 259682.0, 259775.0, 262402.0, 258910.0, 259286.0, 259678.0, 260618.0, 259324.0, 258583.0, 260583.0, 258889.0, 262142.0, 259336.0, 259777.0, 259351.0, 259299.0, 260490.0, 261552.0, 258889.0, 261679.0, 264339.0, 262597.0, 259299.0, 260215.0, 260065.0, 263513.0, 259299.0, 262159.0, 259091.0, 258970.0, 260453.0, 259682.0, 259178.0, 258848.0, 260020.0, 258984.0, 260065.0, 262912.0, 261687.0, 260134.0, 258749.0, 261732.0, 258751.0, 262289.0, 264399.0, 261247.0, 258889.0, 259777.0, 264298.0, 0.0, 0.0, 0.0, 0.0, 0.0, 0.0, 0.0, 0.0, 0.0, 0.0, 0.0, 0.0, 0.0, 0.0, 0.0, 0.0, 0.0, 0.0, 0.0, 0.0, 0.0, 0.0, 0.0, 0.0, 0.0, 0.0, 0.0, 0.0, 0.0, 0.0, 0.0, 0.0, 0.0, 0.0, 0.0, 0.0, 0.0, 0.0, 0.0, 0.0, 0.0, 0.0, 0.0, 0.0, 0.0, 0.0, 0.0, 0.0, 0.0, 0.0, 0.0, 0.0, 0.0, 0.0, 0.0, 0.0, 0.0, 0.0, 0.0, 0.0, 0.0, 0.0, 0.0, 0.0, 0.0, 0.0, 0.0, 0.0, 0.0, 0.0, 0.0, 0.0, 0.0, 0.0, 0.0, 0.0, 0.0, 0.0, 0.0, 0.0, 0.0, 0.0, 0.0, 0.0, 0.0, 0.0, 0.0, 0.0, 0.0, 0.0, 0.0, 0.0, 0.0, 0.0, 0.0, 0.0, 0.0, 0.0, 0.0, 0.0, 0.0, 0.0, 0.0, 0.0, 0.0, 0.0, 0.0, 0.0, 0.0, 0.0, 0.0, 0.0, 0.0, 0.0, 0.0, 0.0, 0.0, 0.0, 0.0, 0.0, 0.0, 0.0, 0.0, 0.0, 0.0, 0.0, 0.0, 0.0, 0.0, 0.0, 0.0, 0.0, 0.0, 0.0, 0.0, 0.0, 0.0, 0.0, 0.0, 0.0, 0.0, 0.0, 0.0, 0.0, 0.0, 0.0, 0.0, 0.0, 0.0, 0.0, 0.0, 0.0, 0.0, 0.0, 0.0, 0.0, 0.0, 0.0, 0.0, 0.0, 0.0, 0.0, 0.0, 0.0, 0.0, 0.0, 0.0, 0.0, 0.0, 0.0, 0.0, 0.0, 0.0, 0.0, 0.0]
cong_K= Any[1, 2, 1, 2, 1, 2, 2, 1, 1, 1, 2, 2, 1, 3, 2, 1, 1, 1, 1, 2, 1, 1, 1, 1, 2, 2, 1, 1, 1, 2, 3, 1, 1, 1, 1, 1, 1, 2, 1, 1, 1, 1, 1] 
obj_k= Any[314962, 309973, 302852, 298259, 294259, 289492, 287336, 284701, 281477, 281086, 278831, 276205, 275637, 273579, 273202, 273167, 272876, 271651, 270857, 269880, 269372, 269091, 268831, 268745, 268023, 267398, 266361, 265873, 265662, 265090, 262778, 262545, 262485, 261602, 260506, 259872, 259848, 259402, 259378, 259058, 258987, 258709, 258581] 
iter_obj = Any[1, 2, 3, 4, 5, 6, 7, 8, 9, 10, 11, 15, 17, 18, 19, 20, 22, 23, 25, 29, 31, 35, 38, 43, 48, 52, 53, 59, 63, 64, 65, 67, 72, 86, 91, 98, 101, 150, 155, 169, 184, 235, 275] 
