n° iter       = 600 
neighborhood_structure = [1 2 3] 
Prioridad     = 15 
balance       = 1.0 
Len_N         = 3 
N° clusters   = 15 
N° estaciones = 452 
N° mejoras    = 33
N° iter completadas  = 409
1° FO         = 348597.0
FO            = 259456
Centros       = [20, 22, 69, 72, 87, 137, 214, 218, 275, 282, 305, 344, 362, 415, 427]
C = [0, 0, 0, 0, 0, 0, 0, 0, 0, 0, 0, 0, 0, 0, 0, 0, 0, 0, 0, 1, 0, 1, 0, 0, 0, 0, 0, 0, 0, 0, 0, 0, 0, 0, 0, 0, 0, 0, 0, 0, 0, 0, 0, 0, 0, 0, 0, 0, 0, 0, 0, 0, 0, 0, 0, 0, 0, 0, 0, 0, 0, 0, 0, 0, 0, 0, 0, 0, 1, 0, 0, 1, 0, 0, 0, 0, 0, 0, 0, 0, 0, 0, 0, 0, 0, 0, 1, 0, 0, 0, 0, 0, 0, 0, 0, 0, 0, 0, 0, 0, 0, 0, 0, 0, 0, 0, 0, 0, 0, 0, 0, 0, 0, 0, 0, 0, 0, 0, 0, 0, 0, 0, 0, 0, 0, 0, 0, 0, 0, 0, 0, 0, 0, 0, 0, 0, 1, 0, 0, 0, 0, 0, 0, 0, 0, 0, 0, 0, 0, 0, 0, 0, 0, 0, 0, 0, 0, 0, 0, 0, 0, 0, 0, 0, 0, 0, 0, 0, 0, 0, 0, 0, 0, 0, 0, 0, 0, 0, 0, 0, 0, 0, 0, 0, 0, 0, 0, 0, 0, 0, 0, 0, 0, 0, 0, 0, 0, 0, 0, 0, 0, 0, 0, 0, 0, 0, 0, 0, 0, 0, 0, 0, 0, 1, 0, 0, 0, 1, 0, 0, 0, 0, 0, 0, 0, 0, 0, 0, 0, 0, 0, 0, 0, 0, 0, 0, 0, 0, 0, 0, 0, 0, 0, 0, 0, 0, 0, 0, 0, 0, 0, 0, 0, 0, 0, 0, 0, 0, 0, 0, 0, 0, 0, 0, 0, 0, 0, 0, 0, 0, 0, 0, 0, 0, 1, 0, 0, 0, 0, 0, 0, 1, 0, 0, 0, 0, 0, 0, 0, 0, 0, 0, 0, 0, 0, 0, 0, 0, 0, 0, 0, 0, 0, 0, 1, 0, 0, 0, 0, 0, 0, 0, 0, 0, 0, 0, 0, 0, 0, 0, 0, 0, 0, 0, 0, 0, 0, 0, 0, 0, 0, 0, 0, 0, 0, 0, 0, 0, 0, 0, 0, 0, 0, 1, 0, 0, 0, 0, 0, 0, 0, 0, 0, 0, 0, 0, 0, 0, 0, 0, 0, 1, 0, 0, 0, 0, 0, 0, 0, 0, 0, 0, 0, 0, 0, 0, 0, 0, 0, 0, 0, 0, 0, 0, 0, 0, 0, 0, 0, 0, 0, 0, 0, 0, 0, 0, 0, 0, 0, 0, 0, 0, 0, 0, 0, 0, 0, 0, 0, 0, 0, 0, 0, 0, 1, 0, 0, 0, 0, 0, 0, 0, 0, 0, 0, 0, 1, 0, 0, 0, 0, 0, 0, 0, 0, 0, 0, 0, 0, 0, 0, 0, 0, 0, 0, 0, 0, 0, 0, 0, 0, 0]
E = [20, 22, 20, 22, 22, 20, 22, 20, 22, 20, 20, 20, 22, 22, 22, 22, 22, 20, 20, 20, 22, 22, 22, 22, 22, 20, 20, 22, 275, 20, 20, 22, 22, 20, 20, 22, 22, 22, 22, 137, 275, 22, 87, 22, 22, 22, 22, 87, 72, 22, 69, 87, 72, 69, 87, 69, 72, 69, 69, 72, 69, 72, 69, 69, 87, 72, 72, 72, 69, 69, 69, 72, 72, 69, 72, 69, 72, 72, 72, 69, 69, 87, 69, 69, 20, 20, 87, 87, 87, 87, 87, 87, 87, 87, 87, 87, 87, 87, 87, 87, 87, 87, 275, 87, 87, 87, 20, 87, 87, 87, 20, 20, 20, 20, 20, 20, 20, 20, 20, 20, 137, 87, 137, 137, 137, 137, 137, 137, 137, 137, 137, 137, 137, 137, 137, 137, 137, 137, 137, 137, 137, 69, 137, 137, 137, 69, 137, 137, 137, 69, 69, 69, 69, 69, 69, 69, 69, 282, 282, 275, 69, 282, 282, 282, 282, 72, 72, 72, 72, 72, 72, 72, 305, 275, 305, 275, 72, 72, 69, 69, 72, 305, 20, 72, 72, 72, 72, 72, 72, 72, 72, 218, 218, 22, 218, 218, 214, 214, 214, 218, 218, 214, 218, 218, 218, 214, 218, 218, 214, 218, 218, 218, 214, 214, 214, 214, 218, 218, 214, 214, 214, 218, 218, 218, 218, 218, 214, 214, 214, 214, 218, 218, 214, 218, 214, 214, 218, 218, 218, 214, 214, 214, 214, 218, 218, 218, 218, 22, 22, 22, 22, 22, 22, 275, 20, 275, 20, 72, 275, 275, 22, 87, 20, 275, 275, 275, 275, 275, 275, 275, 275, 275, 275, 275, 275, 282, 282, 282, 282, 282, 282, 282, 282, 305, 305, 305, 305, 305, 305, 305, 305, 282, 282, 282, 282, 282, 282, 282, 282, 305, 305, 305, 305, 305, 305, 305, 305, 305, 305, 305, 305, 305, 305, 305, 305, 305, 282, 282, 282, 282, 344, 344, 344, 344, 305, 305, 305, 305, 362, 362, 362, 362, 362, 362, 305, 344, 344, 344, 344, 344, 344, 344, 344, 344, 362, 362, 362, 362, 362, 362, 362, 362, 362, 362, 362, 344, 344, 344, 344, 344, 362, 362, 362, 362, 362, 362, 362, 362, 362, 362, 415, 415, 344, 344, 344, 344, 344, 344, 415, 415, 415, 415, 362, 362, 362, 362, 415, 415, 415, 415, 415, 415, 415, 415, 415, 415, 415, 427, 427, 427, 427, 427, 427, 344, 427, 427, 427, 427, 427, 427, 427, 427, 415, 415, 415, 415, 415, 415, 415, 415, 415, 415, 415, 415, 427, 427, 427, 427, 427, 427, 427, 427, 427, 427, 415, 415, 415, 415, 427, 427, 427, 427, 427, 427, 427, 427, 22, 87, 22, 275, 214, 218]
Objs= Any[348597.0, 333428, 321301, 310664, 306005, 304130, 298648, 297325, 292428, 287630, 283301, 281083, 280085, 276995, 276853, 276506, 276506, 276506, 276506, 275580, 275580, 275580, 275580, 275232, 275232, 273684, 273684, 272897, 270305, 270305, 270305, 270305, 269100, 269100, 269100, 269100, 269100, 269100, 269100, 269100, 269100, 269100, 269100, 267420, 267420, 267420, 267420, 267420, 266089, 266089, 265326, 263575, 263575, 263575, 263575, 263575, 263575, 263575, 263575, 262750, 262750, 262750, 262750, 262750, 262420, 261392, 261392, 261392, 261392, 261392, 261392, 261392, 261392, 261392, 260812, 260812, 260812, 260812, 260812, 260812, 260812, 260812, 260812, 260812, 260812, 260812, 260812, 260812, 260812, 260812, 260812, 260812, 260812, 259964, 259964, 259964, 259964, 259964, 259964, 259964, 259964, 259964, 259959, 259959, 259959, 259959, 259959, 259959, 259959, 259959, 259959, 259959, 259959, 259959, 259959, 259959, 259959, 259959, 259959, 259959, 259959, 259959, 259959, 259959, 259959, 259959, 259959, 259959, 259959, 259959, 259959, 259959, 259959, 259959, 259959, 259959, 259959, 259959, 259959, 259959, 259959, 259959, 259959, 259959, 259959, 259959, 259959, 259959, 259959, 259959, 259959, 259959, 259959, 259959, 259959, 259959, 259959, 259959, 259959, 259959, 259959, 259959, 259959, 259959, 259959, 259959, 259959, 259959, 259959, 259959, 259959, 259959, 259959, 259959, 259959, 259959, 259959, 259959, 259959, 259959, 259959, 259959, 259959, 259959, 259959, 259959, 259959, 259959, 259959, 259959, 259959, 259959, 259959, 259959, 259959, 259959, 259959, 259959, 259959, 259959, 259959, 259959, 259959, 259959, 259959, 259959, 259959, 259959, 259959, 259959, 259959, 259959, 259959, 259959, 259959, 259959, 259959, 259959, 259959, 259959, 259959, 259959, 259959, 259959, 259959, 259959, 259959, 259959, 259959, 259959, 259959, 259959, 259959, 259959, 259959, 259959, 259959, 259959, 259959, 259959, 259959, 259959, 259959, 259959, 259959, 259959, 259959, 259959, 259959, 259959, 259959, 259776, 259776, 259776, 259776, 259776, 259776, 259776, 259776, 259776, 259456, 259456, 259456, 259456, 259456, 259456, 259456, 259456, 259456, 259456, 259456, 259456, 259456, 259456, 259456, 259456, 259456, 259456, 259456, 259456, 259456, 259456, 259456, 259456, 259456, 259456, 259456, 259456, 259456, 259456, 259456, 259456, 259456, 259456, 259456, 259456, 259456, 259456, 259456, 259456, 259456, 259456, 259456, 259456, 259456, 259456, 259456, 259456, 259456, 259456, 259456, 259456, 259456, 259456, 259456, 259456, 259456, 259456, 259456, 259456, 259456, 259456, 259456, 259456, 259456, 259456, 259456, 259456, 259456, 259456, 259456, 259456, 259456, 259456, 259456, 259456, 259456, 259456, 259456, 259456, 259456, 259456, 259456, 259456, 259456, 259456, 259456, 259456, 259456, 259456, 259456, 259456, 259456, 259456, 259456, 259456, 259456, 259456, 259456, 259456, 259456, 259456, 259456, 259456, 259456, 259456, 259456, 259456, 259456, 259456, 259456, 259456, 259456, 259456, 259456, 259456, 259456, 259456, 259456, 259456, 259456, 259456, 259456, 259456, 259456, 259456, 259456, 259456, 259456, 259456, 259456, 259456, 259456, 259456, 259456, 259456, 259456, 259456, 259456, 259456, 259456, 259456, 259456, 259456, 259456, 259456, 259456, 259456, 259456, 259456]
current_obj = [333428.0, 321301.0, 310664.0, 306005.0, 304130.0, 298648.0, 297325.0, 292428.0, 287630.0, 283301.0, 281083.0, 280085.0, 276995.0, 276853.0, 276506.0, 276995.0, 280448.0, 279101.0, 275580.0, 276723.0, 275881.0, 276683.0, 275232.0, 276187.0, 273684.0, 274313.0, 272897.0, 270305.0, 272156.0, 274111.0, 271188.0, 269100.0, 269440.0, 269440.0, 271365.0, 269111.0, 270522.0, 271354.0, 269118.0, 270107.0, 269564.0, 271056.0, 267420.0, 267644.0, 269016.0, 268806.0, 267950.0, 266089.0, 267672.0, 265326.0, 263575.0, 263817.0, 267197.0, 264870.0, 265175.0, 264242.0, 264871.0, 266695.0, 262750.0, 263627.0, 262986.0, 263442.0, 263935.0, 262420.0, 261392.0, 262277.0, 263474.0, 263023.0, 266836.0, 263157.0, 261666.0, 263881.0, 262931.0, 260812.0, 262582.0, 265973.0, 263304.0, 261635.0, 261325.0, 262465.0, 261677.0, 262327.0, 261833.0, 261201.0, 265569.0, 262465.0, 262508.0, 260829.0, 264153.0, 264179.0, 263775.0, 261864.0, 259964.0, 262248.0, 261576.0, 264869.0, 260084.0, 265107.0, 260985.0, 261476.0, 262186.0, 259959.0, 263182.0, 262631.0, 262534.0, 260824.0, 263480.0, 261495.0, 260549.0, 260248.0, 260263.0, 264612.0, 262692.0, 262978.0, 260549.0, 264489.0, 261118.0, 262820.0, 261564.0, 260033.0, 262771.0, 261576.0, 263054.0, 262661.0, 260313.0, 261831.0, 260472.0, 261015.0, 261463.0, 261851.0, 260807.0, 260971.0, 260048.0, 261760.0, 260227.0, 260807.0, 262531.0, 261547.0, 260096.0, 263159.0, 261485.0, 262264.0, 260681.0, 260472.0, 262842.0, 260844.0, 261596.0, 260539.0, 260475.0, 261409.0, 261015.0, 260079.0, 265763.0, 261961.0, 260492.0, 263480.0, 260980.0, 262764.0, 262880.0, 260549.0, 261276.0, 260472.0, 260248.0, 261941.0, 263182.0, 260263.0, 260113.0, 260681.0, 261083.0, 260536.0, 261083.0, 260035.0, 260549.0, 261595.0, 260659.0, 260730.0, 260913.0, 260475.0, 261451.0, 263856.0, 260136.0, 260438.0, 262082.0, 261997.0, 263580.0, 261175.0, 262340.0, 260214.0, 263564.0, 260971.0, 262241.0, 261458.0, 263403.0, 261961.0, 262424.0, 260918.0, 262767.0, 260884.0, 262421.0, 260227.0, 262138.0, 261961.0, 260227.0, 261571.0, 261484.0, 260602.0, 262204.0, 260411.0, 261740.0, 261327.0, 266069.0, 260836.0, 260721.0, 264358.0, 261216.0, 260233.0, 262065.0, 265820.0, 261852.0, 261210.0, 263201.0, 261140.0, 260227.0, 263700.0, 261495.0, 260472.0, 260536.0, 263409.0, 260348.0, 261997.0, 261273.0, 264086.0, 261495.0, 260598.0, 261804.0, 260233.0, 262535.0, 260492.0, 259964.0, 263801.0, 260492.0, 263395.0, 261941.0, 263716.0, 260124.0, 261273.0, 260227.0, 262544.0, 260136.0, 262204.0, 259776.0, 260905.0, 264066.0, 262241.0, 260373.0, 262351.0, 260353.0, 261363.0, 263318.0, 259456.0, 260538.0, 259498.0, 265373.0, 259730.0, 260309.0, 261701.0, 265914.0, 262067.0, 261102.0, 261179.0, 260488.0, 261242.0, 260178.0, 259500.0, 260577.0, 260295.0, 260564.0, 259935.0, 260200.0, 260713.0, 260512.0, 260635.0, 261863.0, 262041.0, 262158.0, 264798.0, 260178.0, 260279.0, 261300.0, 259936.0, 259575.0, 259576.0, 261621.0, 259936.0, 260552.0, 260894.0, 261089.0, 261257.0, 262402.0, 262456.0, 262910.0, 262456.0, 262739.0, 260080.0, 261120.0, 259706.0, 263125.0, 260080.0, 263522.0, 260992.0, 261961.0, 260295.0, 262028.0, 262416.0, 260770.0, 260637.0, 263223.0, 260692.0, 260299.0, 261409.0, 261120.0, 260585.0, 260670.0, 264397.0, 260028.0, 261458.0, 261612.0, 261714.0, 262140.0, 260046.0, 260415.0, 260585.0, 260637.0, 259639.0, 261174.0, 262274.0, 259606.0, 262060.0, 260816.0, 262167.0, 263780.0, 260200.0, 260681.0, 260053.0, 261907.0, 261089.0, 261831.0, 263570.0, 261560.0, 261701.0, 260644.0, 261616.0, 259593.0, 259575.0, 260894.0, 259593.0, 259593.0, 265217.0, 263533.0, 262448.0, 263916.0, 260615.0, 261142.0, 264793.0, 262074.0, 260178.0, 261409.0, 261769.0, 261458.0, 262028.0, 261912.0, 261179.0, 260603.0, 261102.0, 260046.0, 260080.0, 261142.0, 261825.0, 259593.0, 262416.0, 260911.0, 261276.0, 261560.0, 260033.0, 262508.0, 259566.0, 261894.0, 260820.0, 263411.0, 260816.0, 259637.0, 259692.0, 260585.0, 262067.0, 261179.0, 262031.0, 262247.0, 261320.0, 259621.0, 260538.0, 261955.0, 262031.0, 262140.0, 259475.0, 259692.0, 262370.0, 261248.0, 260457.0, 261560.0, 261195.0, 0.0, 0.0, 0.0, 0.0, 0.0, 0.0, 0.0, 0.0, 0.0, 0.0, 0.0, 0.0, 0.0, 0.0, 0.0, 0.0, 0.0, 0.0, 0.0, 0.0, 0.0, 0.0, 0.0, 0.0, 0.0, 0.0, 0.0, 0.0, 0.0, 0.0, 0.0, 0.0, 0.0, 0.0, 0.0, 0.0, 0.0, 0.0, 0.0, 0.0, 0.0, 0.0, 0.0, 0.0, 0.0, 0.0, 0.0, 0.0, 0.0, 0.0, 0.0, 0.0, 0.0, 0.0, 0.0, 0.0, 0.0, 0.0, 0.0, 0.0, 0.0, 0.0, 0.0, 0.0, 0.0, 0.0, 0.0, 0.0, 0.0, 0.0, 0.0, 0.0, 0.0, 0.0, 0.0, 0.0, 0.0, 0.0, 0.0, 0.0, 0.0, 0.0, 0.0, 0.0, 0.0, 0.0, 0.0, 0.0, 0.0, 0.0, 0.0, 0.0, 0.0, 0.0, 0.0, 0.0, 0.0, 0.0, 0.0, 0.0, 0.0, 0.0, 0.0, 0.0, 0.0, 0.0, 0.0, 0.0, 0.0, 0.0, 0.0, 0.0, 0.0, 0.0, 0.0, 0.0, 0.0, 0.0, 0.0, 0.0, 0.0, 0.0, 0.0, 0.0, 0.0, 0.0, 0.0, 0.0, 0.0, 0.0, 0.0, 0.0, 0.0, 0.0, 0.0, 0.0, 0.0, 0.0, 0.0, 0.0, 0.0, 0.0, 0.0, 0.0, 0.0, 0.0, 0.0, 0.0, 0.0, 0.0, 0.0, 0.0, 0.0, 0.0, 0.0, 0.0, 0.0, 0.0, 0.0, 0.0, 0.0, 0.0, 0.0, 0.0, 0.0, 0.0, 0.0, 0.0, 0.0, 0.0, 0.0, 0.0, 0.0, 0.0, 0.0, 0.0, 0.0, 0.0, 0.0, 0.0, 0.0, 0.0, 0.0, 0.0, 0.0, 0.0, 0.0, 0.0, 0.0, 0.0]
cong_K= Any[2, 3, 3, 1, 1, 2, 2, 3, 2, 1, 3, 3, 2, 1, 1, 2, 1, 1, 1, 2, 1, 1, 1, 2, 2, 1, 2, 2, 1, 1, 1, 1, 1] 
obj_k= Any[333428, 321301, 310664, 306005, 304130, 298648, 297325, 292428, 287630, 283301, 281083, 280085, 276995, 276853, 276506, 275580, 275232, 273684, 272897, 270305, 269100, 267420, 266089, 265326, 263575, 262750, 262420, 261392, 260812, 259964, 259959, 259776, 259456] 
iter_obj = Any[1, 2, 3, 4, 5, 6, 7, 8, 9, 10, 11, 12, 13, 14, 15, 19, 23, 25, 27, 28, 32, 43, 48, 50, 51, 59, 64, 65, 74, 93, 102, 251, 260] 
