n° iter       = 600 
neighborhood_structure = [1 2 3] 
Prioridad     = 15 
balance       = 1.0 
Len_N         = 3 
N° clusters   = 15 
N° estaciones = 452 
N° mejoras    = 40
N° iter completadas  = 575
1° FO         = 325289.0
FO            = 258456
Centros       = [22, 72, 87, 115, 134, 152, 214, 218, 275, 298, 307, 360, 362, 415, 428]
C = [0, 0, 0, 0, 0, 0, 0, 0, 0, 0, 0, 0, 0, 0, 0, 0, 0, 0, 0, 0, 0, 1, 0, 0, 0, 0, 0, 0, 0, 0, 0, 0, 0, 0, 0, 0, 0, 0, 0, 0, 0, 0, 0, 0, 0, 0, 0, 0, 0, 0, 0, 0, 0, 0, 0, 0, 0, 0, 0, 0, 0, 0, 0, 0, 0, 0, 0, 0, 0, 0, 0, 1, 0, 0, 0, 0, 0, 0, 0, 0, 0, 0, 0, 0, 0, 0, 1, 0, 0, 0, 0, 0, 0, 0, 0, 0, 0, 0, 0, 0, 0, 0, 0, 0, 0, 0, 0, 0, 0, 0, 0, 0, 0, 0, 1, 0, 0, 0, 0, 0, 0, 0, 0, 0, 0, 0, 0, 0, 0, 0, 0, 0, 0, 1, 0, 0, 0, 0, 0, 0, 0, 0, 0, 0, 0, 0, 0, 0, 0, 0, 0, 1, 0, 0, 0, 0, 0, 0, 0, 0, 0, 0, 0, 0, 0, 0, 0, 0, 0, 0, 0, 0, 0, 0, 0, 0, 0, 0, 0, 0, 0, 0, 0, 0, 0, 0, 0, 0, 0, 0, 0, 0, 0, 0, 0, 0, 0, 0, 0, 0, 0, 0, 0, 0, 0, 0, 0, 0, 0, 0, 0, 0, 0, 1, 0, 0, 0, 1, 0, 0, 0, 0, 0, 0, 0, 0, 0, 0, 0, 0, 0, 0, 0, 0, 0, 0, 0, 0, 0, 0, 0, 0, 0, 0, 0, 0, 0, 0, 0, 0, 0, 0, 0, 0, 0, 0, 0, 0, 0, 0, 0, 0, 0, 0, 0, 0, 0, 0, 0, 0, 0, 0, 0, 0, 1, 0, 0, 0, 0, 0, 0, 0, 0, 0, 0, 0, 0, 0, 0, 0, 0, 0, 0, 0, 0, 0, 0, 1, 0, 0, 0, 0, 0, 0, 0, 0, 1, 0, 0, 0, 0, 0, 0, 0, 0, 0, 0, 0, 0, 0, 0, 0, 0, 0, 0, 0, 0, 0, 0, 0, 0, 0, 0, 0, 0, 0, 0, 0, 0, 0, 0, 0, 0, 0, 0, 0, 0, 0, 0, 0, 0, 0, 0, 0, 0, 0, 0, 0, 0, 1, 0, 1, 0, 0, 0, 0, 0, 0, 0, 0, 0, 0, 0, 0, 0, 0, 0, 0, 0, 0, 0, 0, 0, 0, 0, 0, 0, 0, 0, 0, 0, 0, 0, 0, 0, 0, 0, 0, 0, 0, 0, 0, 0, 0, 0, 0, 0, 0, 0, 0, 0, 0, 0, 0, 1, 0, 0, 0, 0, 0, 0, 0, 0, 0, 0, 0, 0, 1, 0, 0, 0, 0, 0, 0, 0, 0, 0, 0, 0, 0, 0, 0, 0, 0, 0, 0, 0, 0, 0, 0, 0, 0]
E = [115, 22, 115, 22, 22, 115, 22, 115, 22, 115, 115, 115, 22, 22, 22, 22, 22, 115, 115, 115, 22, 22, 22, 22, 22, 115, 115, 22, 275, 115, 115, 22, 22, 115, 115, 22, 22, 22, 22, 134, 275, 22, 87, 22, 22, 22, 134, 87, 72, 22, 22, 87, 72, 152, 87, 134, 72, 152, 152, 72, 152, 72, 152, 152, 87, 72, 72, 72, 152, 152, 152, 72, 72, 152, 72, 152, 72, 72, 72, 152, 152, 87, 152, 152, 115, 115, 87, 87, 87, 87, 87, 87, 87, 87, 87, 87, 87, 87, 87, 87, 87, 87, 275, 87, 87, 87, 115, 115, 87, 87, 115, 115, 115, 115, 115, 115, 115, 115, 115, 115, 115, 87, 134, 134, 115, 134, 134, 134, 134, 134, 134, 134, 134, 134, 134, 134, 134, 134, 134, 134, 134, 152, 134, 134, 134, 152, 134, 134, 134, 152, 152, 152, 152, 152, 152, 152, 152, 152, 152, 275, 152, 152, 152, 152, 152, 72, 72, 72, 72, 72, 72, 72, 307, 275, 307, 275, 72, 72, 152, 152, 72, 152, 115, 72, 72, 72, 72, 72, 72, 72, 72, 218, 218, 22, 218, 218, 214, 214, 214, 218, 218, 214, 218, 218, 218, 214, 218, 218, 214, 218, 218, 218, 214, 214, 214, 214, 218, 218, 214, 214, 214, 218, 218, 218, 218, 218, 214, 214, 214, 214, 218, 218, 214, 218, 214, 214, 218, 218, 218, 214, 214, 214, 214, 218, 218, 218, 218, 22, 22, 22, 22, 22, 22, 275, 115, 275, 115, 72, 275, 275, 22, 87, 115, 275, 275, 275, 275, 275, 275, 275, 275, 275, 275, 275, 275, 298, 298, 298, 298, 298, 298, 298, 298, 307, 307, 307, 307, 307, 307, 307, 307, 298, 298, 298, 298, 298, 298, 298, 298, 298, 307, 307, 307, 307, 307, 307, 307, 307, 307, 307, 307, 307, 307, 307, 307, 307, 298, 298, 298, 298, 298, 298, 298, 298, 307, 307, 307, 307, 362, 362, 362, 362, 362, 362, 307, 360, 360, 360, 360, 360, 360, 360, 360, 360, 362, 362, 362, 362, 362, 362, 362, 362, 362, 362, 362, 360, 360, 360, 360, 360, 362, 362, 362, 362, 362, 362, 362, 362, 362, 362, 415, 360, 360, 360, 360, 360, 360, 360, 415, 415, 415, 415, 362, 362, 362, 362, 415, 415, 415, 415, 415, 415, 415, 415, 415, 415, 360, 360, 360, 360, 360, 428, 428, 360, 428, 428, 428, 428, 428, 428, 428, 428, 415, 415, 415, 415, 415, 415, 415, 415, 415, 415, 415, 415, 428, 428, 428, 428, 428, 428, 428, 428, 415, 415, 415, 415, 415, 415, 415, 428, 428, 428, 428, 428, 428, 428, 22, 87, 22, 275, 214, 218]
Objs= Any[325289.0, 308162, 300265, 297132, 293048, 287998, 287110, 287110, 283357, 282763, 282763, 282500, 281338, 279962, 279779, 278524, 278524, 276788, 276665, 276635, 271035, 267721, 267155, 267155, 265809, 265809, 265809, 265530, 264614, 264614, 264424, 264424, 264424, 264424, 264386, 264386, 264386, 264386, 264386, 264386, 264386, 264386, 264386, 263796, 263796, 263796, 263796, 263796, 263796, 263796, 263796, 263796, 263586, 263586, 263586, 263586, 263224, 263224, 263224, 263224, 263224, 263224, 263224, 263224, 263224, 263224, 263224, 263224, 263224, 263224, 263224, 263224, 262782, 262782, 262782, 262782, 262782, 262782, 262782, 262782, 262782, 262782, 262782, 262782, 262782, 262782, 262348, 262348, 262348, 262348, 262348, 262348, 262348, 262348, 262348, 262348, 262348, 262348, 261123, 261123, 261123, 261123, 261123, 261123, 261123, 261123, 261123, 261123, 261123, 261123, 261123, 261123, 261123, 261123, 261123, 261123, 261123, 261123, 261123, 261123, 261123, 261123, 261123, 261123, 261123, 261123, 261123, 261089, 261089, 261089, 261089, 261089, 261089, 261089, 261089, 261089, 261089, 260106, 260106, 260106, 260106, 260106, 260106, 260106, 260106, 260106, 260106, 260106, 260106, 260106, 260106, 260106, 260106, 260106, 260106, 260106, 260106, 260106, 260106, 260106, 260106, 260106, 260106, 260106, 260106, 260106, 260106, 260106, 260106, 260106, 260106, 260106, 260106, 260106, 260106, 260106, 260106, 260106, 260106, 260106, 260106, 260106, 260106, 260106, 260106, 260106, 260106, 260106, 260106, 260106, 260106, 260106, 260106, 260106, 260106, 260106, 260106, 260106, 260106, 260106, 260106, 260106, 260106, 260106, 260106, 260106, 260106, 260106, 260106, 260106, 260106, 260106, 260106, 260106, 260106, 260106, 260106, 260106, 260106, 260106, 260106, 260106, 260106, 260106, 260106, 260106, 260106, 260106, 260106, 260106, 260106, 260106, 260106, 260106, 260106, 260106, 260106, 260106, 260106, 260106, 260106, 260106, 260106, 260106, 260106, 260106, 260106, 260106, 260106, 260106, 260106, 260106, 260106, 260106, 260106, 260105, 260105, 260105, 260105, 260105, 260105, 260105, 260105, 260105, 260105, 260105, 260105, 260105, 260105, 260105, 260105, 260105, 260105, 260105, 260105, 260105, 259888, 259888, 259888, 259888, 259888, 259888, 259888, 259888, 259888, 259888, 259888, 259888, 259888, 259888, 259888, 259888, 259888, 259888, 259888, 259888, 259882, 259882, 259882, 259882, 259882, 259882, 259882, 259330, 259330, 259330, 259330, 259330, 259330, 259330, 259330, 259330, 259330, 259330, 259330, 259330, 259330, 259330, 259330, 259330, 259330, 259330, 259330, 259330, 259330, 259330, 259330, 259330, 259330, 259330, 259330, 259330, 259330, 259330, 259330, 259330, 259330, 259330, 259330, 259330, 259330, 259330, 259330, 259330, 259330, 258788, 258788, 258788, 258788, 258788, 258788, 258788, 258788, 258788, 258788, 258788, 258788, 258788, 258788, 258788, 258742, 258742, 258742, 258742, 258742, 258742, 258742, 258742, 258742, 258742, 258475, 258475, 258475, 258475, 258475, 258475, 258475, 258475, 258475, 258475, 258475, 258475, 258475, 258475, 258475, 258475, 258475, 258475, 258475, 258475, 258475, 258475, 258475, 258475, 258475, 258475, 258475, 258475, 258475, 258475, 258475, 258475, 258475, 258475, 258475, 258475, 258475, 258475, 258475, 258475, 258475, 258475, 258475, 258475, 258475, 258475, 258475, 258475, 258475, 258475, 258475, 258475, 258475, 258475, 258475, 258475, 258456, 258456, 258456, 258456, 258456, 258456, 258456, 258456, 258456, 258456, 258456, 258456, 258456, 258456, 258456, 258456, 258456, 258456, 258456, 258456, 258456, 258456, 258456, 258456, 258456, 258456, 258456, 258456, 258456, 258456, 258456, 258456, 258456, 258456, 258456, 258456, 258456, 258456, 258456, 258456, 258456, 258456, 258456, 258456, 258456, 258456, 258456, 258456, 258456, 258456, 258456, 258456, 258456, 258456, 258456, 258456, 258456, 258456, 258456, 258456, 258456, 258456, 258456, 258456, 258456, 258456, 258456, 258456, 258456, 258456, 258456, 258456, 258456, 258456, 258456, 258456, 258456, 258456, 258456, 258456, 258456, 258456, 258456, 258456, 258456, 258456, 258456, 258456, 258456, 258456, 258456, 258456, 258456, 258456, 258456, 258456, 258456, 258456, 258456, 258456, 258456, 258456, 258456, 258456, 258456, 258456, 258456, 258456, 258456, 258456, 258456, 258456, 258456, 258456, 258456, 258456, 258456, 258456, 258456, 258456, 258456, 258456, 258456, 258456, 258456, 258456, 258456, 258456, 258456, 258456, 258456, 258456, 258456, 258456, 258456, 258456, 258456, 258456, 258456, 258456, 258456, 258456, 258456, 258456, 258456, 258456, 258456, 258456, 258456, 258456]
current_obj = [308162.0, 300265.0, 297132.0, 293048.0, 287998.0, 287110.0, 287611.0, 283357.0, 282763.0, 284250.0, 282500.0, 281338.0, 279962.0, 279779.0, 278524.0, 279506.0, 276788.0, 276665.0, 276635.0, 271035.0, 267721.0, 267155.0, 267246.0, 265809.0, 267432.0, 269953.0, 265530.0, 264614.0, 265231.0, 264424.0, 265661.0, 267556.0, 265284.0, 264386.0, 264925.0, 265528.0, 264838.0, 265785.0, 264666.0, 266161.0, 265216.0, 266703.0, 263796.0, 265946.0, 265186.0, 263836.0, 264489.0, 264581.0, 263963.0, 265528.0, 264059.0, 263586.0, 263892.0, 263736.0, 264012.0, 263224.0, 265097.0, 264424.0, 264234.0, 264300.0, 267313.0, 264300.0, 263637.0, 265606.0, 265096.0, 263801.0, 265407.0, 263946.0, 264234.0, 263946.0, 267274.0, 262782.0, 263359.0, 263088.0, 263343.0, 264176.0, 262975.0, 264927.0, 263248.0, 264965.0, 264766.0, 262902.0, 264052.0, 263437.0, 263165.0, 262348.0, 263570.0, 263184.0, 263731.0, 264452.0, 266167.0, 263476.0, 262471.0, 264525.0, 268243.0, 262568.0, 265728.0, 261123.0, 261983.0, 263195.0, 261243.0, 262696.0, 262116.0, 262171.0, 261603.0, 263034.0, 261512.0, 261429.0, 264226.0, 261479.0, 261343.0, 261243.0, 261273.0, 263733.0, 262721.0, 262558.0, 265038.0, 261943.0, 261276.0, 262348.0, 261639.0, 264313.0, 265350.0, 262085.0, 261713.0, 263097.0, 261089.0, 262429.0, 262692.0, 262456.0, 264482.0, 265251.0, 261243.0, 261807.0, 263375.0, 261569.0, 260106.0, 265441.0, 260934.0, 261722.0, 260260.0, 262366.0, 260838.0, 262481.0, 260402.0, 262517.0, 261089.0, 260299.0, 264891.0, 263025.0, 261089.0, 261068.0, 261491.0, 262185.0, 262429.0, 262026.0, 260696.0, 260256.0, 262952.0, 260832.0, 260770.0, 261313.0, 261509.0, 261722.0, 261978.0, 260517.0, 260926.0, 262849.0, 265924.0, 261571.0, 264836.0, 262594.0, 260991.0, 260824.0, 261692.0, 262263.0, 260388.0, 261722.0, 261709.0, 260586.0, 260696.0, 264153.0, 260586.0, 261590.0, 261212.0, 260238.0, 261583.0, 261605.0, 262919.0, 263373.0, 260517.0, 260981.0, 260238.0, 263009.0, 261068.0, 262594.0, 260838.0, 260624.0, 262529.0, 262185.0, 262026.0, 261571.0, 261951.0, 260412.0, 260998.0, 261331.0, 262758.0, 262133.0, 261605.0, 260951.0, 263203.0, 266299.0, 261491.0, 260619.0, 260787.0, 262129.0, 260757.0, 260586.0, 261571.0, 264853.0, 260402.0, 262772.0, 262806.0, 261212.0, 261473.0, 260691.0, 260787.0, 262178.0, 260256.0, 260412.0, 262059.0, 261590.0, 261965.0, 261074.0, 261709.0, 260757.0, 263151.0, 260757.0, 260787.0, 262924.0, 260696.0, 262429.0, 261313.0, 260662.0, 263501.0, 261514.0, 260624.0, 260901.0, 264152.0, 261328.0, 261331.0, 261514.0, 262222.0, 260839.0, 260105.0, 263922.0, 261338.0, 261589.0, 261426.0, 261589.0, 260178.0, 263780.0, 261294.0, 262177.0, 262014.0, 263485.0, 261233.0, 260411.0, 261684.0, 261307.0, 260769.0, 262896.0, 260516.0, 260747.0, 260990.0, 259888.0, 260229.0, 262860.0, 260542.0, 261212.0, 261562.0, 261209.0, 260217.0, 260081.0, 262513.0, 263433.0, 261262.0, 261001.0, 265067.0, 260547.0, 260441.0, 260142.0, 261623.0, 260892.0, 262554.0, 259882.0, 260871.0, 261685.0, 260995.0, 260855.0, 260543.0, 261098.0, 259330.0, 260129.0, 259984.0, 260170.0, 260862.0, 260169.0, 259331.0, 261520.0, 260006.0, 260651.0, 260644.0, 260258.0, 260208.0, 261170.0, 259336.0, 261202.0, 260861.0, 260896.0, 260659.0, 260660.0, 260944.0, 260314.0, 266079.0, 259984.0, 261794.0, 262009.0, 259659.0, 261004.0, 260437.0, 260708.0, 262970.0, 260208.0, 259336.0, 260314.0, 259920.0, 260659.0, 259336.0, 263102.0, 259729.0, 260935.0, 262474.0, 261160.0, 258788.0, 261816.0, 260945.0, 260360.0, 260041.0, 264797.0, 260118.0, 260019.0, 261579.0, 261156.0, 258794.0, 260589.0, 260709.0, 260367.0, 259717.0, 258742.0, 261049.0, 259717.0, 259843.0, 259979.0, 260780.0, 259994.0, 260145.0, 260937.0, 259862.0, 258475.0, 259738.0, 260898.0, 260965.0, 260579.0, 260378.0, 258991.0, 260128.0, 258603.0, 260320.0, 259959.0, 259786.0, 259732.0, 259725.0, 264619.0, 259703.0, 263260.0, 260378.0, 259472.0, 260498.0, 259296.0, 259671.0, 261619.0, 259725.0, 260125.0, 259903.0, 262082.0, 261717.0, 259379.0, 260128.0, 261158.0, 258483.0, 262156.0, 259257.0, 259098.0, 258991.0, 265682.0, 258912.0, 258912.0, 262662.0, 259703.0, 264905.0, 259617.0, 265297.0, 259987.0, 258984.0, 259284.0, 259028.0, 258611.0, 259379.0, 259458.0, 258790.0, 265646.0, 259052.0, 263871.0, 262373.0, 258456.0, 262353.0, 258693.0, 262371.0, 260879.0, 262497.0, 260210.0, 259296.0, 262106.0, 260764.0, 262044.0, 259719.0, 259132.0, 258475.0, 259747.0, 259852.0, 258855.0, 261629.0, 260050.0, 259769.0, 261096.0, 259009.0, 259175.0, 259713.0, 259940.0, 259079.0, 259723.0, 262044.0, 258478.0, 258785.0, 259652.0, 259940.0, 260073.0, 261607.0, 261339.0, 259678.0, 262497.0, 260959.0, 260006.0, 259940.0, 260649.0, 261181.0, 259925.0, 259046.0, 258845.0, 260114.0, 259667.0, 260888.0, 261686.0, 258969.0, 259917.0, 260522.0, 258610.0, 260796.0, 259334.0, 258478.0, 261132.0, 261216.0, 259723.0, 260779.0, 260241.0, 260196.0, 260418.0, 260745.0, 263864.0, 262434.0, 261122.0, 258893.0, 260560.0, 258926.0, 260114.0, 260646.0, 262280.0, 258559.0, 263745.0, 258893.0, 260959.0, 260668.0, 261843.0, 259925.0, 259678.0, 259610.0, 259075.0, 258893.0, 261213.0, 259723.0, 262774.0, 262044.0, 260745.0, 261018.0, 263092.0, 261843.0, 259248.0, 259333.0, 258965.0, 261554.0, 259333.0, 261026.0, 258464.0, 259117.0, 264397.0, 259940.0, 259046.0, 263075.0, 259341.0, 260377.0, 260193.0, 263186.0, 261098.0, 259867.0, 262071.0, 259028.0, 260613.0, 263006.0, 259333.0, 262633.0, 259265.0, 260328.0, 263141.0, 261685.0, 259723.0, 259009.0, 259341.0, 263578.0, 261020.0, 261665.0, 260137.0, 261067.0, 259333.0, 258610.0, 263177.0, 259412.0, 263578.0, 259265.0, 261185.0, 263943.0, 259713.0, 259175.0, 259277.0, 262046.0, 261615.0, 260649.0, 264006.0, 260560.0, 260338.0, 261861.0, 259079.0, 259265.0, 264581.0, 259678.0, 259457.0, 0.0, 0.0, 0.0, 0.0, 0.0, 0.0, 0.0, 0.0, 0.0, 0.0, 0.0, 0.0, 0.0, 0.0, 0.0, 0.0, 0.0, 0.0, 0.0, 0.0, 0.0, 0.0, 0.0, 0.0]
cong_K= Any[1, 1, 2, 2, 1, 1, 1, 1, 1, 1, 1, 1, 1, 1, 1, 3, 3, 2, 1, 1, 1, 2, 1, 1, 1, 2, 1, 1, 1, 1, 1, 1, 1, 2, 1, 1, 1, 1, 1, 1] 
obj_k= Any[308162, 300265, 297132, 293048, 287998, 287110, 283357, 282763, 282500, 281338, 279962, 279779, 278524, 276788, 276665, 276635, 271035, 267721, 267155, 265809, 265530, 264614, 264424, 264386, 263796, 263586, 263224, 262782, 262348, 261123, 261089, 260106, 260105, 259888, 259882, 259330, 258788, 258742, 258475, 258456] 
iter_obj = Any[1, 2, 3, 4, 5, 6, 8, 9, 11, 12, 13, 14, 15, 17, 18, 19, 20, 21, 22, 24, 27, 28, 30, 34, 43, 52, 56, 72, 86, 98, 127, 137, 255, 276, 296, 303, 345, 360, 370, 426] 
