n° iter       = 600 
neighborhood_structure = [1 2 3] 
Prioridad     = 15 
balance       = 1.0 
Len_N         = 3 
N° clusters   = 15 
N° estaciones = 452 
N° mejoras    = 40
N° iter completadas  = 600
1° FO         = 320578.0
FO            = 258723
Centros       = [22, 72, 87, 115, 134, 152, 214, 218, 275, 298, 307, 360, 362, 416, 428]
C = [0, 0, 0, 0, 0, 0, 0, 0, 0, 0, 0, 0, 0, 0, 0, 0, 0, 0, 0, 0, 0, 1, 0, 0, 0, 0, 0, 0, 0, 0, 0, 0, 0, 0, 0, 0, 0, 0, 0, 0, 0, 0, 0, 0, 0, 0, 0, 0, 0, 0, 0, 0, 0, 0, 0, 0, 0, 0, 0, 0, 0, 0, 0, 0, 0, 0, 0, 0, 0, 0, 0, 1, 0, 0, 0, 0, 0, 0, 0, 0, 0, 0, 0, 0, 0, 0, 1, 0, 0, 0, 0, 0, 0, 0, 0, 0, 0, 0, 0, 0, 0, 0, 0, 0, 0, 0, 0, 0, 0, 0, 0, 0, 0, 0, 1, 0, 0, 0, 0, 0, 0, 0, 0, 0, 0, 0, 0, 0, 0, 0, 0, 0, 0, 1, 0, 0, 0, 0, 0, 0, 0, 0, 0, 0, 0, 0, 0, 0, 0, 0, 0, 1, 0, 0, 0, 0, 0, 0, 0, 0, 0, 0, 0, 0, 0, 0, 0, 0, 0, 0, 0, 0, 0, 0, 0, 0, 0, 0, 0, 0, 0, 0, 0, 0, 0, 0, 0, 0, 0, 0, 0, 0, 0, 0, 0, 0, 0, 0, 0, 0, 0, 0, 0, 0, 0, 0, 0, 0, 0, 0, 0, 0, 0, 1, 0, 0, 0, 1, 0, 0, 0, 0, 0, 0, 0, 0, 0, 0, 0, 0, 0, 0, 0, 0, 0, 0, 0, 0, 0, 0, 0, 0, 0, 0, 0, 0, 0, 0, 0, 0, 0, 0, 0, 0, 0, 0, 0, 0, 0, 0, 0, 0, 0, 0, 0, 0, 0, 0, 0, 0, 0, 0, 0, 0, 1, 0, 0, 0, 0, 0, 0, 0, 0, 0, 0, 0, 0, 0, 0, 0, 0, 0, 0, 0, 0, 0, 0, 1, 0, 0, 0, 0, 0, 0, 0, 0, 1, 0, 0, 0, 0, 0, 0, 0, 0, 0, 0, 0, 0, 0, 0, 0, 0, 0, 0, 0, 0, 0, 0, 0, 0, 0, 0, 0, 0, 0, 0, 0, 0, 0, 0, 0, 0, 0, 0, 0, 0, 0, 0, 0, 0, 0, 0, 0, 0, 0, 0, 0, 0, 1, 0, 1, 0, 0, 0, 0, 0, 0, 0, 0, 0, 0, 0, 0, 0, 0, 0, 0, 0, 0, 0, 0, 0, 0, 0, 0, 0, 0, 0, 0, 0, 0, 0, 0, 0, 0, 0, 0, 0, 0, 0, 0, 0, 0, 0, 0, 0, 0, 0, 0, 0, 0, 0, 0, 0, 1, 0, 0, 0, 0, 0, 0, 0, 0, 0, 0, 0, 1, 0, 0, 0, 0, 0, 0, 0, 0, 0, 0, 0, 0, 0, 0, 0, 0, 0, 0, 0, 0, 0, 0, 0, 0]
E = [115, 22, 115, 22, 22, 115, 22, 115, 22, 115, 115, 115, 22, 22, 22, 22, 22, 115, 115, 115, 22, 22, 22, 22, 22, 115, 115, 22, 275, 115, 115, 22, 22, 115, 115, 22, 22, 22, 22, 134, 275, 22, 87, 22, 22, 22, 134, 87, 72, 22, 22, 87, 72, 152, 87, 134, 72, 152, 152, 72, 152, 72, 152, 152, 87, 72, 72, 72, 152, 152, 152, 72, 72, 152, 72, 152, 72, 72, 72, 152, 152, 87, 152, 152, 115, 115, 87, 87, 87, 87, 87, 87, 87, 87, 87, 87, 87, 87, 87, 87, 87, 87, 275, 87, 87, 87, 115, 115, 87, 87, 115, 115, 115, 115, 115, 115, 115, 115, 115, 115, 115, 87, 134, 134, 115, 134, 134, 134, 134, 134, 134, 134, 134, 134, 134, 134, 134, 134, 134, 134, 134, 152, 134, 134, 134, 152, 134, 134, 134, 152, 152, 152, 152, 152, 152, 152, 152, 152, 152, 275, 152, 152, 152, 152, 152, 72, 72, 72, 72, 72, 72, 72, 307, 275, 307, 275, 72, 72, 152, 152, 72, 152, 115, 72, 72, 72, 72, 72, 72, 72, 72, 218, 218, 22, 218, 218, 214, 214, 214, 218, 218, 214, 218, 218, 218, 214, 218, 218, 214, 218, 218, 218, 214, 214, 214, 214, 218, 218, 214, 214, 214, 218, 218, 218, 218, 218, 214, 214, 214, 214, 218, 218, 214, 218, 214, 214, 218, 218, 218, 214, 214, 214, 214, 218, 218, 218, 218, 22, 22, 22, 22, 22, 22, 275, 115, 275, 115, 72, 275, 275, 22, 87, 115, 275, 275, 275, 275, 275, 275, 275, 275, 275, 275, 275, 275, 298, 298, 298, 298, 298, 298, 298, 298, 307, 307, 307, 307, 307, 307, 307, 307, 298, 298, 298, 298, 298, 298, 298, 298, 298, 307, 307, 307, 307, 307, 307, 307, 307, 307, 307, 307, 307, 307, 307, 307, 307, 298, 298, 298, 298, 298, 298, 298, 298, 307, 307, 307, 307, 362, 362, 362, 362, 362, 362, 307, 360, 360, 360, 360, 360, 360, 360, 360, 360, 362, 362, 362, 362, 362, 362, 362, 362, 362, 362, 362, 360, 360, 360, 360, 360, 362, 362, 362, 362, 362, 362, 362, 362, 362, 362, 362, 360, 360, 360, 360, 360, 360, 360, 416, 416, 416, 416, 416, 362, 362, 416, 416, 416, 416, 416, 416, 416, 416, 416, 416, 416, 360, 360, 360, 360, 360, 428, 428, 360, 428, 428, 428, 428, 428, 428, 428, 428, 416, 416, 416, 416, 416, 416, 416, 416, 416, 416, 416, 416, 428, 428, 428, 428, 428, 428, 428, 428, 428, 416, 416, 416, 416, 416, 416, 428, 428, 428, 428, 428, 428, 428, 22, 87, 22, 275, 214, 218]
Objs= Any[320578.0, 302720, 295938, 293369, 291822, 286990, 284831, 284831, 283019, 283019, 277850, 277651, 277651, 276434, 276434, 276434, 276434, 275456, 274055, 274055, 273502, 271620, 271620, 271620, 271620, 271620, 270209, 270209, 268685, 268685, 266905, 266905, 266905, 266905, 266905, 265813, 265813, 265600, 265600, 265232, 265232, 265232, 265232, 265232, 265232, 265232, 265232, 265232, 265232, 265232, 265232, 265232, 265232, 265232, 265232, 265232, 265087, 265087, 265087, 265087, 265087, 265087, 264693, 264693, 264693, 264693, 264693, 264693, 264693, 264693, 264693, 264693, 264365, 264365, 264365, 264365, 264022, 263365, 263365, 263365, 263365, 263365, 263365, 263365, 263365, 263365, 263365, 263365, 263365, 263365, 263365, 262299, 262299, 262299, 261821, 261821, 261821, 261447, 261447, 261447, 261390, 261390, 261390, 261390, 261390, 261390, 260672, 260672, 260672, 260672, 260672, 260672, 260672, 260672, 260672, 260672, 260672, 260672, 260672, 260672, 260672, 260672, 260672, 260672, 260672, 260672, 260672, 260672, 260672, 260672, 260672, 260672, 260672, 260518, 260518, 260518, 260518, 260518, 260518, 260518, 260518, 260518, 260518, 260518, 260518, 260518, 260518, 260518, 260518, 260518, 259806, 259806, 259806, 259806, 259806, 259806, 259806, 259806, 259806, 259806, 259806, 259806, 259806, 259625, 259625, 259625, 259625, 259625, 259625, 259625, 259625, 259625, 259625, 259625, 259625, 259625, 259625, 259625, 259625, 259625, 259625, 259625, 259625, 259625, 259625, 259625, 259625, 259625, 259625, 259625, 259625, 259625, 259625, 259625, 259625, 259625, 259625, 259625, 259625, 259625, 259625, 259625, 259625, 259625, 259625, 259625, 259625, 259625, 259625, 259625, 259625, 259625, 259625, 259625, 259625, 259625, 259625, 259625, 259625, 259625, 259625, 259625, 259625, 259625, 259625, 259625, 259625, 259625, 259625, 259625, 259625, 259625, 259625, 259625, 259625, 259625, 259625, 259625, 259625, 259625, 259625, 259624, 259624, 259624, 259624, 259624, 259624, 259624, 259624, 259624, 259624, 259624, 259612, 259612, 259612, 259612, 259612, 259612, 259612, 259612, 259612, 259612, 259612, 259612, 259612, 259612, 259612, 259612, 259612, 259612, 259612, 259612, 259612, 259612, 259612, 259612, 259612, 259612, 259612, 259612, 259612, 259612, 259612, 259612, 259612, 259612, 259612, 259612, 259612, 259612, 259612, 259612, 259612, 259612, 259612, 259612, 259612, 259612, 259612, 259612, 259612, 259612, 259612, 259612, 259612, 259612, 259612, 259612, 259612, 259612, 259612, 259612, 259612, 259612, 259612, 259612, 259612, 259612, 259612, 259612, 259612, 259612, 259612, 259612, 259612, 259612, 259612, 259612, 259612, 259612, 259612, 259612, 259612, 259612, 259612, 259612, 259612, 259612, 259612, 259612, 259612, 259612, 259612, 259612, 259612, 259612, 259612, 259612, 259612, 259612, 259612, 259612, 259612, 259612, 259612, 259612, 259612, 259612, 259612, 259612, 259612, 259612, 259612, 259612, 259612, 259612, 259612, 259612, 259612, 259612, 259496, 259496, 259496, 259496, 259496, 259496, 259496, 259496, 259496, 259496, 259496, 259496, 259496, 259496, 259496, 259496, 259496, 259496, 259496, 259496, 259496, 259496, 259496, 259496, 259496, 259496, 259496, 259496, 259496, 259496, 259496, 259496, 259496, 259496, 259496, 259496, 259496, 259496, 259496, 259496, 259496, 259496, 259496, 259496, 259496, 259496, 259496, 259496, 259496, 259496, 259496, 259496, 259496, 259496, 259496, 259496, 259496, 259496, 259496, 259496, 259496, 259496, 259496, 259496, 259496, 259496, 259496, 259496, 259496, 259496, 259496, 259496, 259496, 259496, 259496, 259496, 259496, 259496, 259496, 259496, 259496, 259496, 259496, 259496, 259496, 259496, 259496, 259496, 259496, 259496, 259496, 259496, 259496, 259496, 259496, 259474, 259474, 259474, 259474, 259474, 259474, 259474, 259474, 259474, 259474, 259474, 259474, 259474, 259474, 259474, 259474, 259474, 259474, 259474, 259474, 259474, 259368, 259368, 259368, 259368, 259368, 259368, 259368, 259368, 259368, 259265, 259265, 259265, 259265, 259265, 259265, 259265, 259265, 259265, 259265, 259265, 259265, 259265, 259265, 259265, 259265, 259265, 259265, 259265, 259265, 259265, 259265, 259265, 259265, 259265, 259265, 259265, 259265, 259265, 259265, 259265, 259265, 259265, 259265, 259265, 259265, 259265, 259265, 259265, 259265, 259265, 259265, 259265, 259265, 259265, 259265, 259265, 259265, 259265, 259265, 259265, 259265, 259265, 259265, 259265, 259265, 259265, 259265, 259265, 259265, 259265, 259265, 259265, 259265, 259265, 259265, 259265, 259265, 259265, 259265, 259265, 259265, 259265, 259265, 259265, 259265, 259265, 259265, 259265, 259265, 259265, 259265, 259265, 258723, 258723, 258723, 258723, 258723, 258723, 258723, 258723, 258723, 258723, 258723, 258723, 258723, 258723, 258723, 258723, 258723, 258723, 258723, 258723, 258723, 258723]
current_obj = [302720.0, 295938.0, 293369.0, 291822.0, 286990.0, 284831.0, 284914.0, 283019.0, 284439.0, 277850.0, 277651.0, 277700.0, 276434.0, 277695.0, 277545.0, 276931.0, 275456.0, 274055.0, 274124.0, 273502.0, 271620.0, 274472.0, 272647.0, 271714.0, 272881.0, 270209.0, 270711.0, 268685.0, 268879.0, 266905.0, 267661.0, 267393.0, 268515.0, 268198.0, 265813.0, 266893.0, 265600.0, 266880.0, 265232.0, 266373.0, 266679.0, 265714.0, 267320.0, 266087.0, 267144.0, 269389.0, 266002.0, 266888.0, 265534.0, 266241.0, 265445.0, 265672.0, 267920.0, 270197.0, 267169.0, 265087.0, 265300.0, 265361.0, 266730.0, 266542.0, 268201.0, 264693.0, 266359.0, 265547.0, 265117.0, 269603.0, 266846.0, 265796.0, 264906.0, 265422.0, 269103.0, 264365.0, 266668.0, 265378.0, 264987.0, 264022.0, 263365.0, 268120.0, 263648.0, 264699.0, 265244.0, 265524.0, 265352.0, 264432.0, 264022.0, 264661.0, 263830.0, 265315.0, 264074.0, 265536.0, 262299.0, 262327.0, 262873.0, 261821.0, 264205.0, 263229.0, 261447.0, 264365.0, 262290.0, 261390.0, 262187.0, 262625.0, 263559.0, 261660.0, 261885.0, 260672.0, 261641.0, 262569.0, 263568.0, 261775.0, 262583.0, 263515.0, 262147.0, 261407.0, 261530.0, 261160.0, 265672.0, 262258.0, 261160.0, 262330.0, 261530.0, 262325.0, 262477.0, 260954.0, 263316.0, 262860.0, 263615.0, 263615.0, 261455.0, 265025.0, 260732.0, 260929.0, 260518.0, 261844.0, 264729.0, 261230.0, 262162.0, 261045.0, 263017.0, 264040.0, 262854.0, 262126.0, 261028.0, 262583.0, 261992.0, 261775.0, 260788.0, 262429.0, 261028.0, 259806.0, 262836.0, 260604.0, 263397.0, 261028.0, 260320.0, 261046.0, 260262.0, 260373.0, 259960.0, 261781.0, 261031.0, 260527.0, 259625.0, 259715.0, 259793.0, 263814.0, 260806.0, 260141.0, 260673.0, 260959.0, 261855.0, 261229.0, 262248.0, 263990.0, 261211.0, 263192.0, 260520.0, 259966.0, 262291.0, 261712.0, 261655.0, 260936.0, 262195.0, 262728.0, 260215.0, 260056.0, 261266.0, 259794.0, 263321.0, 259794.0, 262026.0, 259861.0, 260959.0, 264574.0, 260673.0, 261231.0, 259682.0, 262300.0, 261236.0, 264990.0, 260351.0, 260882.0, 261639.0, 261212.0, 261837.0, 260337.0, 262195.0, 260138.0, 260138.0, 263391.0, 260614.0, 261652.0, 261212.0, 259861.0, 260472.0, 261720.0, 260741.0, 259818.0, 263721.0, 263566.0, 261443.0, 263666.0, 260551.0, 263605.0, 260290.0, 262802.0, 260201.0, 260389.0, 263270.0, 259907.0, 260673.0, 262499.0, 260215.0, 260133.0, 261466.0, 260850.0, 260959.0, 261470.0, 260812.0, 262186.0, 259624.0, 260133.0, 259794.0, 262788.0, 260737.0, 261271.0, 262128.0, 263548.0, 262264.0, 261719.0, 259892.0, 259612.0, 260125.0, 261470.0, 260849.0, 261520.0, 261366.0, 260489.0, 261125.0, 260410.0, 260849.0, 264331.0, 260725.0, 263425.0, 261917.0, 260202.0, 259805.0, 261253.0, 261587.0, 266382.0, 261386.0, 260850.0, 260188.0, 262287.0, 261272.0, 261226.0, 263868.0, 259869.0, 260946.0, 260434.0, 260810.0, 260850.0, 260946.0, 263496.0, 260092.0, 260184.0, 260165.0, 259921.0, 260734.0, 261047.0, 259953.0, 261286.0, 262537.0, 259732.0, 260376.0, 262132.0, 260125.0, 261006.0, 265162.0, 260925.0, 263100.0, 260601.0, 260766.0, 263384.0, 260938.0, 262776.0, 260299.0, 263098.0, 261614.0, 260601.0, 260121.0, 263098.0, 262342.0, 260728.0, 260238.0, 262429.0, 261054.0, 260840.0, 262134.0, 261876.0, 261182.0, 259941.0, 260524.0, 264637.0, 262342.0, 261330.0, 260999.0, 260238.0, 261457.0, 261743.0, 262214.0, 262278.0, 260850.0, 260035.0, 259620.0, 261614.0, 264980.0, 261635.0, 260447.0, 262695.0, 262763.0, 260489.0, 264580.0, 259735.0, 260285.0, 261296.0, 261144.0, 263509.0, 261569.0, 260410.0, 259921.0, 261265.0, 261096.0, 260447.0, 259624.0, 260964.0, 259709.0, 262287.0, 262132.0, 261423.0, 261484.0, 266007.0, 260035.0, 260299.0, 262474.0, 259669.0, 260209.0, 260125.0, 260128.0, 259496.0, 260208.0, 263243.0, 261170.0, 262491.0, 260005.0, 260863.0, 260161.0, 260009.0, 261565.0, 262748.0, 261614.0, 261336.0, 262298.0, 262678.0, 260032.0, 262924.0, 262074.0, 261337.0, 262836.0, 261199.0, 259837.0, 262793.0, 262924.0, 260597.0, 261001.0, 259497.0, 260005.0, 261179.0, 259824.0, 261214.0, 259803.0, 260597.0, 260984.0, 259569.0, 262145.0, 260980.0, 261946.0, 263031.0, 259933.0, 262136.0, 260373.0, 259569.0, 261459.0, 261588.0, 261137.0, 261241.0, 260072.0, 260685.0, 261566.0, 263100.0, 261006.0, 261341.0, 263786.0, 260291.0, 260093.0, 261226.0, 261405.0, 261673.0, 260597.0, 260485.0, 261536.0, 260072.0, 260863.0, 262018.0, 262020.0, 262401.0, 261156.0, 262150.0, 260995.0, 260980.0, 263537.0, 262738.0, 260980.0, 263603.0, 262018.0, 261214.0, 260005.0, 260251.0, 261337.0, 261170.0, 261704.0, 261801.0, 261170.0, 259666.0, 260251.0, 259825.0, 259630.0, 260157.0, 261156.0, 260827.0, 260532.0, 260009.0, 260315.0, 264796.0, 259474.0, 260351.0, 261192.0, 259990.0, 260703.0, 262310.0, 262299.0, 261569.0, 261192.0, 261148.0, 260949.0, 261994.0, 262076.0, 261078.0, 260156.0, 260784.0, 262641.0, 262446.0, 264629.0, 261041.0, 264500.0, 259368.0, 259547.0, 260798.0, 260307.0, 260597.0, 259678.0, 261890.0, 261970.0, 260289.0, 259265.0, 261360.0, 262612.0, 260558.0, 261375.0, 263492.0, 259774.0, 263128.0, 261443.0, 261174.0, 261554.0, 261174.0, 261331.0, 261076.0, 260206.0, 260472.0, 264741.0, 260269.0, 262915.0, 260668.0, 260487.0, 260248.0, 260668.0, 261360.0, 261291.0, 260097.0, 259629.0, 259702.0, 259984.0, 260903.0, 260184.0, 259401.0, 265680.0, 260366.0, 260248.0, 261931.0, 262359.0, 262296.0, 260150.0, 260983.0, 259444.0, 261803.0, 263584.0, 263359.0, 261110.0, 260695.0, 262940.0, 263312.0, 259837.0, 262441.0, 263033.0, 262474.0, 263138.0, 262495.0, 261990.0, 261588.0, 259728.0, 260193.0, 263162.0, 261876.0, 259909.0, 260113.0, 260269.0, 260586.0, 260522.0, 260879.0, 260029.0, 263901.0, 259330.0, 263391.0, 259951.0, 260806.0, 260532.0, 262127.0, 261163.0, 260387.0, 261548.0, 262296.0, 259575.0, 262975.0, 259818.0, 263611.0, 262915.0, 258723.0, 259600.0, 260303.0, 261293.0, 260036.0, 260441.0, 261399.0, 260768.0, 261365.0, 258731.0, 260424.0, 260975.0, 259295.0, 260153.0, 259239.0, 259342.0, 261817.0, 259276.0, 259232.0, 260044.0, 259313.0, 259122.0, 260796.0]
cong_K= Any[2, 3, 2, 1, 2, 3, 1, 3, 2, 1, 2, 1, 1, 2, 2, 2, 1, 1, 1, 1, 1, 1, 1, 2, 1, 1, 1, 1, 1, 1, 1, 1, 2, 1, 1, 2, 1, 1, 1, 1] 
obj_k= Any[302720, 295938, 293369, 291822, 286990, 284831, 283019, 277850, 277651, 276434, 275456, 274055, 273502, 271620, 270209, 268685, 266905, 265813, 265600, 265232, 265087, 264693, 264365, 264022, 263365, 262299, 261821, 261447, 261390, 260672, 260518, 259806, 259625, 259624, 259612, 259496, 259474, 259368, 259265, 258723] 
iter_obj = Any[1, 2, 3, 4, 5, 6, 8, 10, 11, 13, 17, 18, 20, 21, 26, 28, 30, 35, 37, 39, 56, 62, 72, 76, 77, 91, 94, 97, 100, 106, 133, 150, 163, 241, 252, 370, 465, 486, 495, 578] 
