n° iter       = 600 
neighborhood_structure = [1 2 3] 
Prioridad     = 15 
balance       = 1.0 
Len_N         = 3 
N° clusters   = 15 
N° estaciones = 452 
N° mejoras    = 41
N° iter completadas  = 465
1° FO         = 303276.0
FO            = 258456
Centros       = [22, 72, 87, 115, 134, 152, 214, 218, 275, 298, 307, 360, 362, 415, 428]
C = [0, 0, 0, 0, 0, 0, 0, 0, 0, 0, 0, 0, 0, 0, 0, 0, 0, 0, 0, 0, 0, 1, 0, 0, 0, 0, 0, 0, 0, 0, 0, 0, 0, 0, 0, 0, 0, 0, 0, 0, 0, 0, 0, 0, 0, 0, 0, 0, 0, 0, 0, 0, 0, 0, 0, 0, 0, 0, 0, 0, 0, 0, 0, 0, 0, 0, 0, 0, 0, 0, 0, 1, 0, 0, 0, 0, 0, 0, 0, 0, 0, 0, 0, 0, 0, 0, 1, 0, 0, 0, 0, 0, 0, 0, 0, 0, 0, 0, 0, 0, 0, 0, 0, 0, 0, 0, 0, 0, 0, 0, 0, 0, 0, 0, 1, 0, 0, 0, 0, 0, 0, 0, 0, 0, 0, 0, 0, 0, 0, 0, 0, 0, 0, 1, 0, 0, 0, 0, 0, 0, 0, 0, 0, 0, 0, 0, 0, 0, 0, 0, 0, 1, 0, 0, 0, 0, 0, 0, 0, 0, 0, 0, 0, 0, 0, 0, 0, 0, 0, 0, 0, 0, 0, 0, 0, 0, 0, 0, 0, 0, 0, 0, 0, 0, 0, 0, 0, 0, 0, 0, 0, 0, 0, 0, 0, 0, 0, 0, 0, 0, 0, 0, 0, 0, 0, 0, 0, 0, 0, 0, 0, 0, 0, 1, 0, 0, 0, 1, 0, 0, 0, 0, 0, 0, 0, 0, 0, 0, 0, 0, 0, 0, 0, 0, 0, 0, 0, 0, 0, 0, 0, 0, 0, 0, 0, 0, 0, 0, 0, 0, 0, 0, 0, 0, 0, 0, 0, 0, 0, 0, 0, 0, 0, 0, 0, 0, 0, 0, 0, 0, 0, 0, 0, 0, 1, 0, 0, 0, 0, 0, 0, 0, 0, 0, 0, 0, 0, 0, 0, 0, 0, 0, 0, 0, 0, 0, 0, 1, 0, 0, 0, 0, 0, 0, 0, 0, 1, 0, 0, 0, 0, 0, 0, 0, 0, 0, 0, 0, 0, 0, 0, 0, 0, 0, 0, 0, 0, 0, 0, 0, 0, 0, 0, 0, 0, 0, 0, 0, 0, 0, 0, 0, 0, 0, 0, 0, 0, 0, 0, 0, 0, 0, 0, 0, 0, 0, 0, 0, 0, 1, 0, 1, 0, 0, 0, 0, 0, 0, 0, 0, 0, 0, 0, 0, 0, 0, 0, 0, 0, 0, 0, 0, 0, 0, 0, 0, 0, 0, 0, 0, 0, 0, 0, 0, 0, 0, 0, 0, 0, 0, 0, 0, 0, 0, 0, 0, 0, 0, 0, 0, 0, 0, 0, 0, 1, 0, 0, 0, 0, 0, 0, 0, 0, 0, 0, 0, 0, 1, 0, 0, 0, 0, 0, 0, 0, 0, 0, 0, 0, 0, 0, 0, 0, 0, 0, 0, 0, 0, 0, 0, 0, 0]
E = [115, 22, 115, 22, 22, 115, 22, 115, 22, 115, 115, 115, 22, 22, 22, 22, 22, 115, 115, 115, 22, 22, 22, 22, 22, 115, 115, 22, 275, 115, 115, 22, 22, 115, 115, 22, 22, 22, 22, 134, 275, 22, 87, 22, 22, 22, 134, 87, 72, 22, 22, 87, 72, 152, 87, 134, 72, 152, 152, 72, 152, 72, 152, 152, 87, 72, 72, 72, 152, 152, 152, 72, 72, 152, 72, 152, 72, 72, 72, 152, 152, 87, 152, 152, 115, 115, 87, 87, 87, 87, 87, 87, 87, 87, 87, 87, 87, 87, 87, 87, 87, 87, 275, 87, 87, 87, 115, 115, 87, 87, 115, 115, 115, 115, 115, 115, 115, 115, 115, 115, 115, 87, 134, 134, 115, 134, 134, 134, 134, 134, 134, 134, 134, 134, 134, 134, 134, 134, 134, 134, 134, 152, 134, 134, 134, 152, 134, 134, 134, 152, 152, 152, 152, 152, 152, 152, 152, 152, 152, 275, 152, 152, 152, 152, 152, 72, 72, 72, 72, 72, 72, 72, 307, 275, 307, 275, 72, 72, 152, 152, 72, 152, 115, 72, 72, 72, 72, 72, 72, 72, 72, 218, 218, 22, 218, 218, 214, 214, 214, 218, 218, 214, 218, 218, 218, 214, 218, 218, 214, 218, 218, 218, 214, 214, 214, 214, 218, 218, 214, 214, 214, 218, 218, 218, 218, 218, 214, 214, 214, 214, 218, 218, 214, 218, 214, 214, 218, 218, 218, 214, 214, 214, 214, 218, 218, 218, 218, 22, 22, 22, 22, 22, 22, 275, 115, 275, 115, 72, 275, 275, 22, 87, 115, 275, 275, 275, 275, 275, 275, 275, 275, 275, 275, 275, 275, 298, 298, 298, 298, 298, 298, 298, 298, 307, 307, 307, 307, 307, 307, 307, 307, 298, 298, 298, 298, 298, 298, 298, 298, 298, 307, 307, 307, 307, 307, 307, 307, 307, 307, 307, 307, 307, 307, 307, 307, 307, 298, 298, 298, 298, 298, 298, 298, 298, 307, 307, 307, 307, 362, 362, 362, 362, 362, 362, 307, 360, 360, 360, 360, 360, 360, 360, 360, 360, 362, 362, 362, 362, 362, 362, 362, 362, 362, 362, 362, 360, 360, 360, 360, 360, 362, 362, 362, 362, 362, 362, 362, 362, 362, 362, 415, 360, 360, 360, 360, 360, 360, 360, 415, 415, 415, 415, 362, 362, 362, 362, 415, 415, 415, 415, 415, 415, 415, 415, 415, 415, 360, 360, 360, 360, 360, 428, 428, 360, 428, 428, 428, 428, 428, 428, 428, 428, 415, 415, 415, 415, 415, 415, 415, 415, 415, 415, 415, 415, 428, 428, 428, 428, 428, 428, 428, 428, 415, 415, 415, 415, 415, 415, 415, 428, 428, 428, 428, 428, 428, 428, 22, 87, 22, 275, 214, 218]
Objs= Any[303276.0, 294008, 291069, 285568, 284484, 283296, 279998, 279998, 277272, 277272, 277272, 277272, 276608, 276028, 275642, 275349, 275349, 275349, 272631, 272601, 272192, 270787, 270787, 269719, 269719, 269719, 269719, 269719, 269719, 269719, 269719, 269719, 269719, 269719, 269719, 269719, 269719, 269243, 269243, 268212, 268212, 268212, 268212, 267618, 267618, 267618, 267277, 267277, 267277, 267277, 267277, 267256, 267256, 267256, 267256, 267256, 267203, 267203, 267203, 267203, 267203, 267203, 267203, 267203, 267203, 267203, 267203, 267203, 266649, 265567, 265379, 265379, 265379, 265379, 265379, 265379, 265379, 265379, 265379, 265379, 265379, 264566, 264566, 264349, 264349, 264349, 264349, 264349, 264349, 264299, 263727, 263727, 263727, 263727, 263727, 263727, 263727, 263727, 263727, 263727, 263727, 263727, 263727, 263453, 263453, 263453, 263453, 263453, 263453, 263453, 263317, 263317, 263317, 263317, 263317, 263317, 262744, 262744, 262744, 262744, 262744, 262744, 262744, 262744, 262744, 262744, 262744, 260391, 260391, 260391, 260391, 260391, 260391, 260391, 260391, 260391, 260391, 260391, 260391, 260391, 260391, 260391, 260391, 260391, 260391, 260391, 260391, 260391, 260383, 260383, 260383, 260326, 260326, 260326, 260326, 260326, 260326, 260267, 260267, 260267, 260267, 260267, 260267, 260254, 260254, 260254, 260254, 260254, 260254, 260254, 260254, 258869, 258869, 258869, 258869, 258869, 258869, 258869, 258869, 258869, 258869, 258869, 258869, 258869, 258869, 258869, 258869, 258869, 258869, 258869, 258869, 258869, 258869, 258869, 258869, 258869, 258869, 258869, 258869, 258869, 258869, 258869, 258869, 258869, 258869, 258869, 258869, 258869, 258869, 258869, 258869, 258869, 258869, 258869, 258869, 258869, 258869, 258869, 258869, 258869, 258869, 258869, 258869, 258869, 258869, 258869, 258869, 258869, 258869, 258869, 258869, 258869, 258869, 258869, 258869, 258869, 258864, 258864, 258864, 258864, 258864, 258864, 258864, 258864, 258864, 258864, 258864, 258864, 258864, 258864, 258864, 258864, 258864, 258864, 258864, 258864, 258864, 258864, 258864, 258864, 258864, 258864, 258864, 258864, 258864, 258864, 258864, 258864, 258864, 258864, 258864, 258864, 258864, 258864, 258864, 258864, 258864, 258475, 258475, 258475, 258475, 258475, 258475, 258475, 258475, 258475, 258475, 258475, 258475, 258475, 258475, 258475, 258475, 258475, 258475, 258475, 258475, 258475, 258475, 258475, 258475, 258475, 258475, 258475, 258475, 258475, 258475, 258475, 258475, 258475, 258475, 258475, 258475, 258475, 258475, 258475, 258456, 258456, 258456, 258456, 258456, 258456, 258456, 258456, 258456, 258456, 258456, 258456, 258456, 258456, 258456, 258456, 258456, 258456, 258456, 258456, 258456, 258456, 258456, 258456, 258456, 258456, 258456, 258456, 258456, 258456, 258456, 258456, 258456, 258456, 258456, 258456, 258456, 258456, 258456, 258456, 258456, 258456, 258456, 258456, 258456, 258456, 258456, 258456, 258456, 258456, 258456, 258456, 258456, 258456, 258456, 258456, 258456, 258456, 258456, 258456, 258456, 258456, 258456, 258456, 258456, 258456, 258456, 258456, 258456, 258456, 258456, 258456, 258456, 258456, 258456, 258456, 258456, 258456, 258456, 258456, 258456, 258456, 258456, 258456, 258456, 258456, 258456, 258456, 258456, 258456, 258456, 258456, 258456, 258456, 258456, 258456, 258456, 258456, 258456, 258456, 258456, 258456, 258456, 258456, 258456, 258456, 258456, 258456, 258456, 258456, 258456, 258456, 258456, 258456, 258456, 258456, 258456, 258456, 258456, 258456, 258456, 258456, 258456, 258456, 258456, 258456, 258456, 258456, 258456, 258456, 258456, 258456, 258456, 258456, 258456, 258456, 258456, 258456, 258456, 258456, 258456, 258456, 258456, 258456, 258456, 258456, 258456, 258456, 258456, 258456]
current_obj = [294008.0, 291069.0, 285568.0, 284484.0, 283296.0, 279998.0, 280943.0, 277272.0, 278061.0, 277805.0, 277635.0, 276608.0, 276028.0, 275642.0, 275349.0, 279861.0, 276400.0, 272631.0, 272601.0, 272192.0, 270787.0, 273084.0, 269719.0, 273139.0, 272768.0, 270129.0, 273269.0, 270360.0, 270479.0, 271571.0, 271390.0, 272027.0, 270948.0, 271426.0, 270452.0, 270638.0, 269243.0, 271293.0, 268212.0, 270839.0, 268457.0, 270822.0, 267618.0, 268929.0, 269874.0, 267277.0, 269926.0, 268827.0, 270573.0, 270775.0, 267256.0, 267871.0, 268877.0, 268351.0, 271038.0, 267203.0, 271984.0, 267797.0, 268482.0, 268382.0, 270103.0, 268706.0, 270345.0, 267282.0, 270022.0, 267884.0, 268753.0, 266649.0, 265567.0, 265379.0, 268164.0, 266348.0, 266381.0, 268523.0, 267922.0, 266352.0, 266649.0, 266850.0, 265628.0, 266969.0, 264566.0, 268712.0, 264349.0, 265213.0, 265709.0, 265751.0, 264566.0, 264851.0, 264299.0, 263727.0, 268150.0, 267272.0, 265416.0, 265594.0, 266487.0, 266847.0, 264625.0, 264240.0, 265183.0, 267645.0, 268011.0, 265183.0, 263453.0, 263839.0, 264878.0, 263621.0, 265789.0, 264781.0, 263621.0, 263317.0, 264579.0, 264455.0, 264750.0, 266613.0, 265319.0, 262744.0, 264001.0, 263914.0, 265526.0, 263289.0, 263316.0, 262905.0, 262884.0, 264616.0, 264807.0, 263015.0, 260391.0, 261239.0, 260521.0, 260907.0, 261276.0, 262021.0, 261603.0, 262676.0, 262911.0, 261539.0, 261980.0, 262848.0, 262236.0, 260983.0, 263087.0, 260847.0, 262378.0, 261400.0, 261448.0, 262768.0, 260820.0, 260383.0, 262185.0, 260765.0, 260326.0, 261174.0, 260338.0, 260438.0, 262272.0, 260923.0, 260267.0, 266162.0, 262115.0, 262659.0, 260888.0, 260888.0, 260254.0, 263219.0, 263352.0, 261138.0, 262894.0, 263154.0, 261507.0, 262403.0, 258869.0, 261064.0, 259808.0, 259023.0, 259378.0, 259720.0, 260532.0, 261190.0, 261827.0, 260126.0, 260394.0, 260101.0, 262476.0, 261649.0, 262020.0, 259268.0, 259762.0, 262070.0, 262030.0, 260121.0, 262164.0, 259588.0, 260360.0, 262907.0, 259911.0, 260714.0, 262357.0, 259378.0, 260525.0, 259492.0, 259622.0, 260121.0, 259746.0, 259588.0, 259385.0, 259198.0, 260550.0, 259530.0, 259511.0, 261508.0, 260065.0, 262089.0, 259172.0, 260580.0, 259268.0, 258870.0, 260318.0, 259511.0, 262360.0, 261177.0, 261177.0, 261059.0, 259446.0, 260075.0, 261727.0, 259378.0, 260522.0, 260315.0, 262762.0, 263267.0, 259511.0, 259249.0, 259791.0, 262013.0, 261080.0, 258864.0, 260974.0, 261622.0, 260767.0, 261542.0, 259454.0, 259454.0, 260968.0, 260085.0, 261649.0, 260348.0, 259301.0, 264962.0, 260709.0, 259284.0, 259550.0, 262462.0, 260057.0, 261075.0, 262099.0, 263813.0, 259685.0, 259958.0, 262954.0, 260174.0, 259820.0, 261652.0, 260391.0, 260772.0, 259263.0, 259284.0, 260358.0, 259103.0, 261652.0, 263240.0, 259018.0, 260185.0, 259284.0, 261962.0, 260070.0, 259977.0, 258475.0, 259352.0, 261233.0, 258595.0, 258874.0, 260932.0, 258988.0, 260104.0, 259458.0, 262114.0, 258945.0, 259136.0, 258480.0, 259796.0, 261400.0, 259379.0, 259786.0, 261573.0, 259582.0, 264133.0, 260125.0, 259796.0, 260833.0, 260174.0, 258480.0, 262312.0, 260844.0, 262090.0, 260815.0, 260700.0, 259738.0, 258991.0, 262752.0, 259696.0, 261086.0, 258476.0, 259471.0, 260128.0, 258611.0, 258456.0, 261615.0, 259563.0, 260613.0, 259917.0, 258464.0, 260029.0, 260258.0, 260668.0, 260196.0, 261550.0, 259356.0, 258893.0, 259667.0, 263824.0, 262683.0, 261343.0, 259375.0, 261132.0, 259557.0, 258521.0, 258723.0, 260036.0, 261135.0, 259845.0, 260137.0, 259375.0, 259248.0, 259033.0, 258881.0, 260959.0, 261135.0, 259079.0, 258457.0, 259265.0, 259412.0, 258965.0, 264308.0, 262090.0, 260258.0, 259452.0, 258855.0, 260050.0, 258893.0, 261869.0, 259723.0, 260944.0, 258478.0, 258742.0, 260796.0, 261843.0, 259739.0, 259578.0, 258845.0, 261843.0, 259667.0, 259395.0, 264388.0, 260554.0, 260006.0, 264182.0, 258693.0, 259667.0, 260301.0, 260085.0, 263161.0, 259079.0, 259667.0, 259652.0, 258576.0, 261200.0, 258521.0, 261566.0, 258478.0, 262730.0, 259333.0, 259766.0, 259296.0, 260796.0, 262309.0, 264397.0, 260174.0, 259956.0, 259845.0, 259777.0, 258855.0, 260984.0, 259395.0, 261685.0, 259155.0, 260258.0, 260745.0, 259329.0, 258478.0, 259053.0, 260159.0, 261193.0, 259769.0, 259439.0, 261698.0, 262223.0, 261611.0, 259375.0, 259334.0, 262690.0, 261136.0, 259295.0, 261598.0, 262353.0, 259663.0, 260137.0, 262491.0, 260159.0, 260651.0, 260978.0, 260879.0, 259610.0, 259712.0, 263283.0, 260137.0, 261248.0, 261213.0, 260879.0, 258893.0, 261472.0, 259723.0, 260361.0, 259697.0, 258559.0, 259766.0, 260274.0, 259667.0, 259578.0, 259652.0, 258785.0, 259295.0, 259684.0, 259079.0, 261214.0, 259917.0, 260458.0, 262258.0, 260022.0, 259248.0, 260796.0, 258610.0, 265118.0, 263255.0, 259175.0, 259265.0, 258972.0, 0.0, 0.0, 0.0, 0.0, 0.0, 0.0, 0.0, 0.0, 0.0, 0.0, 0.0, 0.0, 0.0, 0.0, 0.0, 0.0, 0.0, 0.0, 0.0, 0.0, 0.0, 0.0, 0.0, 0.0, 0.0, 0.0, 0.0, 0.0, 0.0, 0.0, 0.0, 0.0, 0.0, 0.0, 0.0, 0.0, 0.0, 0.0, 0.0, 0.0, 0.0, 0.0, 0.0, 0.0, 0.0, 0.0, 0.0, 0.0, 0.0, 0.0, 0.0, 0.0, 0.0, 0.0, 0.0, 0.0, 0.0, 0.0, 0.0, 0.0, 0.0, 0.0, 0.0, 0.0, 0.0, 0.0, 0.0, 0.0, 0.0, 0.0, 0.0, 0.0, 0.0, 0.0, 0.0, 0.0, 0.0, 0.0, 0.0, 0.0, 0.0, 0.0, 0.0, 0.0, 0.0, 0.0, 0.0, 0.0, 0.0, 0.0, 0.0, 0.0, 0.0, 0.0, 0.0, 0.0, 0.0, 0.0, 0.0, 0.0, 0.0, 0.0, 0.0, 0.0, 0.0, 0.0, 0.0, 0.0, 0.0, 0.0, 0.0, 0.0, 0.0, 0.0, 0.0, 0.0, 0.0, 0.0, 0.0, 0.0, 0.0, 0.0, 0.0, 0.0, 0.0, 0.0, 0.0, 0.0, 0.0, 0.0, 0.0, 0.0, 0.0, 0.0]
cong_K= Any[3, 2, 1, 1, 2, 1, 1, 1, 1, 1, 2, 2, 1, 2, 1, 2, 1, 1, 1, 1, 1, 2, 1, 1, 1, 1, 1, 2, 1, 1, 1, 1, 1, 1, 1, 1, 1, 2, 1, 1, 1] 
obj_k= Any[294008, 291069, 285568, 284484, 283296, 279998, 277272, 276608, 276028, 275642, 275349, 272631, 272601, 272192, 270787, 269719, 269243, 268212, 267618, 267277, 267256, 267203, 266649, 265567, 265379, 264566, 264349, 264299, 263727, 263453, 263317, 262744, 260391, 260383, 260326, 260267, 260254, 258869, 258864, 258475, 258456] 
iter_obj = Any[1, 2, 3, 4, 5, 6, 8, 12, 13, 14, 15, 18, 19, 20, 21, 23, 37, 39, 43, 46, 51, 56, 68, 69, 70, 81, 83, 89, 90, 103, 110, 116, 127, 148, 151, 157, 163, 171, 236, 277, 316] 
