n° iter       = 600 
neighborhood_structure = [1] 
Prioridad     = 10 
balance       = 0.5 
Len_N         = 3 
N° clusters   = 15 
N° estaciones = 452 
N° mejoras    = 45
N° iter completadas  = 194
1° FO         = 325445.0
FO            = 271180
Centros       = [15, 20, 66, 101, 137, 153, 215, 225, 299, 313, 358, 382, 413, 428, 450]
Objs= Any[325445.0, 321394, 315783, 314295, 312000, 311972, 311972, 311972, 307303, 307303, 307278, 307278, 306134, 303445, 298018, 296910, 296910, 295189, 295164, 293614, 293614, 292587, 290469, 290469, 288959, 288450, 288450, 287796, 287796, 287796, 287796, 287796, 287796, 285399, 285399, 285399, 285399, 285399, 285399, 285399, 285399, 285399, 285399, 285399, 284155, 282897, 282897, 282067, 282067, 282067, 281494, 281494, 281494, 281494, 281494, 281494, 281494, 281494, 281494, 281494, 281494, 281494, 281494, 281330, 281330, 281330, 281330, 281330, 280495, 280404, 280404, 280404, 280304, 280057, 278947, 278947, 278947, 278947, 278947, 278947, 278947, 278947, 278947, 277315, 277315, 277315, 277315, 277095, 277095, 277095, 277095, 277095, 277095, 277095, 277095, 277095, 277095, 277095, 277095, 277095, 276673, 276673, 275365, 275365, 275365, 275365, 275365, 275365, 275365, 275365, 275365, 275365, 275365, 275365, 275365, 275365, 275365, 275365, 275365, 275258, 275258, 274795, 274795, 274795, 274795, 274795, 274795, 274713, 274713, 274713, 274713, 274713, 274713, 274713, 274713, 274713, 274713, 274713, 274713, 274713, 274713, 274713, 274576, 274576, 274576, 274576, 274576, 274576, 274576, 274576, 274142, 274142, 274142, 274142, 274142, 274142, 273701, 273471, 273471, 273471, 273471, 273471, 273471, 273471, 273471, 273471, 273471, 273411, 273411, 273411, 273411, 273411, 273411, 273411, 273411, 273411, 273411, 273411, 272649, 272649, 272649, 272649, 272649, 272649, 272649, 272649, 272247, 272247, 272247, 272247, 272247, 272247, 272247, 272247, 271180]
current_obj = [321394.0, 315783.0, 314295.0, 312000.0, 311972.0, 312152.0, 314274.0, 307303.0, 310244.0, 307278.0, 307443.0, 306134.0, 303445.0, 298018.0, 296910.0, 297217.0, 295189.0, 295164.0, 293614.0, 294790.0, 292587.0, 290469.0, 293520.0, 288959.0, 288450.0, 288952.0, 287796.0, 288686.0, 288298.0, 289566.0, 288048.0, 288377.0, 285399.0, 290037.0, 286039.0, 286061.0, 286160.0, 287184.0, 287664.0, 286293.0, 286361.0, 286863.0, 286721.0, 284155.0, 282897.0, 285848.0, 282067.0, 285951.0, 282894.0, 281494.0, 282798.0, 281987.0, 282456.0, 282282.0, 286304.0, 282910.0, 281791.0, 289443.0, 283282.0, 284651.0, 282563.0, 282819.0, 281330.0, 284173.0, 286377.0, 286334.0, 285619.0, 280495.0, 280404.0, 281495.0, 280686.0, 280304.0, 280057.0, 278947.0, 279674.0, 281677.0, 282296.0, 280000.0, 280000.0, 282311.0, 281786.0, 281145.0, 277315.0, 278686.0, 278398.0, 278678.0, 277095.0, 277391.0, 277741.0, 279537.0, 279276.0, 280715.0, 277739.0, 281341.0, 280284.0, 278655.0, 277355.0, 277969.0, 278745.0, 276673.0, 279128.0, 275365.0, 275798.0, 278704.0, 276284.0, 277682.0, 276736.0, 279781.0, 275419.0, 275895.0, 276127.0, 277849.0, 277558.0, 278740.0, 277840.0, 276682.0, 277519.0, 275798.0, 275258.0, 275757.0, 274795.0, 274885.0, 275674.0, 275602.0, 275933.0, 275541.0, 274713.0, 276596.0, 275632.0, 274795.0, 277629.0, 278183.0, 276788.0, 275658.0, 276327.0, 276030.0, 276327.0, 279129.0, 275796.0, 275667.0, 274795.0, 274576.0, 275212.0, 275025.0, 275893.0, 274853.0, 275792.0, 275103.0, 275472.0, 274142.0, 274576.0, 275160.0, 274229.0, 274636.0, 278345.0, 273701.0, 273471.0, 274354.0, 278230.0, 274312.0, 274156.0, 274609.0, 273872.0, 273707.0, 273813.0, 273876.0, 273411.0, 274312.0, 273471.0, 273752.0, 273491.0, 273752.0, 279479.0, 274450.0, 273945.0, 275305.0, 274627.0, 272649.0, 274038.0, 272932.0, 273464.0, 274675.0, 273138.0, 274038.0, 273252.0, 272247.0, 276301.0, 274203.0, 273636.0, 273088.0, 276950.0, 273717.0, 276296.0, 271180.0, 272636.0, 0.0, 0.0, 0.0, 0.0, 0.0, 0.0, 0.0, 0.0, 0.0, 0.0, 0.0, 0.0, 0.0, 0.0, 0.0, 0.0, 0.0, 0.0, 0.0, 0.0, 0.0, 0.0, 0.0, 0.0, 0.0, 0.0, 0.0, 0.0, 0.0, 0.0, 0.0, 0.0, 0.0, 0.0, 0.0, 0.0, 0.0, 0.0, 0.0, 0.0, 0.0, 0.0, 0.0, 0.0, 0.0, 0.0, 0.0, 0.0, 0.0, 0.0, 0.0, 0.0, 0.0, 0.0, 0.0, 0.0, 0.0, 0.0, 0.0, 0.0, 0.0, 0.0, 0.0, 0.0, 0.0, 0.0, 0.0, 0.0, 0.0, 0.0, 0.0, 0.0, 0.0, 0.0, 0.0, 0.0, 0.0, 0.0, 0.0, 0.0, 0.0, 0.0, 0.0, 0.0, 0.0, 0.0, 0.0, 0.0, 0.0, 0.0, 0.0, 0.0, 0.0, 0.0, 0.0, 0.0, 0.0, 0.0, 0.0, 0.0, 0.0, 0.0, 0.0, 0.0, 0.0, 0.0, 0.0, 0.0, 0.0, 0.0, 0.0, 0.0, 0.0, 0.0, 0.0, 0.0, 0.0, 0.0, 0.0, 0.0, 0.0, 0.0, 0.0, 0.0, 0.0, 0.0, 0.0, 0.0, 0.0, 0.0, 0.0, 0.0, 0.0, 0.0, 0.0, 0.0, 0.0, 0.0, 0.0, 0.0, 0.0, 0.0, 0.0, 0.0, 0.0, 0.0, 0.0, 0.0, 0.0, 0.0, 0.0, 0.0, 0.0, 0.0, 0.0, 0.0, 0.0, 0.0, 0.0, 0.0, 0.0, 0.0, 0.0, 0.0, 0.0, 0.0, 0.0, 0.0, 0.0, 0.0, 0.0, 0.0, 0.0, 0.0, 0.0, 0.0, 0.0, 0.0, 0.0, 0.0, 0.0, 0.0, 0.0, 0.0, 0.0, 0.0, 0.0, 0.0, 0.0, 0.0, 0.0, 0.0, 0.0, 0.0, 0.0, 0.0, 0.0, 0.0, 0.0, 0.0, 0.0, 0.0, 0.0, 0.0, 0.0, 0.0, 0.0, 0.0, 0.0, 0.0, 0.0, 0.0, 0.0, 0.0, 0.0, 0.0, 0.0, 0.0, 0.0, 0.0, 0.0, 0.0, 0.0, 0.0, 0.0, 0.0, 0.0, 0.0, 0.0, 0.0, 0.0, 0.0, 0.0, 0.0, 0.0, 0.0, 0.0, 0.0, 0.0, 0.0, 0.0, 0.0, 0.0, 0.0, 0.0, 0.0, 0.0, 0.0, 0.0, 0.0, 0.0, 0.0, 0.0, 0.0, 0.0, 0.0, 0.0, 0.0, 0.0, 0.0, 0.0, 0.0, 0.0, 0.0, 0.0, 0.0, 0.0, 0.0, 0.0, 0.0, 0.0, 0.0, 0.0, 0.0, 0.0, 0.0, 0.0, 0.0, 0.0, 0.0, 0.0, 0.0, 0.0, 0.0, 0.0, 0.0, 0.0, 0.0, 0.0, 0.0, 0.0, 0.0, 0.0, 0.0, 0.0, 0.0, 0.0, 0.0, 0.0, 0.0, 0.0, 0.0, 0.0, 0.0, 0.0, 0.0, 0.0, 0.0, 0.0, 0.0, 0.0, 0.0, 0.0, 0.0, 0.0, 0.0, 0.0, 0.0, 0.0, 0.0, 0.0, 0.0, 0.0, 0.0, 0.0, 0.0, 0.0, 0.0, 0.0, 0.0, 0.0, 0.0, 0.0, 0.0, 0.0, 0.0, 0.0, 0.0, 0.0, 0.0, 0.0, 0.0, 0.0, 0.0, 0.0, 0.0, 0.0, 0.0, 0.0, 0.0, 0.0, 0.0, 0.0, 0.0, 0.0, 0.0, 0.0, 0.0, 0.0, 0.0, 0.0, 0.0, 0.0, 0.0, 0.0, 0.0, 0.0, 0.0, 0.0, 0.0, 0.0, 0.0, 0.0, 0.0, 0.0, 0.0, 0.0, 0.0, 0.0, 0.0, 0.0, 0.0, 0.0, 0.0, 0.0, 0.0, 0.0, 0.0, 0.0, 0.0, 0.0, 0.0, 0.0, 0.0, 0.0, 0.0, 0.0, 0.0, 0.0, 0.0, 0.0, 0.0, 0.0, 0.0, 0.0]
cong_K= Any[1, 1, 1, 1, 1, 1, 1, 1, 1, 1, 1, 1, 1, 1, 1, 1, 1, 1, 1, 1, 1, 1, 1, 1, 1, 1, 1, 1, 1, 1, 1, 1, 1, 1, 1, 1, 1, 1, 1, 1, 1, 1, 1, 1, 1] 
obj_k= Any[321394, 315783, 314295, 312000, 311972, 307303, 307278, 306134, 303445, 298018, 296910, 295189, 295164, 293614, 292587, 290469, 288959, 288450, 287796, 285399, 284155, 282897, 282067, 281494, 281330, 280495, 280404, 280304, 280057, 278947, 277315, 277095, 276673, 275365, 275258, 274795, 274713, 274576, 274142, 273701, 273471, 273411, 272649, 272247, 271180] 
iter_obj = Any[1, 2, 3, 4, 5, 8, 10, 12, 13, 14, 15, 17, 18, 19, 21, 22, 24, 25, 27, 33, 44, 45, 47, 50, 63, 68, 69, 72, 73, 74, 83, 87, 100, 102, 119, 121, 127, 142, 150, 156, 157, 167, 178, 186, 194] 
avgClusterDiam = 1965.1333333333334 
maxClusterDiam = 2401.0 
clusterDiamete = [1806.0; 2293.0; 2401.0; 1982.0; 1719.0; 1936.0; 1960.0; 1702.0; 2027.0; 2172.0; 2239.0; 1657.0; 1556.0; 1681.0; 2346.0]   
C = [0, 0, 0, 0, 0, 0, 0, 0, 0, 0, 0, 0, 0, 0, 1, 0, 0, 0, 0, 1, 0, 0, 0, 0, 0, 0, 0, 0, 0, 0, 0, 0, 0, 0, 0, 0, 0, 0, 0, 0, 0, 0, 0, 0, 0, 0, 0, 0, 0, 0, 0, 0, 0, 0, 0, 0, 0, 0, 0, 0, 0, 0, 0, 0, 0, 1, 0, 0, 0, 0, 0, 0, 0, 0, 0, 0, 0, 0, 0, 0, 0, 0, 0, 0, 0, 0, 0, 0, 0, 0, 0, 0, 0, 0, 0, 0, 0, 0, 0, 0, 1, 0, 0, 0, 0, 0, 0, 0, 0, 0, 0, 0, 0, 0, 0, 0, 0, 0, 0, 0, 0, 0, 0, 0, 0, 0, 0, 0, 0, 0, 0, 0, 0, 0, 0, 0, 1, 0, 0, 0, 0, 0, 0, 0, 0, 0, 0, 0, 0, 0, 0, 0, 1, 0, 0, 0, 0, 0, 0, 0, 0, 0, 0, 0, 0, 0, 0, 0, 0, 0, 0, 0, 0, 0, 0, 0, 0, 0, 0, 0, 0, 0, 0, 0, 0, 0, 0, 0, 0, 0, 0, 0, 0, 0, 0, 0, 0, 0, 0, 0, 0, 0, 0, 0, 0, 0, 0, 0, 0, 0, 0, 0, 0, 0, 1, 0, 0, 0, 0, 0, 0, 0, 0, 0, 1, 0, 0, 0, 0, 0, 0, 0, 0, 0, 0, 0, 0, 0, 0, 0, 0, 0, 0, 0, 0, 0, 0, 0, 0, 0, 0, 0, 0, 0, 0, 0, 0, 0, 0, 0, 0, 0, 0, 0, 0, 0, 0, 0, 0, 0, 0, 0, 0, 0, 0, 0, 0, 0, 0, 0, 0, 0, 0, 0, 0, 0, 0, 0, 0, 0, 0, 0, 0, 0, 0, 0, 0, 0, 1, 0, 0, 0, 0, 0, 0, 0, 0, 0, 0, 0, 0, 0, 1, 0, 0, 0, 0, 0, 0, 0, 0, 0, 0, 0, 0, 0, 0, 0, 0, 0, 0, 0, 0, 0, 0, 0, 0, 0, 0, 0, 0, 0, 0, 0, 0, 0, 0, 0, 0, 0, 0, 0, 0, 0, 0, 0, 0, 1, 0, 0, 0, 0, 0, 0, 0, 0, 0, 0, 0, 0, 0, 0, 0, 0, 0, 0, 0, 0, 0, 0, 0, 1, 0, 0, 0, 0, 0, 0, 0, 0, 0, 0, 0, 0, 0, 0, 0, 0, 0, 0, 0, 0, 0, 0, 0, 0, 0, 0, 0, 0, 0, 0, 1, 0, 0, 0, 0, 0, 0, 0, 0, 0, 0, 0, 0, 0, 0, 1, 0, 0, 0, 0, 0, 0, 0, 0, 0, 0, 0, 0, 0, 0, 0, 0, 0, 0, 0, 0, 0, 1, 0, 0]
E = [20, 15, 20, 15, 15, 20, 15, 20, 15, 450, 20, 20, 15, 15, 15, 15, 15, 20, 20, 20, 15, 15, 15, 15, 15, 450, 20, 15, 450, 20, 20, 15, 15, 15, 15, 15, 15, 15, 15, 15, 450, 15, 450, 15, 15, 15, 15, 450, 66, 66, 66, 101, 66, 66, 101, 137, 66, 66, 153, 66, 153, 66, 66, 153, 450, 66, 66, 66, 153, 153, 66, 66, 66, 66, 66, 153, 66, 66, 66, 66, 153, 450, 153, 153, 20, 20, 101, 101, 101, 101, 101, 101, 101, 101, 101, 101, 101, 450, 450, 101, 101, 101, 20, 101, 101, 101, 20, 20, 101, 101, 20, 450, 20, 20, 20, 450, 20, 20, 20, 20, 137, 101, 137, 137, 137, 137, 137, 137, 137, 137, 137, 137, 137, 137, 137, 137, 137, 137, 137, 137, 137, 153, 137, 137, 137, 153, 137, 137, 137, 153, 153, 153, 153, 153, 153, 153, 153, 153, 153, 20, 153, 153, 153, 153, 153, 66, 66, 66, 66, 66, 66, 66, 313, 450, 299, 450, 66, 66, 153, 153, 66, 153, 20, 66, 66, 66, 66, 66, 66, 66, 66, 225, 225, 15, 225, 215, 215, 215, 215, 225, 225, 215, 215, 215, 225, 215, 225, 225, 215, 215, 225, 225, 215, 215, 215, 215, 225, 225, 215, 215, 215, 215, 225, 225, 225, 225, 215, 215, 215, 215, 225, 225, 215, 225, 215, 215, 215, 215, 225, 215, 215, 215, 215, 215, 225, 225, 225, 225, 225, 225, 15, 15, 15, 20, 20, 20, 20, 66, 450, 450, 15, 101, 20, 450, 450, 450, 450, 450, 450, 450, 450, 450, 450, 450, 450, 153, 153, 299, 299, 153, 299, 299, 299, 299, 313, 313, 313, 313, 313, 299, 299, 299, 299, 299, 299, 299, 299, 299, 299, 299, 299, 299, 313, 313, 313, 313, 313, 313, 313, 313, 313, 313, 313, 313, 313, 299, 299, 299, 299, 299, 299, 299, 299, 299, 299, 313, 313, 313, 313, 313, 313, 313, 313, 313, 358, 358, 358, 358, 358, 358, 358, 358, 358, 358, 358, 358, 313, 313, 313, 313, 313, 313, 382, 382, 382, 358, 358, 358, 358, 358, 382, 382, 382, 382, 382, 382, 382, 382, 382, 382, 382, 358, 358, 358, 358, 358, 358, 358, 413, 382, 382, 382, 382, 382, 382, 382, 382, 382, 382, 382, 382, 382, 413, 413, 413, 413, 413, 413, 413, 358, 358, 428, 428, 358, 428, 428, 428, 428, 428, 428, 428, 428, 413, 413, 413, 382, 382, 382, 382, 382, 382, 413, 413, 413, 413, 428, 428, 428, 428, 428, 428, 428, 413, 413, 413, 413, 413, 413, 413, 428, 428, 428, 428, 428, 428, 428, 15, 101, 15, 450, 215, 225]
