n° iter       = 600 
neighborhood_structure = [3] 
Prioridad     = 10 
balance       = 0.5 
Len_N         = 3 
N° clusters   = 15 
N° estaciones = 452 
N° mejoras    = 12
N° iter completadas  = 161
1° FO         = 328667.0
FO            = 273154
Centros       = [3, 28, 72, 87, 139, 152, 176, 206, 218, 298, 304, 344, 353, 415, 427]
Objs= Any[328667.0, 317354, 317354, 305058, 305058, 305058, 305058, 302299, 302299, 292030, 292030, 292030, 290441, 290441, 290441, 290441, 290441, 290441, 290441, 290441, 290441, 290441, 290441, 290441, 290441, 290441, 290441, 290441, 286533, 286533, 286533, 286533, 286533, 286533, 286533, 286533, 286533, 286533, 286533, 286533, 286533, 286533, 286533, 286011, 286011, 286011, 283982, 283982, 283982, 283982, 283982, 283982, 283982, 283982, 283982, 283982, 283982, 282334, 282334, 282334, 281790, 281790, 281790, 281790, 281790, 281790, 281790, 281790, 281790, 281790, 274784, 274784, 274784, 274784, 274784, 274784, 274784, 274784, 274784, 274784, 274784, 274784, 274784, 274784, 274784, 274784, 274784, 274784, 274784, 273154, 273154, 273154, 273154, 273154, 273154, 273154, 273154, 273154, 273154, 273154, 273154, 273154, 273154, 273154, 273154, 273154, 273154, 273154, 273154, 273154, 273154, 273154, 273154, 273154, 273154, 273154, 273154, 273154, 273154, 273154, 273154, 273154, 273154, 273154, 273154, 273154, 273154, 273154, 273154, 273154, 273154, 273154, 273154, 273154, 273154, 273154, 273154, 273154, 273154, 273154, 273154, 273154, 273154, 273154, 273154, 273154, 273154, 273154, 273154, 273154, 273154, 273154, 273154, 273154, 273154, 273154, 273154, 273154, 273154, 273154, 273154, 273154]
current_obj = [317354.0, 317615.0, 305058.0, 307594.0, 309971.0, 306171.0, 302299.0, 303267.0, 292030.0, 292830.0, 296206.0, 290441.0, 300105.0, 305705.0, 295939.0, 301241.0, 295743.0, 297281.0, 291292.0, 296235.0, 298575.0, 302045.0, 291749.0, 295890.0, 292582.0, 293454.0, 297107.0, 286533.0, 293555.0, 287218.0, 296201.0, 286728.0, 297208.0, 291462.0, 287169.0, 286915.0, 295470.0, 289456.0, 288822.0, 290344.0, 300937.0, 291222.0, 286011.0, 290819.0, 289477.0, 283982.0, 292482.0, 286187.0, 287810.0, 291989.0, 286156.0, 291624.0, 287268.0, 289036.0, 286386.0, 289994.0, 282334.0, 285597.0, 283988.0, 281790.0, 283217.0, 287865.0, 284489.0, 284466.0, 296364.0, 289597.0, 283131.0, 291596.0, 284869.0, 274784.0, 287551.0, 278564.0, 283434.0, 274915.0, 289721.0, 287250.0, 283884.0, 278655.0, 281140.0, 284624.0, 281125.0, 280917.0, 282141.0, 289631.0, 288593.0, 283709.0, 289537.0, 279648.0, 273154.0, 281859.0, 280632.0, 276970.0, 283861.0, 277322.0, 283686.0, 279014.0, 285163.0, 282029.0, 279083.0, 275319.0, 286810.0, 280079.0, 283673.0, 285500.0, 281613.0, 279780.0, 277970.0, 278773.0, 275584.0, 288307.0, 274976.0, 276803.0, 279429.0, 281964.0, 281769.0, 274177.0, 287362.0, 285204.0, 282916.0, 282084.0, 278389.0, 280530.0, 278487.0, 282471.0, 276303.0, 283052.0, 278781.0, 281935.0, 280818.0, 279277.0, 278139.0, 276759.0, 277556.0, 287076.0, 286486.0, 283842.0, 281636.0, 277482.0, 280607.0, 277627.0, 285216.0, 283989.0, 283112.0, 282483.0, 275984.0, 278677.0, 278485.0, 279441.0, 282502.0, 279453.0, 287085.0, 279333.0, 278747.0, 283088.0, 279824.0, 284921.0, 278166.0, 284042.0, 280018.0, 281990.0, 292651.0, 281208.0, 0.0, 0.0, 0.0, 0.0, 0.0, 0.0, 0.0, 0.0, 0.0, 0.0, 0.0, 0.0, 0.0, 0.0, 0.0, 0.0, 0.0, 0.0, 0.0, 0.0, 0.0, 0.0, 0.0, 0.0, 0.0, 0.0, 0.0, 0.0, 0.0, 0.0, 0.0, 0.0, 0.0, 0.0, 0.0, 0.0, 0.0, 0.0, 0.0, 0.0, 0.0, 0.0, 0.0, 0.0, 0.0, 0.0, 0.0, 0.0, 0.0, 0.0, 0.0, 0.0, 0.0, 0.0, 0.0, 0.0, 0.0, 0.0, 0.0, 0.0, 0.0, 0.0, 0.0, 0.0, 0.0, 0.0, 0.0, 0.0, 0.0, 0.0, 0.0, 0.0, 0.0, 0.0, 0.0, 0.0, 0.0, 0.0, 0.0, 0.0, 0.0, 0.0, 0.0, 0.0, 0.0, 0.0, 0.0, 0.0, 0.0, 0.0, 0.0, 0.0, 0.0, 0.0, 0.0, 0.0, 0.0, 0.0, 0.0, 0.0, 0.0, 0.0, 0.0, 0.0, 0.0, 0.0, 0.0, 0.0, 0.0, 0.0, 0.0, 0.0, 0.0, 0.0, 0.0, 0.0, 0.0, 0.0, 0.0, 0.0, 0.0, 0.0, 0.0, 0.0, 0.0, 0.0, 0.0, 0.0, 0.0, 0.0, 0.0, 0.0, 0.0, 0.0, 0.0, 0.0, 0.0, 0.0, 0.0, 0.0, 0.0, 0.0, 0.0, 0.0, 0.0, 0.0, 0.0, 0.0, 0.0, 0.0, 0.0, 0.0, 0.0, 0.0, 0.0, 0.0, 0.0, 0.0, 0.0, 0.0, 0.0, 0.0, 0.0, 0.0, 0.0, 0.0, 0.0, 0.0, 0.0, 0.0, 0.0, 0.0, 0.0, 0.0, 0.0, 0.0, 0.0, 0.0, 0.0, 0.0, 0.0, 0.0, 0.0, 0.0, 0.0, 0.0, 0.0, 0.0, 0.0, 0.0, 0.0, 0.0, 0.0, 0.0, 0.0, 0.0, 0.0, 0.0, 0.0, 0.0, 0.0, 0.0, 0.0, 0.0, 0.0, 0.0, 0.0, 0.0, 0.0, 0.0, 0.0, 0.0, 0.0, 0.0, 0.0, 0.0, 0.0, 0.0, 0.0, 0.0, 0.0, 0.0, 0.0, 0.0, 0.0, 0.0, 0.0, 0.0, 0.0, 0.0, 0.0, 0.0, 0.0, 0.0, 0.0, 0.0, 0.0, 0.0, 0.0, 0.0, 0.0, 0.0, 0.0, 0.0, 0.0, 0.0, 0.0, 0.0, 0.0, 0.0, 0.0, 0.0, 0.0, 0.0, 0.0, 0.0, 0.0, 0.0, 0.0, 0.0, 0.0, 0.0, 0.0, 0.0, 0.0, 0.0, 0.0, 0.0, 0.0, 0.0, 0.0, 0.0, 0.0, 0.0, 0.0, 0.0, 0.0, 0.0, 0.0, 0.0, 0.0, 0.0, 0.0, 0.0, 0.0, 0.0, 0.0, 0.0, 0.0, 0.0, 0.0, 0.0, 0.0, 0.0, 0.0, 0.0, 0.0, 0.0, 0.0, 0.0, 0.0, 0.0, 0.0, 0.0, 0.0, 0.0, 0.0, 0.0, 0.0, 0.0, 0.0, 0.0, 0.0, 0.0, 0.0, 0.0, 0.0, 0.0, 0.0, 0.0, 0.0, 0.0, 0.0, 0.0, 0.0, 0.0, 0.0, 0.0, 0.0, 0.0, 0.0, 0.0, 0.0, 0.0, 0.0, 0.0, 0.0, 0.0, 0.0, 0.0, 0.0, 0.0, 0.0, 0.0, 0.0, 0.0, 0.0, 0.0, 0.0, 0.0, 0.0, 0.0, 0.0, 0.0, 0.0, 0.0, 0.0, 0.0, 0.0, 0.0, 0.0, 0.0, 0.0, 0.0, 0.0, 0.0, 0.0, 0.0, 0.0, 0.0, 0.0, 0.0, 0.0, 0.0, 0.0, 0.0, 0.0, 0.0, 0.0, 0.0, 0.0, 0.0, 0.0, 0.0, 0.0, 0.0, 0.0, 0.0, 0.0, 0.0, 0.0, 0.0, 0.0, 0.0, 0.0, 0.0, 0.0, 0.0, 0.0, 0.0, 0.0, 0.0, 0.0, 0.0, 0.0, 0.0, 0.0, 0.0, 0.0, 0.0, 0.0, 0.0, 0.0, 0.0, 0.0, 0.0, 0.0, 0.0, 0.0, 0.0, 0.0, 0.0, 0.0, 0.0, 0.0, 0.0, 0.0, 0.0, 0.0, 0.0, 0.0, 0.0, 0.0, 0.0, 0.0, 0.0, 0.0, 0.0]
cong_K= Any[3, 3, 3, 3, 3, 3, 3, 3, 3, 3, 3, 3] 
obj_k= Any[317354, 305058, 302299, 292030, 290441, 286533, 286011, 283982, 282334, 281790, 274784, 273154] 
iter_obj = Any[1, 3, 7, 9, 12, 28, 43, 46, 57, 60, 70, 89] 
avgClusterDiam = 2043.2 
maxClusterDiam = 2651.0 
clusterDiamete = [2651.0; 1882.0; 2239.0; 2152.0; 1885.0; 1721.0; 2334.0; 1944.0; 1731.0; 2452.0; 1790.0; 2152.0; 1712.0; 1960.0; 2043.0]   
C = [0, 0, 1, 0, 0, 0, 0, 0, 0, 0, 0, 0, 0, 0, 0, 0, 0, 0, 0, 0, 0, 0, 0, 0, 0, 0, 0, 1, 0, 0, 0, 0, 0, 0, 0, 0, 0, 0, 0, 0, 0, 0, 0, 0, 0, 0, 0, 0, 0, 0, 0, 0, 0, 0, 0, 0, 0, 0, 0, 0, 0, 0, 0, 0, 0, 0, 0, 0, 0, 0, 0, 1, 0, 0, 0, 0, 0, 0, 0, 0, 0, 0, 0, 0, 0, 0, 1, 0, 0, 0, 0, 0, 0, 0, 0, 0, 0, 0, 0, 0, 0, 0, 0, 0, 0, 0, 0, 0, 0, 0, 0, 0, 0, 0, 0, 0, 0, 0, 0, 0, 0, 0, 0, 0, 0, 0, 0, 0, 0, 0, 0, 0, 0, 0, 0, 0, 0, 0, 1, 0, 0, 0, 0, 0, 0, 0, 0, 0, 0, 0, 0, 1, 0, 0, 0, 0, 0, 0, 0, 0, 0, 0, 0, 0, 0, 0, 0, 0, 0, 0, 0, 0, 0, 0, 0, 1, 0, 0, 0, 0, 0, 0, 0, 0, 0, 0, 0, 0, 0, 0, 0, 0, 0, 0, 0, 0, 0, 0, 0, 0, 0, 0, 0, 0, 0, 1, 0, 0, 0, 0, 0, 0, 0, 0, 0, 0, 0, 1, 0, 0, 0, 0, 0, 0, 0, 0, 0, 0, 0, 0, 0, 0, 0, 0, 0, 0, 0, 0, 0, 0, 0, 0, 0, 0, 0, 0, 0, 0, 0, 0, 0, 0, 0, 0, 0, 0, 0, 0, 0, 0, 0, 0, 0, 0, 0, 0, 0, 0, 0, 0, 0, 0, 0, 0, 0, 0, 0, 0, 0, 0, 0, 0, 0, 0, 0, 0, 0, 0, 0, 0, 0, 0, 0, 0, 0, 0, 0, 1, 0, 0, 0, 0, 0, 1, 0, 0, 0, 0, 0, 0, 0, 0, 0, 0, 0, 0, 0, 0, 0, 0, 0, 0, 0, 0, 0, 0, 0, 0, 0, 0, 0, 0, 0, 0, 0, 0, 0, 0, 0, 0, 0, 0, 0, 1, 0, 0, 0, 0, 0, 0, 0, 0, 1, 0, 0, 0, 0, 0, 0, 0, 0, 0, 0, 0, 0, 0, 0, 0, 0, 0, 0, 0, 0, 0, 0, 0, 0, 0, 0, 0, 0, 0, 0, 0, 0, 0, 0, 0, 0, 0, 0, 0, 0, 0, 0, 0, 0, 0, 0, 0, 0, 0, 0, 0, 0, 0, 0, 0, 0, 0, 0, 0, 0, 0, 1, 0, 0, 0, 0, 0, 0, 0, 0, 0, 0, 0, 1, 0, 0, 0, 0, 0, 0, 0, 0, 0, 0, 0, 0, 0, 0, 0, 0, 0, 0, 0, 0, 0, 0, 0, 0, 0]
E = [3, 28, 3, 28, 28, 3, 28, 3, 28, 176, 3, 3, 28, 28, 28, 28, 28, 3, 3, 3, 28, 28, 28, 28, 28, 3, 3, 28, 176, 176, 3, 28, 28, 28, 28, 28, 28, 28, 28, 139, 3, 28, 87, 28, 28, 28, 139, 87, 28, 28, 139, 87, 72, 72, 87, 139, 72, 28, 139, 72, 152, 72, 72, 152, 87, 72, 72, 72, 152, 152, 152, 72, 72, 72, 72, 152, 72, 72, 72, 152, 152, 87, 152, 152, 3, 3, 87, 87, 87, 87, 87, 87, 87, 87, 87, 87, 87, 87, 87, 87, 87, 87, 3, 87, 87, 87, 3, 87, 87, 87, 3, 3, 3, 3, 3, 3, 3, 3, 3, 3, 3, 87, 3, 3, 3, 139, 139, 139, 139, 139, 139, 139, 139, 139, 139, 139, 139, 139, 139, 139, 139, 152, 139, 139, 139, 152, 139, 139, 139, 152, 139, 152, 152, 152, 152, 152, 152, 139, 139, 3, 152, 152, 152, 152, 152, 72, 72, 72, 304, 72, 304, 72, 304, 3, 304, 176, 72, 72, 152, 152, 72, 72, 3, 72, 72, 72, 72, 72, 72, 72, 72, 218, 218, 28, 218, 218, 206, 206, 206, 218, 218, 206, 206, 206, 218, 206, 218, 218, 206, 206, 218, 218, 206, 206, 206, 206, 218, 218, 206, 206, 206, 218, 218, 218, 218, 218, 206, 206, 206, 206, 218, 218, 206, 218, 206, 206, 206, 218, 218, 206, 206, 206, 206, 206, 218, 218, 218, 28, 28, 218, 28, 28, 28, 3, 3, 3, 3, 72, 3, 87, 28, 87, 3, 176, 176, 176, 176, 176, 176, 3, 176, 176, 176, 176, 176, 298, 152, 298, 298, 298, 298, 298, 298, 304, 304, 304, 304, 304, 304, 304, 304, 298, 298, 298, 298, 298, 298, 298, 298, 304, 304, 298, 304, 304, 304, 304, 304, 304, 304, 304, 304, 304, 304, 304, 304, 298, 298, 298, 298, 298, 298, 298, 298, 344, 344, 344, 353, 304, 353, 353, 353, 353, 353, 353, 298, 344, 344, 344, 344, 344, 344, 344, 344, 344, 353, 353, 353, 353, 353, 353, 353, 353, 353, 353, 353, 344, 344, 344, 344, 344, 353, 353, 353, 353, 353, 353, 353, 353, 353, 353, 353, 415, 344, 344, 344, 344, 344, 344, 415, 415, 415, 415, 415, 353, 353, 415, 415, 415, 415, 415, 415, 415, 415, 415, 415, 415, 415, 427, 427, 427, 427, 427, 427, 427, 427, 427, 427, 427, 427, 427, 427, 427, 415, 415, 415, 415, 415, 415, 415, 415, 415, 415, 415, 415, 427, 427, 427, 427, 427, 427, 427, 427, 427, 415, 415, 415, 415, 415, 427, 427, 427, 427, 427, 427, 427, 427, 28, 87, 28, 176, 206, 218]
