n° iter       = 600 
neighborhood_structure = [3] 
Prioridad     = 10 
balance       = 0.5 
Len_N         = 9 
N° clusters   = 15 
N° estaciones = 452 
N° mejoras    = 22
N° iter completadas  = 171
1° FO         = 335840.0
FO            = 276443
Centros       = [8, 16, 44, 55, 77, 156, 215, 225, 275, 299, 314, 360, 362, 415, 427]
Objs= Any[335840.0, 327420, 317752, 307674, 300991, 297335, 296094, 293627, 293627, 291669, 291669, 289740, 289740, 289740, 289740, 289740, 289740, 289476, 284460, 281936, 281936, 281902, 281902, 281111, 281111, 280019, 280019, 280019, 280019, 280019, 280019, 280019, 279902, 279902, 279902, 278223, 278223, 278223, 278223, 278223, 278223, 278223, 278123, 278123, 278123, 278123, 278123, 278123, 277843, 277266, 277266, 277266, 277266, 277266, 277266, 277266, 277266, 277266, 277266, 277266, 277266, 277266, 277266, 277266, 277266, 277266, 277266, 277266, 277266, 277266, 277266, 277266, 277266, 277266, 277266, 277266, 277266, 277266, 277266, 277266, 277266, 277266, 277266, 277266, 277266, 277266, 277266, 277266, 277266, 277266, 277266, 277266, 277266, 277266, 277266, 277266, 277266, 277266, 277266, 277266, 277266, 277266, 277266, 277266, 277266, 277266, 277266, 277266, 277266, 277266, 277266, 277266, 277266, 277266, 277266, 277266, 277266, 277266, 277266, 277266, 277266, 277266, 277266, 277266, 277266, 277266, 277266, 276726, 276726, 276726, 276726, 276726, 276726, 276726, 276726, 276726, 276726, 276726, 276726, 276726, 276726, 276726, 276726, 276726, 276726, 276726, 276726, 276726, 276726, 276726, 276726, 276726, 276726, 276726, 276726, 276726, 276726, 276726, 276726, 276726, 276726, 276726, 276726, 276726, 276443, 276443, 276443, 276443, 276443, 276443, 276443, 276443]
current_obj = [327420.0, 317752.0, 307674.0, 300991.0, 297335.0, 296094.0, 293627.0, 298616.0, 291669.0, 294027.0, 289740.0, 293449.0, 292140.0, 290856.0, 291117.0, 292212.0, 289476.0, 284460.0, 281936.0, 283208.0, 281902.0, 283545.0, 281111.0, 284532.0, 280019.0, 283345.0, 281213.0, 282875.0, 284590.0, 284288.0, 282819.0, 279902.0, 280790.0, 284763.0, 278223.0, 280165.0, 278874.0, 283547.0, 282035.0, 279672.0, 284889.0, 278123.0, 284110.0, 278889.0, 281827.0, 284976.0, 278343.0, 277843.0, 277266.0, 280294.0, 288625.0, 281048.0, 282339.0, 280165.0, 281685.0, 279206.0, 281298.0, 282558.0, 281628.0, 277422.0, 286007.0, 286047.0, 277570.0, 279043.0, 285036.0, 280107.0, 284174.0, 282325.0, 283189.0, 287190.0, 283202.0, 284412.0, 285304.0, 281807.0, 282715.0, 277702.0, 285964.0, 279487.0, 282126.0, 284231.0, 279530.0, 280979.0, 284679.0, 279800.0, 280419.0, 279783.0, 284232.0, 281635.0, 284718.0, 280063.0, 285995.0, 282331.0, 278799.0, 283658.0, 281612.0, 282142.0, 281511.0, 278874.0, 279454.0, 278773.0, 280117.0, 281213.0, 279705.0, 282777.0, 279842.0, 283484.0, 279621.0, 282432.0, 281976.0, 287020.0, 280526.0, 283033.0, 277910.0, 285174.0, 283255.0, 281101.0, 280678.0, 283315.0, 280022.0, 284046.0, 278276.0, 277898.0, 282947.0, 280874.0, 280491.0, 285154.0, 276726.0, 282102.0, 278911.0, 280331.0, 281460.0, 279967.0, 285200.0, 278389.0, 279822.0, 280143.0, 280303.0, 284633.0, 278384.0, 283084.0, 282557.0, 280207.0, 279456.0, 282242.0, 284820.0, 280790.0, 279818.0, 280679.0, 279620.0, 278206.0, 284034.0, 280472.0, 281518.0, 276953.0, 278030.0, 281568.0, 278460.0, 276937.0, 284761.0, 285287.0, 283860.0, 282004.0, 282364.0, 276443.0, 283994.0, 283227.0, 278023.0, 283003.0, 279217.0, 279282.0, 279950.0, 282141.0, 0.0, 0.0, 0.0, 0.0, 0.0, 0.0, 0.0, 0.0, 0.0, 0.0, 0.0, 0.0, 0.0, 0.0, 0.0, 0.0, 0.0, 0.0, 0.0, 0.0, 0.0, 0.0, 0.0, 0.0, 0.0, 0.0, 0.0, 0.0, 0.0, 0.0, 0.0, 0.0, 0.0, 0.0, 0.0, 0.0, 0.0, 0.0, 0.0, 0.0, 0.0, 0.0, 0.0, 0.0, 0.0, 0.0, 0.0, 0.0, 0.0, 0.0, 0.0, 0.0, 0.0, 0.0, 0.0, 0.0, 0.0, 0.0, 0.0, 0.0, 0.0, 0.0, 0.0, 0.0, 0.0, 0.0, 0.0, 0.0, 0.0, 0.0, 0.0, 0.0, 0.0, 0.0, 0.0, 0.0, 0.0, 0.0, 0.0, 0.0, 0.0, 0.0, 0.0, 0.0, 0.0, 0.0, 0.0, 0.0, 0.0, 0.0, 0.0, 0.0, 0.0, 0.0, 0.0, 0.0, 0.0, 0.0, 0.0, 0.0, 0.0, 0.0, 0.0, 0.0, 0.0, 0.0, 0.0, 0.0, 0.0, 0.0, 0.0, 0.0, 0.0, 0.0, 0.0, 0.0, 0.0, 0.0, 0.0, 0.0, 0.0, 0.0, 0.0, 0.0, 0.0, 0.0, 0.0, 0.0, 0.0, 0.0, 0.0, 0.0, 0.0, 0.0, 0.0, 0.0, 0.0, 0.0, 0.0, 0.0, 0.0, 0.0, 0.0, 0.0, 0.0, 0.0, 0.0, 0.0, 0.0, 0.0, 0.0, 0.0, 0.0, 0.0, 0.0, 0.0, 0.0, 0.0, 0.0, 0.0, 0.0, 0.0, 0.0, 0.0, 0.0, 0.0, 0.0, 0.0, 0.0, 0.0, 0.0, 0.0, 0.0, 0.0, 0.0, 0.0, 0.0, 0.0, 0.0, 0.0, 0.0, 0.0, 0.0, 0.0, 0.0, 0.0, 0.0, 0.0, 0.0, 0.0, 0.0, 0.0, 0.0, 0.0, 0.0, 0.0, 0.0, 0.0, 0.0, 0.0, 0.0, 0.0, 0.0, 0.0, 0.0, 0.0, 0.0, 0.0, 0.0, 0.0, 0.0, 0.0, 0.0, 0.0, 0.0, 0.0, 0.0, 0.0, 0.0, 0.0, 0.0, 0.0, 0.0, 0.0, 0.0, 0.0, 0.0, 0.0, 0.0, 0.0, 0.0, 0.0, 0.0, 0.0, 0.0, 0.0, 0.0, 0.0, 0.0, 0.0, 0.0, 0.0, 0.0, 0.0, 0.0, 0.0, 0.0, 0.0, 0.0, 0.0, 0.0, 0.0, 0.0, 0.0, 0.0, 0.0, 0.0, 0.0, 0.0, 0.0, 0.0, 0.0, 0.0, 0.0, 0.0, 0.0, 0.0, 0.0, 0.0, 0.0, 0.0, 0.0, 0.0, 0.0, 0.0, 0.0, 0.0, 0.0, 0.0, 0.0, 0.0, 0.0, 0.0, 0.0, 0.0, 0.0, 0.0, 0.0, 0.0, 0.0, 0.0, 0.0, 0.0, 0.0, 0.0, 0.0, 0.0, 0.0, 0.0, 0.0, 0.0, 0.0, 0.0, 0.0, 0.0, 0.0, 0.0, 0.0, 0.0, 0.0, 0.0, 0.0, 0.0, 0.0, 0.0, 0.0, 0.0, 0.0, 0.0, 0.0, 0.0, 0.0, 0.0, 0.0, 0.0, 0.0, 0.0, 0.0, 0.0, 0.0, 0.0, 0.0, 0.0, 0.0, 0.0, 0.0, 0.0, 0.0, 0.0, 0.0, 0.0, 0.0, 0.0, 0.0, 0.0, 0.0, 0.0, 0.0, 0.0, 0.0, 0.0, 0.0, 0.0, 0.0, 0.0, 0.0, 0.0, 0.0, 0.0, 0.0, 0.0, 0.0, 0.0, 0.0, 0.0, 0.0, 0.0, 0.0, 0.0, 0.0, 0.0, 0.0, 0.0, 0.0, 0.0, 0.0, 0.0, 0.0, 0.0, 0.0, 0.0, 0.0, 0.0, 0.0, 0.0, 0.0, 0.0, 0.0, 0.0, 0.0, 0.0, 0.0, 0.0, 0.0, 0.0, 0.0, 0.0, 0.0, 0.0, 0.0, 0.0, 0.0, 0.0, 0.0, 0.0, 0.0, 0.0, 0.0, 0.0, 0.0, 0.0, 0.0, 0.0, 0.0, 0.0, 0.0, 0.0, 0.0, 0.0, 0.0, 0.0, 0.0, 0.0, 0.0, 0.0, 0.0, 0.0, 0.0]
cong_K= Any[3, 3, 3, 3, 3, 3, 3, 3, 3, 3, 3, 3, 3, 3, 3, 3, 3, 3, 3, 3, 3, 3] 
obj_k= Any[327420, 317752, 307674, 300991, 297335, 296094, 293627, 291669, 289740, 289476, 284460, 281936, 281902, 281111, 280019, 279902, 278223, 278123, 277843, 277266, 276726, 276443] 
iter_obj = Any[1, 2, 3, 4, 5, 6, 7, 9, 11, 17, 18, 19, 21, 23, 25, 32, 35, 42, 48, 49, 127, 164] 
avgClusterDiam = 1954.2666666666667 
maxClusterDiam = 2713.0 
clusterDiamete = [2713.0; 1640.0; 1443.0; 1982.0; 2492.0; 2121.0; 1960.0; 1869.0; 2065.0; 1763.0; 1980.0; 2239.0; 1542.0; 1597.0; 1908.0]   
C = [0, 0, 0, 0, 0, 0, 0, 1, 0, 0, 0, 0, 0, 0, 0, 1, 0, 0, 0, 0, 0, 0, 0, 0, 0, 0, 0, 0, 0, 0, 0, 0, 0, 0, 0, 0, 0, 0, 0, 0, 0, 0, 0, 1, 0, 0, 0, 0, 0, 0, 0, 0, 0, 0, 1, 0, 0, 0, 0, 0, 0, 0, 0, 0, 0, 0, 0, 0, 0, 0, 0, 0, 0, 0, 0, 0, 1, 0, 0, 0, 0, 0, 0, 0, 0, 0, 0, 0, 0, 0, 0, 0, 0, 0, 0, 0, 0, 0, 0, 0, 0, 0, 0, 0, 0, 0, 0, 0, 0, 0, 0, 0, 0, 0, 0, 0, 0, 0, 0, 0, 0, 0, 0, 0, 0, 0, 0, 0, 0, 0, 0, 0, 0, 0, 0, 0, 0, 0, 0, 0, 0, 0, 0, 0, 0, 0, 0, 0, 0, 0, 0, 0, 0, 0, 0, 1, 0, 0, 0, 0, 0, 0, 0, 0, 0, 0, 0, 0, 0, 0, 0, 0, 0, 0, 0, 0, 0, 0, 0, 0, 0, 0, 0, 0, 0, 0, 0, 0, 0, 0, 0, 0, 0, 0, 0, 0, 0, 0, 0, 0, 0, 0, 0, 0, 0, 0, 0, 0, 0, 0, 0, 0, 0, 0, 1, 0, 0, 0, 0, 0, 0, 0, 0, 0, 1, 0, 0, 0, 0, 0, 0, 0, 0, 0, 0, 0, 0, 0, 0, 0, 0, 0, 0, 0, 0, 0, 0, 0, 0, 0, 0, 0, 0, 0, 0, 0, 0, 0, 0, 0, 0, 0, 0, 0, 0, 0, 0, 0, 0, 0, 0, 0, 0, 0, 1, 0, 0, 0, 0, 0, 0, 0, 0, 0, 0, 0, 0, 0, 0, 0, 0, 0, 0, 0, 0, 0, 0, 0, 1, 0, 0, 0, 0, 0, 0, 0, 0, 0, 0, 0, 0, 0, 0, 1, 0, 0, 0, 0, 0, 0, 0, 0, 0, 0, 0, 0, 0, 0, 0, 0, 0, 0, 0, 0, 0, 0, 0, 0, 0, 0, 0, 0, 0, 0, 0, 0, 0, 0, 0, 0, 0, 0, 0, 0, 0, 0, 0, 0, 0, 1, 0, 1, 0, 0, 0, 0, 0, 0, 0, 0, 0, 0, 0, 0, 0, 0, 0, 0, 0, 0, 0, 0, 0, 0, 0, 0, 0, 0, 0, 0, 0, 0, 0, 0, 0, 0, 0, 0, 0, 0, 0, 0, 0, 0, 0, 0, 0, 0, 0, 0, 0, 0, 0, 0, 1, 0, 0, 0, 0, 0, 0, 0, 0, 0, 0, 0, 1, 0, 0, 0, 0, 0, 0, 0, 0, 0, 0, 0, 0, 0, 0, 0, 0, 0, 0, 0, 0, 0, 0, 0, 0, 0]
E = [16, 16, 8, 16, 16, 16, 16, 8, 16, 275, 8, 8, 44, 16, 16, 16, 16, 16, 8, 8, 44, 16, 16, 16, 16, 8, 8, 16, 275, 16, 275, 16, 16, 16, 16, 44, 44, 44, 16, 16, 8, 16, 55, 44, 44, 44, 16, 55, 44, 44, 44, 55, 44, 44, 55, 44, 44, 44, 77, 44, 44, 44, 44, 156, 55, 77, 77, 77, 156, 156, 44, 77, 77, 77, 77, 77, 77, 77, 77, 77, 156, 55, 77, 156, 8, 8, 55, 55, 55, 55, 55, 55, 55, 55, 55, 55, 55, 8, 275, 55, 55, 55, 8, 55, 55, 55, 8, 8, 55, 55, 8, 8, 8, 8, 8, 8, 8, 8, 8, 8, 8, 55, 8, 8, 8, 8, 8, 8, 16, 8, 8, 8, 8, 156, 8, 156, 8, 156, 156, 156, 156, 156, 156, 156, 156, 156, 156, 156, 156, 156, 156, 156, 156, 156, 156, 156, 156, 156, 156, 8, 156, 156, 156, 156, 156, 77, 77, 77, 77, 77, 77, 77, 77, 275, 77, 275, 77, 77, 77, 156, 77, 77, 8, 77, 77, 77, 77, 77, 77, 77, 77, 225, 225, 225, 225, 215, 215, 215, 215, 225, 225, 215, 215, 215, 225, 215, 225, 225, 215, 215, 225, 225, 215, 215, 215, 215, 225, 225, 215, 215, 215, 215, 225, 225, 225, 225, 215, 215, 215, 215, 225, 225, 215, 225, 215, 215, 215, 215, 225, 215, 215, 215, 215, 215, 225, 225, 225, 225, 225, 225, 16, 16, 16, 8, 8, 8, 16, 44, 275, 55, 44, 55, 8, 275, 275, 275, 275, 275, 275, 275, 275, 275, 275, 275, 275, 156, 156, 299, 299, 156, 299, 299, 299, 314, 77, 314, 314, 314, 314, 299, 299, 299, 299, 299, 299, 299, 299, 299, 299, 299, 299, 299, 314, 314, 314, 314, 314, 314, 314, 314, 314, 314, 314, 314, 314, 314, 299, 299, 299, 299, 299, 299, 299, 299, 299, 314, 314, 314, 314, 314, 314, 362, 314, 314, 360, 360, 360, 360, 360, 360, 360, 360, 360, 360, 314, 360, 362, 362, 362, 362, 362, 362, 362, 362, 362, 360, 360, 360, 360, 360, 362, 362, 362, 362, 362, 362, 362, 362, 362, 362, 362, 360, 360, 360, 360, 360, 360, 360, 415, 415, 415, 415, 362, 362, 362, 362, 415, 415, 415, 415, 415, 415, 415, 415, 415, 415, 360, 427, 360, 360, 360, 427, 427, 360, 427, 427, 427, 427, 427, 427, 427, 427, 415, 415, 415, 415, 415, 415, 415, 415, 415, 415, 415, 415, 427, 427, 427, 427, 427, 427, 427, 427, 427, 427, 415, 415, 415, 415, 427, 427, 427, 427, 427, 427, 427, 427, 44, 55, 44, 275, 215, 225]
