n° iter       = 600 
neighborhood_structure = [1 2 3] 
Prioridad     = 10 
balance       = 0.5 
Len_N         = 3 
N° clusters   = 15 
N° estaciones = 452 
N° mejoras    = 37
N° iter completadas  = 428
1° FO         = 329490.0
FO            = 269094
Centros       = [20, 28, 72, 101, 134, 152, 215, 225, 299, 313, 358, 387, 413, 428, 450]
Objs= Any[329490.0, 322654, 316606, 310869, 307950, 305420, 299826, 296264, 296264, 295153, 293502, 292975, 288512, 288512, 288512, 286611, 286514, 286514, 283981, 283363, 280447, 280447, 280447, 279087, 278935, 278935, 276035, 276035, 276035, 275575, 275575, 275490, 274660, 274660, 274660, 274660, 273698, 273698, 273698, 273698, 273698, 273698, 273698, 273698, 273698, 273698, 273698, 273698, 273628, 273628, 273628, 273628, 273628, 273628, 273628, 273628, 273628, 273220, 273220, 273220, 273220, 273220, 273220, 273093, 273093, 273093, 272750, 272750, 272750, 272067, 271517, 271517, 271517, 270369, 270369, 270369, 270236, 270236, 270236, 270236, 270236, 270236, 270236, 270236, 270236, 270236, 269953, 269953, 269953, 269953, 269953, 269953, 269953, 269953, 269953, 269953, 269953, 269953, 269953, 269953, 269953, 269953, 269953, 269953, 269953, 269953, 269953, 269953, 269953, 269953, 269953, 269953, 269953, 269953, 269953, 269953, 269953, 269953, 269953, 269953, 269953, 269953, 269953, 269953, 269953, 269953, 269953, 269953, 269953, 269953, 269953, 269953, 269953, 269953, 269953, 269953, 269953, 269953, 269953, 269953, 269953, 269953, 269953, 269953, 269953, 269953, 269953, 269953, 269953, 269953, 269953, 269953, 269953, 269953, 269953, 269953, 269953, 269953, 269925, 269925, 269925, 269925, 269871, 269871, 269871, 269871, 269871, 269871, 269871, 269871, 269871, 269871, 269871, 269871, 269871, 269871, 269871, 269871, 269871, 269871, 269871, 269871, 269871, 269871, 269871, 269871, 269871, 269871, 269871, 269871, 269871, 269871, 269871, 269871, 269871, 269871, 269871, 269871, 269871, 269871, 269871, 269871, 269871, 269871, 269871, 269871, 269871, 269871, 269871, 269871, 269871, 269871, 269871, 269871, 269843, 269843, 269843, 269843, 269843, 269843, 269843, 269843, 269843, 269843, 269843, 269843, 269843, 269843, 269843, 269843, 269843, 269843, 269843, 269843, 269843, 269843, 269843, 269843, 269843, 269843, 269843, 269843, 269843, 269843, 269843, 269843, 269843, 269843, 269843, 269843, 269843, 269843, 269843, 269843, 269843, 269843, 269843, 269843, 269843, 269843, 269843, 269843, 269843, 269843, 269843, 269843, 269843, 269843, 269843, 269843, 269843, 269843, 269843, 269843, 269843, 269843, 269843, 269765, 269765, 269094, 269094, 269094, 269094, 269094, 269094, 269094, 269094, 269094, 269094, 269094, 269094, 269094, 269094, 269094, 269094, 269094, 269094, 269094, 269094, 269094, 269094, 269094, 269094, 269094, 269094, 269094, 269094, 269094, 269094, 269094, 269094, 269094, 269094, 269094, 269094, 269094, 269094, 269094, 269094, 269094, 269094, 269094, 269094, 269094, 269094, 269094, 269094, 269094, 269094, 269094, 269094, 269094, 269094, 269094, 269094, 269094, 269094, 269094, 269094, 269094, 269094, 269094, 269094, 269094, 269094, 269094, 269094, 269094, 269094, 269094, 269094, 269094, 269094, 269094, 269094, 269094, 269094, 269094, 269094, 269094, 269094, 269094, 269094, 269094, 269094, 269094, 269094, 269094, 269094, 269094, 269094, 269094, 269094, 269094, 269094, 269094, 269094, 269094, 269094, 269094, 269094, 269094, 269094, 269094, 269094, 269094, 269094, 269094, 269094, 269094, 269094, 269094, 269094, 269094, 269094, 269094, 269094, 269094, 269094, 269094, 269094, 269094, 269094, 269094, 269094, 269094, 269094, 269094, 269094, 269094, 269094, 269094, 269094, 269094, 269094, 269094, 269094, 269094, 269094, 269094, 269094, 269094, 269094, 269094, 269094, 269094, 269094, 269094, 269094]
current_obj = [322654.0, 316606.0, 310869.0, 307950.0, 305420.0, 299826.0, 296264.0, 297182.0, 295153.0, 293502.0, 292975.0, 288512.0, 289212.0, 293122.0, 286611.0, 286514.0, 286943.0, 283981.0, 283363.0, 280447.0, 282248.0, 281785.0, 279087.0, 278935.0, 279701.0, 276035.0, 276747.0, 279945.0, 275575.0, 276756.0, 275490.0, 274660.0, 276715.0, 276227.0, 280398.0, 273698.0, 275645.0, 276634.0, 275019.0, 277167.0, 274283.0, 274353.0, 275306.0, 274865.0, 274993.0, 273773.0, 273773.0, 273628.0, 275575.0, 279648.0, 274576.0, 275948.0, 274115.0, 275678.0, 275592.0, 274292.0, 273220.0, 273711.0, 273295.0, 275602.0, 276833.0, 273805.0, 273093.0, 273198.0, 273198.0, 272750.0, 274696.0, 273525.0, 272067.0, 271517.0, 271871.0, 272600.0, 270369.0, 271308.0, 271882.0, 270236.0, 270311.0, 270311.0, 272392.0, 270608.0, 271102.0, 270691.0, 274097.0, 270545.0, 270754.0, 269953.0, 270753.0, 270310.0, 277580.0, 271155.0, 270361.0, 270913.0, 270235.0, 271478.0, 272591.0, 272494.0, 270673.0, 270658.0, 274876.0, 275100.0, 271168.0, 271802.0, 269993.0, 270243.0, 270696.0, 271211.0, 271135.0, 274429.0, 273455.0, 271482.0, 270658.0, 273511.0, 274390.0, 270783.0, 270289.0, 273539.0, 270294.0, 272575.0, 271310.0, 270189.0, 272564.0, 272708.0, 272179.0, 270658.0, 270063.0, 270539.0, 270471.0, 273302.0, 273360.0, 270636.0, 274312.0, 273297.0, 270063.0, 270744.0, 275380.0, 277823.0, 271243.0, 271055.0, 271055.0, 271124.0, 270541.0, 273722.0, 272711.0, 270325.0, 270289.0, 271823.0, 271261.0, 270913.0, 274126.0, 270236.0, 270086.0, 270839.0, 270716.0, 270744.0, 270733.0, 271365.0, 276034.0, 269925.0, 272040.0, 271282.0, 270389.0, 269871.0, 273675.0, 270790.0, 270144.0, 269946.0, 273346.0, 269950.0, 270856.0, 270691.0, 271514.0, 270943.0, 272698.0, 274357.0, 272336.0, 271833.0, 271011.0, 270131.0, 271053.0, 270873.0, 272517.0, 270287.0, 272079.0, 272521.0, 269925.0, 270482.0, 270167.0, 270243.0, 269943.0, 269946.0, 271488.0, 271063.0, 275791.0, 271734.0, 271357.0, 270272.0, 269980.0, 270504.0, 272679.0, 271555.0, 271129.0, 271283.0, 271701.0, 270773.0, 270466.0, 271555.0, 269981.0, 272679.0, 275360.0, 271514.0, 270912.0, 270767.0, 270943.0, 269843.0, 270139.0, 270570.0, 270401.0, 271346.0, 270079.0, 271309.0, 269915.0, 271227.0, 271133.0, 271374.0, 271889.0, 271309.0, 276128.0, 272443.0, 272029.0, 271662.0, 270259.0, 269912.0, 271546.0, 270074.0, 270884.0, 272649.0, 270767.0, 269897.0, 270476.0, 271452.0, 270234.0, 270184.0, 270924.0, 272029.0, 270139.0, 270673.0, 270095.0, 270785.0, 269871.0, 272884.0, 271999.0, 270244.0, 272471.0, 272196.0, 271203.0, 271791.0, 271089.0, 270644.0, 270248.0, 270446.0, 271879.0, 269939.0, 270828.0, 270828.0, 272649.0, 271805.0, 270871.0, 270438.0, 271916.0, 270784.0, 270773.0, 270342.0, 274369.0, 270438.0, 269976.0, 273897.0, 269765.0, 272656.0, 269094.0, 269446.0, 271038.0, 270039.0, 269835.0, 270076.0, 273190.0, 269838.0, 272490.0, 270454.0, 271842.0, 270621.0, 273148.0, 270874.0, 270961.0, 271167.0, 269502.0, 270981.0, 269980.0, 270607.0, 269510.0, 272848.0, 270557.0, 269237.0, 273008.0, 271420.0, 270529.0, 269732.0, 273210.0, 270193.0, 271420.0, 269924.0, 270779.0, 270874.0, 269736.0, 269625.0, 269639.0, 273419.0, 269502.0, 270990.0, 270990.0, 271699.0, 273066.0, 270095.0, 271700.0, 269754.0, 270384.0, 269412.0, 269412.0, 271408.0, 275766.0, 270618.0, 270358.0, 270990.0, 270190.0, 269718.0, 270023.0, 271249.0, 271250.0, 271204.0, 269174.0, 272073.0, 269190.0, 269697.0, 269765.0, 269589.0, 270095.0, 270514.0, 271054.0, 275664.0, 270214.0, 270618.0, 272822.0, 269417.0, 274615.0, 270131.0, 270607.0, 273148.0, 273115.0, 269697.0, 270076.0, 269330.0, 269585.0, 270582.0, 271526.0, 270496.0, 273044.0, 270226.0, 270386.0, 269174.0, 271554.0, 270607.0, 269754.0, 271007.0, 269965.0, 269284.0, 269543.0, 270789.0, 269732.0, 277266.0, 273533.0, 270475.0, 270177.0, 270176.0, 270193.0, 270576.0, 270131.0, 269872.0, 270226.0, 273148.0, 270284.0, 269935.0, 270586.0, 270110.0, 270063.0, 270384.0, 270367.0, 271700.0, 271038.0, 270845.0, 271682.0, 270386.0, 270582.0, 270632.0, 273044.0, 269585.0, 269695.0, 269935.0, 269237.0, 269543.0, 269543.0, 271883.0, 269967.0, 270630.0, 271169.0, 269412.0, 269625.0, 269993.0, 273533.0, 272073.0, 272162.0, 269330.0, 273227.0, 269967.0, 272245.0, 271167.0, 271127.0, 272334.0, 270705.0, 270054.0, 271250.0, 0.0, 0.0, 0.0, 0.0, 0.0, 0.0, 0.0, 0.0, 0.0, 0.0, 0.0, 0.0, 0.0, 0.0, 0.0, 0.0, 0.0, 0.0, 0.0, 0.0, 0.0, 0.0, 0.0, 0.0, 0.0, 0.0, 0.0, 0.0, 0.0, 0.0, 0.0, 0.0, 0.0, 0.0, 0.0, 0.0, 0.0, 0.0, 0.0, 0.0, 0.0, 0.0, 0.0, 0.0, 0.0, 0.0, 0.0, 0.0, 0.0, 0.0, 0.0, 0.0, 0.0, 0.0, 0.0, 0.0, 0.0, 0.0, 0.0, 0.0, 0.0, 0.0, 0.0, 0.0, 0.0, 0.0, 0.0, 0.0, 0.0, 0.0, 0.0, 0.0, 0.0, 0.0, 0.0, 0.0, 0.0, 0.0, 0.0, 0.0, 0.0, 0.0, 0.0, 0.0, 0.0, 0.0, 0.0, 0.0, 0.0, 0.0, 0.0, 0.0, 0.0, 0.0, 0.0, 0.0, 0.0, 0.0, 0.0, 0.0, 0.0, 0.0, 0.0, 0.0, 0.0, 0.0, 0.0, 0.0, 0.0, 0.0, 0.0, 0.0, 0.0, 0.0, 0.0, 0.0, 0.0, 0.0, 0.0, 0.0, 0.0, 0.0, 0.0, 0.0, 0.0, 0.0, 0.0, 0.0, 0.0, 0.0, 0.0, 0.0, 0.0, 0.0, 0.0, 0.0, 0.0, 0.0, 0.0, 0.0, 0.0, 0.0, 0.0, 0.0, 0.0, 0.0, 0.0, 0.0, 0.0, 0.0, 0.0, 0.0, 0.0, 0.0, 0.0, 0.0, 0.0, 0.0, 0.0, 0.0, 0.0, 0.0, 0.0, 0.0, 0.0, 0.0, 0.0, 0.0, 0.0, 0.0, 0.0]
cong_K= Any[3, 3, 2, 2, 1, 1, 1, 2, 1, 1, 3, 3, 1, 3, 1, 3, 1, 1, 1, 3, 1, 1, 1, 1, 1, 1, 1, 1, 1, 1, 1, 1, 1, 1, 1, 1, 1] 
obj_k= Any[322654, 316606, 310869, 307950, 305420, 299826, 296264, 295153, 293502, 292975, 288512, 286611, 286514, 283981, 283363, 280447, 279087, 278935, 276035, 275575, 275490, 274660, 273698, 273628, 273220, 273093, 272750, 272067, 271517, 270369, 270236, 269953, 269925, 269871, 269843, 269765, 269094] 
iter_obj = Any[1, 2, 3, 4, 5, 6, 7, 9, 10, 11, 12, 15, 16, 18, 19, 20, 23, 24, 26, 29, 31, 32, 36, 48, 57, 63, 66, 69, 70, 73, 76, 86, 158, 162, 214, 277, 279] 
avgClusterDiam = 1953.2666666666667 
maxClusterDiam = 2492.0 
clusterDiamete = [2293.0; 1854.0; 2492.0; 1982.0; 1719.0; 1785.0; 1960.0; 1702.0; 2077.0; 1921.0; 2239.0; 1657.0; 1591.0; 1681.0; 2346.0]   
C = [0, 0, 0, 0, 0, 0, 0, 0, 0, 0, 0, 0, 0, 0, 0, 0, 0, 0, 0, 1, 0, 0, 0, 0, 0, 0, 0, 1, 0, 0, 0, 0, 0, 0, 0, 0, 0, 0, 0, 0, 0, 0, 0, 0, 0, 0, 0, 0, 0, 0, 0, 0, 0, 0, 0, 0, 0, 0, 0, 0, 0, 0, 0, 0, 0, 0, 0, 0, 0, 0, 0, 1, 0, 0, 0, 0, 0, 0, 0, 0, 0, 0, 0, 0, 0, 0, 0, 0, 0, 0, 0, 0, 0, 0, 0, 0, 0, 0, 0, 0, 1, 0, 0, 0, 0, 0, 0, 0, 0, 0, 0, 0, 0, 0, 0, 0, 0, 0, 0, 0, 0, 0, 0, 0, 0, 0, 0, 0, 0, 0, 0, 0, 0, 1, 0, 0, 0, 0, 0, 0, 0, 0, 0, 0, 0, 0, 0, 0, 0, 0, 0, 1, 0, 0, 0, 0, 0, 0, 0, 0, 0, 0, 0, 0, 0, 0, 0, 0, 0, 0, 0, 0, 0, 0, 0, 0, 0, 0, 0, 0, 0, 0, 0, 0, 0, 0, 0, 0, 0, 0, 0, 0, 0, 0, 0, 0, 0, 0, 0, 0, 0, 0, 0, 0, 0, 0, 0, 0, 0, 0, 0, 0, 0, 0, 1, 0, 0, 0, 0, 0, 0, 0, 0, 0, 1, 0, 0, 0, 0, 0, 0, 0, 0, 0, 0, 0, 0, 0, 0, 0, 0, 0, 0, 0, 0, 0, 0, 0, 0, 0, 0, 0, 0, 0, 0, 0, 0, 0, 0, 0, 0, 0, 0, 0, 0, 0, 0, 0, 0, 0, 0, 0, 0, 0, 0, 0, 0, 0, 0, 0, 0, 0, 0, 0, 0, 0, 0, 0, 0, 0, 0, 0, 0, 0, 0, 0, 0, 0, 1, 0, 0, 0, 0, 0, 0, 0, 0, 0, 0, 0, 0, 0, 1, 0, 0, 0, 0, 0, 0, 0, 0, 0, 0, 0, 0, 0, 0, 0, 0, 0, 0, 0, 0, 0, 0, 0, 0, 0, 0, 0, 0, 0, 0, 0, 0, 0, 0, 0, 0, 0, 0, 0, 0, 0, 0, 0, 0, 1, 0, 0, 0, 0, 0, 0, 0, 0, 0, 0, 0, 0, 0, 0, 0, 0, 0, 0, 0, 0, 0, 0, 0, 0, 0, 0, 0, 0, 1, 0, 0, 0, 0, 0, 0, 0, 0, 0, 0, 0, 0, 0, 0, 0, 0, 0, 0, 0, 0, 0, 0, 0, 0, 0, 1, 0, 0, 0, 0, 0, 0, 0, 0, 0, 0, 0, 0, 0, 0, 1, 0, 0, 0, 0, 0, 0, 0, 0, 0, 0, 0, 0, 0, 0, 0, 0, 0, 0, 0, 0, 0, 1, 0, 0]
E = [20, 28, 20, 28, 28, 20, 28, 20, 28, 450, 20, 20, 28, 28, 28, 28, 28, 20, 20, 20, 28, 28, 28, 28, 28, 450, 20, 28, 450, 20, 20, 28, 28, 28, 20, 28, 28, 28, 28, 134, 450, 28, 450, 28, 28, 28, 134, 450, 28, 28, 28, 101, 72, 28, 101, 134, 72, 28, 72, 72, 152, 72, 72, 152, 450, 72, 72, 72, 152, 152, 152, 72, 72, 72, 72, 152, 72, 72, 72, 152, 152, 450, 152, 152, 20, 20, 101, 101, 101, 101, 101, 101, 101, 101, 101, 101, 101, 450, 450, 101, 101, 101, 20, 101, 101, 101, 20, 20, 101, 101, 20, 450, 20, 20, 20, 450, 20, 20, 20, 20, 134, 101, 134, 134, 134, 134, 134, 134, 134, 134, 134, 134, 134, 134, 134, 134, 134, 134, 134, 134, 134, 152, 134, 134, 134, 152, 134, 134, 134, 152, 152, 152, 152, 152, 152, 152, 152, 152, 152, 20, 152, 152, 152, 152, 152, 72, 72, 72, 72, 72, 72, 72, 72, 450, 299, 450, 72, 72, 152, 152, 72, 152, 20, 72, 72, 72, 72, 72, 72, 72, 72, 225, 225, 28, 225, 215, 215, 215, 215, 225, 225, 215, 215, 215, 225, 215, 225, 225, 215, 215, 225, 225, 215, 215, 215, 215, 225, 225, 215, 215, 215, 215, 225, 225, 225, 225, 215, 215, 215, 215, 225, 225, 215, 225, 215, 215, 215, 215, 225, 215, 215, 215, 215, 215, 225, 225, 225, 225, 225, 225, 28, 28, 28, 20, 20, 20, 20, 28, 450, 450, 28, 101, 20, 450, 450, 450, 450, 450, 450, 450, 450, 450, 450, 450, 450, 299, 299, 299, 299, 299, 299, 299, 299, 299, 313, 313, 313, 313, 313, 299, 299, 299, 299, 299, 299, 299, 299, 299, 299, 299, 299, 299, 313, 313, 313, 313, 313, 313, 313, 313, 313, 313, 313, 313, 313, 299, 299, 299, 299, 299, 299, 299, 299, 358, 299, 313, 313, 313, 313, 313, 313, 313, 313, 313, 358, 358, 358, 358, 358, 358, 358, 358, 358, 358, 358, 358, 313, 313, 313, 313, 313, 313, 387, 387, 358, 358, 358, 358, 358, 358, 387, 387, 387, 387, 387, 387, 387, 387, 387, 387, 387, 358, 358, 358, 358, 358, 358, 358, 413, 413, 387, 387, 387, 387, 387, 387, 387, 387, 387, 387, 387, 413, 413, 413, 413, 413, 413, 413, 413, 413, 358, 428, 428, 358, 428, 428, 428, 428, 428, 428, 428, 428, 413, 413, 413, 387, 387, 387, 387, 387, 387, 413, 413, 413, 413, 428, 428, 428, 428, 428, 428, 428, 413, 413, 413, 413, 413, 413, 413, 428, 428, 428, 428, 428, 428, 428, 28, 101, 28, 450, 215, 225]
