n° iter       = 600 
neighborhood_structure = [1] 
Prioridad     = 10 
balance       = 0.5 
Len_N         = 9 
N° clusters   = 15 
N° estaciones = 452 
N° mejoras    = 49
N° iter completadas  = 385
1° FO         = 312830.0
FO            = 267599
Centros       = [20, 28, 72, 101, 134, 153, 215, 225, 305, 318, 362, 377, 416, 428, 450]
Objs= Any[312830.0, 307875, 307732, 305266, 301886, 301886, 297780, 294654, 291911, 291610, 289716, 289613, 283354, 283292, 282693, 282448, 282448, 280993, 280502, 279900, 279900, 279669, 279669, 278829, 278829, 278550, 278550, 278550, 278550, 278550, 277726, 277409, 277409, 277409, 277409, 277377, 277377, 277377, 277377, 277377, 277377, 277377, 277377, 277377, 277377, 277377, 277377, 277377, 277377, 276909, 276353, 276353, 276353, 276190, 276190, 276190, 276190, 276190, 276190, 275470, 275470, 275470, 275470, 275330, 275330, 275330, 275330, 275330, 275330, 275330, 275330, 275330, 275330, 275330, 275330, 275330, 275308, 275308, 275308, 275262, 275262, 275262, 275262, 275246, 274623, 274605, 274605, 274605, 274605, 274605, 274605, 274340, 274340, 274340, 274340, 274330, 274120, 274120, 274120, 273590, 273590, 272406, 271362, 271362, 270898, 270898, 270898, 270898, 270898, 270898, 270898, 270898, 270898, 270190, 270190, 270190, 270190, 270190, 270134, 270134, 270134, 269934, 269934, 269934, 269934, 269934, 269934, 269934, 269934, 269934, 269934, 269934, 269934, 269934, 269934, 269934, 269934, 269934, 269708, 269708, 269708, 269708, 269708, 269230, 269230, 269230, 269230, 269230, 269230, 269230, 269230, 269230, 269230, 269230, 269230, 269230, 269230, 269230, 269230, 269230, 269230, 269230, 269230, 269230, 269230, 269230, 269230, 268686, 268686, 268686, 268686, 268686, 268686, 268686, 268686, 268686, 268686, 268686, 268172, 268172, 268172, 268172, 268172, 268172, 268172, 268172, 268172, 268172, 268172, 268172, 268172, 268172, 268172, 268172, 268172, 268172, 268172, 268172, 268172, 268172, 268172, 268172, 268172, 268172, 268172, 268172, 268172, 268172, 268172, 268172, 268172, 268172, 268172, 268172, 268172, 268172, 268172, 268172, 268172, 268172, 268172, 268172, 268172, 268172, 268172, 268172, 268172, 268172, 268172, 268172, 268172, 268172, 268172, 268172, 268172, 267679, 267599, 267599, 267599, 267599, 267599, 267599, 267599, 267599, 267599, 267599, 267599, 267599, 267599, 267599, 267599, 267599, 267599, 267599, 267599, 267599, 267599, 267599, 267599, 267599, 267599, 267599, 267599, 267599, 267599, 267599, 267599, 267599, 267599, 267599, 267599, 267599, 267599, 267599, 267599, 267599, 267599, 267599, 267599, 267599, 267599, 267599, 267599, 267599, 267599, 267599, 267599, 267599, 267599, 267599, 267599, 267599, 267599, 267599, 267599, 267599, 267599, 267599, 267599, 267599, 267599, 267599, 267599, 267599, 267599, 267599, 267599, 267599, 267599, 267599, 267599, 267599, 267599, 267599, 267599, 267599, 267599, 267599, 267599, 267599, 267599, 267599, 267599, 267599, 267599, 267599, 267599, 267599, 267599, 267599, 267599, 267599, 267599, 267599, 267599, 267599, 267599, 267599, 267599, 267599, 267599, 267599, 267599, 267599, 267599, 267599, 267599, 267599, 267599, 267599, 267599, 267599, 267599, 267599, 267599, 267599, 267599, 267599, 267599, 267599, 267599, 267599, 267599, 267599, 267599, 267599, 267599, 267599, 267599, 267599, 267599, 267599, 267599, 267599, 267599, 267599, 267599, 267599, 267599, 267599, 267599, 267599, 267599, 267599, 267599, 267599]
current_obj = [307875.0, 307732.0, 305266.0, 301886.0, 302364.0, 297780.0, 294654.0, 291911.0, 291610.0, 289716.0, 289613.0, 283354.0, 283292.0, 282693.0, 282448.0, 283773.0, 280993.0, 280502.0, 279900.0, 279917.0, 279669.0, 279779.0, 278829.0, 279619.0, 278550.0, 280771.0, 278727.0, 280276.0, 278751.0, 277726.0, 277409.0, 277512.0, 277966.0, 277883.0, 277377.0, 278374.0, 278769.0, 278075.0, 278226.0, 278253.0, 277934.0, 278563.0, 278133.0, 277976.0, 277426.0, 277631.0, 279356.0, 278414.0, 276909.0, 276353.0, 277854.0, 276456.0, 276190.0, 276504.0, 276373.0, 276670.0, 276777.0, 277148.0, 275470.0, 276599.0, 276151.0, 275573.0, 275330.0, 276195.0, 275713.0, 275867.0, 275796.0, 275433.0, 275727.0, 275663.0, 276694.0, 276438.0, 276286.0, 277996.0, 276195.0, 275308.0, 276141.0, 275458.0, 275262.0, 276198.0, 277153.0, 275424.0, 275246.0, 274623.0, 274605.0, 275693.0, 275102.0, 275369.0, 275033.0, 275795.0, 274340.0, 274819.0, 275591.0, 276023.0, 274330.0, 274120.0, 274765.0, 275304.0, 273590.0, 273768.0, 272406.0, 271362.0, 271448.0, 270898.0, 271407.0, 271384.0, 271778.0, 271399.0, 271127.0, 272097.0, 271574.0, 271317.0, 270190.0, 270300.0, 270391.0, 270438.0, 271771.0, 270134.0, 270269.0, 270198.0, 269934.0, 270517.0, 269978.0, 270268.0, 269960.0, 270864.0, 270049.0, 269978.0, 270269.0, 270342.0, 271020.0, 270044.0, 270864.0, 270268.0, 273814.0, 271868.0, 270135.0, 269708.0, 271602.0, 271600.0, 269909.0, 270647.0, 269230.0, 270750.0, 270429.0, 269431.0, 270011.0, 269697.0, 269751.0, 270562.0, 270802.0, 269278.0, 269408.0, 269431.0, 269864.0, 270754.0, 269649.0, 269864.0, 269751.0, 269323.0, 269431.0, 269461.0, 269853.0, 269864.0, 269898.0, 269340.0, 268686.0, 269516.0, 269535.0, 269522.0, 269516.0, 268781.0, 269238.0, 269470.0, 270043.0, 269247.0, 270720.0, 268172.0, 268280.0, 268783.0, 269244.0, 268403.0, 270079.0, 268403.0, 268783.0, 268962.0, 268962.0, 268408.0, 268236.0, 269962.0, 268282.0, 269259.0, 269271.0, 269384.0, 268282.0, 268373.0, 268783.0, 268999.0, 269766.0, 268454.0, 268962.0, 269462.0, 268646.0, 269058.0, 268474.0, 268762.0, 269462.0, 269271.0, 268646.0, 268861.0, 269259.0, 268408.0, 268861.0, 268868.0, 268956.0, 268280.0, 268474.0, 269259.0, 268686.0, 270485.0, 269807.0, 269161.0, 268360.0, 268280.0, 268535.0, 268373.0, 268236.0, 269451.0, 268350.0, 272253.0, 268861.0, 268805.0, 269785.0, 268236.0, 267679.0, 267599.0, 268429.0, 268092.0, 267978.0, 267825.0, 268296.0, 268997.0, 268601.0, 268319.0, 268007.0, 268319.0, 270305.0, 268232.0, 267801.0, 268146.0, 268244.0, 268793.0, 269408.0, 269411.0, 268232.0, 268359.0, 267978.0, 268689.0, 267707.0, 268244.0, 267962.0, 267801.0, 267835.0, 267679.0, 269233.0, 267801.0, 268798.0, 267647.0, 267801.0, 267830.0, 267709.0, 268232.0, 268588.0, 268561.0, 269845.0, 269055.0, 267647.0, 268485.0, 267908.0, 268485.0, 267978.0, 271120.0, 268465.0, 269289.0, 268429.0, 268466.0, 268117.0, 269980.0, 267599.0, 267940.0, 268956.0, 268689.0, 267825.0, 267825.0, 268232.0, 267978.0, 268719.0, 269554.0, 268386.0, 267647.0, 267801.0, 268426.0, 269850.0, 269123.0, 267647.0, 269074.0, 268598.0, 267636.0, 267599.0, 268319.0, 267631.0, 268588.0, 268689.0, 269512.0, 267723.0, 268117.0, 268146.0, 268972.0, 268389.0, 268157.0, 268601.0, 268429.0, 267978.0, 268588.0, 268485.0, 268429.0, 271549.0, 269741.0, 268117.0, 267647.0, 268232.0, 267636.0, 268296.0, 268661.0, 267881.0, 267835.0, 267801.0, 269400.0, 267801.0, 268244.0, 267599.0, 268588.0, 267709.0, 268793.0, 267881.0, 269035.0, 269446.0, 268386.0, 268588.0, 268007.0, 267835.0, 269055.0, 268359.0, 267971.0, 268146.0, 268561.0, 268296.0, 268561.0, 268465.0, 267801.0, 267801.0, 267835.0, 267636.0, 269074.0, 268386.0, 267647.0, 268695.0, 268319.0, 268386.0, 268386.0, 268345.0, 268661.0, 267674.0, 267636.0, 268624.0, 268389.0, 267631.0, 267881.0, 267674.0, 268465.0, 267825.0, 267647.0, 267709.0, 267599.0, 269495.0, 268007.0, 0.0, 0.0, 0.0, 0.0, 0.0, 0.0, 0.0, 0.0, 0.0, 0.0, 0.0, 0.0, 0.0, 0.0, 0.0, 0.0, 0.0, 0.0, 0.0, 0.0, 0.0, 0.0, 0.0, 0.0, 0.0, 0.0, 0.0, 0.0, 0.0, 0.0, 0.0, 0.0, 0.0, 0.0, 0.0, 0.0, 0.0, 0.0, 0.0, 0.0, 0.0, 0.0, 0.0, 0.0, 0.0, 0.0, 0.0, 0.0, 0.0, 0.0, 0.0, 0.0, 0.0, 0.0, 0.0, 0.0, 0.0, 0.0, 0.0, 0.0, 0.0, 0.0, 0.0, 0.0, 0.0, 0.0, 0.0, 0.0, 0.0, 0.0, 0.0, 0.0, 0.0, 0.0, 0.0, 0.0, 0.0, 0.0, 0.0, 0.0, 0.0, 0.0, 0.0, 0.0, 0.0, 0.0, 0.0, 0.0, 0.0, 0.0, 0.0, 0.0, 0.0, 0.0, 0.0, 0.0, 0.0, 0.0, 0.0, 0.0, 0.0, 0.0, 0.0, 0.0, 0.0, 0.0, 0.0, 0.0, 0.0, 0.0, 0.0, 0.0, 0.0, 0.0, 0.0, 0.0, 0.0, 0.0, 0.0, 0.0, 0.0, 0.0, 0.0, 0.0, 0.0, 0.0, 0.0, 0.0, 0.0, 0.0, 0.0, 0.0, 0.0, 0.0, 0.0, 0.0, 0.0, 0.0, 0.0, 0.0, 0.0, 0.0, 0.0, 0.0, 0.0, 0.0, 0.0, 0.0, 0.0, 0.0, 0.0, 0.0, 0.0, 0.0, 0.0, 0.0, 0.0, 0.0, 0.0, 0.0, 0.0, 0.0, 0.0, 0.0, 0.0, 0.0, 0.0, 0.0, 0.0, 0.0, 0.0, 0.0, 0.0, 0.0, 0.0, 0.0, 0.0, 0.0, 0.0, 0.0, 0.0, 0.0, 0.0, 0.0, 0.0, 0.0, 0.0, 0.0, 0.0, 0.0, 0.0, 0.0, 0.0, 0.0, 0.0, 0.0, 0.0, 0.0, 0.0, 0.0, 0.0, 0.0, 0.0, 0.0, 0.0, 0.0, 0.0, 0.0, 0.0, 0.0, 0.0, 0.0, 0.0, 0.0]
cong_K= Any[1, 1, 1, 1, 1, 1, 1, 1, 1, 1, 1, 1, 1, 1, 1, 1, 1, 1, 1, 1, 1, 1, 1, 1, 1, 1, 1, 1, 1, 1, 1, 1, 1, 1, 1, 1, 1, 1, 1, 1, 1, 1, 1, 1, 1, 1, 1, 1, 1] 
obj_k= Any[307875, 307732, 305266, 301886, 297780, 294654, 291911, 291610, 289716, 289613, 283354, 283292, 282693, 282448, 280993, 280502, 279900, 279669, 278829, 278550, 277726, 277409, 277377, 276909, 276353, 276190, 275470, 275330, 275308, 275262, 275246, 274623, 274605, 274340, 274330, 274120, 273590, 272406, 271362, 270898, 270190, 270134, 269934, 269708, 269230, 268686, 268172, 267679, 267599] 
iter_obj = Any[1, 2, 3, 4, 6, 7, 8, 9, 10, 11, 12, 13, 14, 15, 17, 18, 19, 21, 23, 25, 30, 31, 35, 49, 50, 53, 59, 63, 76, 79, 83, 84, 85, 91, 95, 96, 99, 101, 102, 104, 113, 118, 121, 138, 143, 167, 178, 235, 236] 
avgClusterDiam = 1979.6 
maxClusterDiam = 2622.0 
clusterDiamete = [2293.0; 1854.0; 2087.0; 1982.0; 1719.0; 1936.0; 1960.0; 1702.0; 1680.0; 2129.0; 1712.0; 2622.0; 1988.0; 1684.0; 2346.0]   
C = [0, 0, 0, 0, 0, 0, 0, 0, 0, 0, 0, 0, 0, 0, 0, 0, 0, 0, 0, 1, 0, 0, 0, 0, 0, 0, 0, 1, 0, 0, 0, 0, 0, 0, 0, 0, 0, 0, 0, 0, 0, 0, 0, 0, 0, 0, 0, 0, 0, 0, 0, 0, 0, 0, 0, 0, 0, 0, 0, 0, 0, 0, 0, 0, 0, 0, 0, 0, 0, 0, 0, 1, 0, 0, 0, 0, 0, 0, 0, 0, 0, 0, 0, 0, 0, 0, 0, 0, 0, 0, 0, 0, 0, 0, 0, 0, 0, 0, 0, 0, 1, 0, 0, 0, 0, 0, 0, 0, 0, 0, 0, 0, 0, 0, 0, 0, 0, 0, 0, 0, 0, 0, 0, 0, 0, 0, 0, 0, 0, 0, 0, 0, 0, 1, 0, 0, 0, 0, 0, 0, 0, 0, 0, 0, 0, 0, 0, 0, 0, 0, 0, 0, 1, 0, 0, 0, 0, 0, 0, 0, 0, 0, 0, 0, 0, 0, 0, 0, 0, 0, 0, 0, 0, 0, 0, 0, 0, 0, 0, 0, 0, 0, 0, 0, 0, 0, 0, 0, 0, 0, 0, 0, 0, 0, 0, 0, 0, 0, 0, 0, 0, 0, 0, 0, 0, 0, 0, 0, 0, 0, 0, 0, 0, 0, 1, 0, 0, 0, 0, 0, 0, 0, 0, 0, 1, 0, 0, 0, 0, 0, 0, 0, 0, 0, 0, 0, 0, 0, 0, 0, 0, 0, 0, 0, 0, 0, 0, 0, 0, 0, 0, 0, 0, 0, 0, 0, 0, 0, 0, 0, 0, 0, 0, 0, 0, 0, 0, 0, 0, 0, 0, 0, 0, 0, 0, 0, 0, 0, 0, 0, 0, 0, 0, 0, 0, 0, 0, 0, 0, 0, 0, 0, 0, 0, 0, 0, 0, 0, 0, 0, 0, 0, 0, 0, 1, 0, 0, 0, 0, 0, 0, 0, 0, 0, 0, 0, 0, 1, 0, 0, 0, 0, 0, 0, 0, 0, 0, 0, 0, 0, 0, 0, 0, 0, 0, 0, 0, 0, 0, 0, 0, 0, 0, 0, 0, 0, 0, 0, 0, 0, 0, 0, 0, 0, 0, 0, 0, 0, 0, 0, 0, 1, 0, 0, 0, 0, 0, 0, 0, 0, 0, 0, 0, 0, 0, 0, 1, 0, 0, 0, 0, 0, 0, 0, 0, 0, 0, 0, 0, 0, 0, 0, 0, 0, 0, 0, 0, 0, 0, 0, 0, 0, 0, 0, 0, 0, 0, 0, 0, 0, 0, 0, 0, 0, 0, 1, 0, 0, 0, 0, 0, 0, 0, 0, 0, 0, 0, 1, 0, 0, 0, 0, 0, 0, 0, 0, 0, 0, 0, 0, 0, 0, 0, 0, 0, 0, 0, 0, 0, 1, 0, 0]
E = [20, 28, 20, 28, 28, 20, 28, 20, 28, 450, 20, 20, 28, 28, 28, 28, 28, 20, 20, 20, 28, 28, 28, 28, 28, 450, 20, 28, 450, 20, 20, 28, 28, 28, 20, 28, 28, 28, 28, 134, 450, 28, 450, 28, 28, 28, 134, 450, 28, 28, 28, 101, 72, 72, 101, 134, 72, 28, 153, 72, 153, 72, 72, 153, 450, 72, 72, 72, 153, 153, 153, 72, 72, 72, 72, 153, 72, 72, 72, 72, 153, 450, 153, 153, 20, 20, 101, 101, 101, 101, 101, 101, 101, 101, 101, 101, 101, 450, 450, 101, 101, 101, 20, 101, 101, 101, 20, 20, 101, 101, 20, 450, 20, 20, 20, 450, 20, 20, 20, 20, 134, 101, 134, 134, 134, 134, 134, 134, 134, 134, 134, 134, 134, 134, 134, 134, 134, 134, 134, 134, 134, 153, 134, 134, 134, 153, 134, 134, 134, 153, 153, 153, 153, 153, 153, 153, 153, 153, 153, 20, 153, 153, 153, 153, 153, 72, 72, 72, 72, 72, 305, 72, 305, 450, 305, 450, 72, 72, 153, 153, 72, 153, 20, 72, 72, 72, 72, 72, 72, 72, 72, 225, 225, 28, 225, 215, 215, 215, 215, 225, 225, 215, 215, 215, 225, 215, 225, 225, 215, 215, 225, 225, 215, 215, 215, 215, 225, 225, 215, 215, 215, 215, 225, 225, 225, 225, 215, 215, 215, 215, 225, 225, 215, 225, 215, 215, 215, 215, 225, 215, 215, 215, 215, 215, 225, 225, 225, 225, 225, 225, 28, 28, 28, 20, 20, 20, 20, 28, 450, 450, 28, 101, 20, 450, 450, 450, 450, 450, 450, 450, 450, 450, 450, 450, 450, 153, 153, 153, 153, 153, 318, 318, 318, 305, 305, 305, 305, 305, 305, 305, 305, 318, 318, 318, 318, 318, 318, 318, 318, 318, 305, 318, 305, 305, 305, 305, 305, 305, 305, 305, 305, 305, 305, 305, 305, 318, 318, 318, 318, 318, 318, 318, 318, 318, 318, 377, 305, 305, 362, 362, 362, 362, 362, 362, 318, 318, 318, 318, 318, 318, 377, 377, 318, 377, 362, 362, 362, 362, 362, 362, 362, 362, 362, 362, 362, 377, 377, 377, 377, 377, 362, 362, 362, 362, 362, 362, 362, 362, 362, 362, 362, 377, 377, 377, 377, 377, 377, 377, 377, 416, 416, 416, 416, 362, 362, 416, 416, 416, 416, 416, 416, 416, 416, 416, 377, 416, 377, 377, 377, 377, 377, 377, 377, 377, 428, 428, 428, 428, 428, 428, 428, 377, 416, 416, 416, 416, 416, 416, 416, 416, 416, 416, 416, 416, 428, 428, 428, 428, 428, 428, 428, 428, 428, 416, 416, 416, 416, 416, 416, 428, 428, 428, 428, 428, 428, 428, 28, 101, 28, 450, 215, 225]
