n° iter       = 600 
neighborhood_structure = [1] 
Prioridad     = 10 
balance       = 0.5 
Len_N         = 1 
N° clusters   = 15 
N° estaciones = 452 
N° mejoras    = 37
N° iter completadas  = 186
1° FO         = 325653.0
FO            = 275169
Centros       = [8, 23, 53, 83, 87, 140, 212, 221, 265, 293, 309, 343, 368, 410, 414]
Objs= Any[325653.0, 325653.0, 325653.0, 325653.0, 320462, 320462, 320462, 315101, 314723, 314723, 314723, 314723, 311976, 311152, 311152, 305747, 305747, 305557, 305557, 305557, 305557, 305557, 305557, 303746, 300824, 300824, 300824, 300824, 300824, 300824, 300824, 300824, 300824, 300297, 300046, 300046, 295813, 295813, 295813, 295813, 295813, 295813, 295813, 295813, 295813, 292556, 292556, 292556, 292556, 292160, 292160, 291728, 291310, 291310, 291310, 291310, 288894, 288894, 288894, 287606, 286755, 286755, 286755, 286755, 286432, 286432, 286432, 285979, 285979, 285979, 285979, 285979, 284485, 284485, 284485, 284485, 284485, 284485, 284485, 284485, 284485, 283875, 283875, 283875, 283398, 283398, 283398, 283398, 283398, 283398, 283398, 283398, 283398, 283398, 283398, 283398, 283398, 283398, 283398, 283398, 283398, 283001, 283001, 283001, 283001, 283001, 283001, 283001, 283001, 283001, 283001, 283001, 283001, 283001, 283001, 283001, 281013, 281013, 281013, 281013, 281013, 280104, 280104, 279205, 279205, 279205, 279031, 279031, 279031, 277732, 277732, 277732, 277732, 277732, 277732, 277732, 277689, 277551, 276883, 276883, 276883, 276883, 276883, 276883, 276883, 276883, 276883, 276883, 276883, 276883, 276883, 276883, 276883, 276883, 276859, 276859, 276859, 276859, 276859, 276859, 275994, 275994, 275994, 275994, 275994, 275994, 275994, 275994, 275994, 275994, 275994, 275994, 275994, 275994, 275223, 275223, 275223, 275223, 275223, 275223, 275223, 275223, 275223, 275223, 275223, 275169, 275169]
current_obj = [327969.0, 331059.0, 330301.0, 320462.0, 329942.0, 329153.0, 315101.0, 314723.0, 315750.0, 317267.0, 316908.0, 311976.0, 311152.0, 311760.0, 305747.0, 310561.0, 305557.0, 306426.0, 308912.0, 309980.0, 309842.0, 317646.0, 303746.0, 300824.0, 302975.0, 305389.0, 305369.0, 305034.0, 301853.0, 307367.0, 308803.0, 307237.0, 300297.0, 300046.0, 301919.0, 295813.0, 299424.0, 296709.0, 297874.0, 298960.0, 300714.0, 298846.0, 300901.0, 296521.0, 292556.0, 304326.0, 296005.0, 298211.0, 292160.0, 297064.0, 291728.0, 291310.0, 295987.0, 294462.0, 292458.0, 288894.0, 292775.0, 294106.0, 287606.0, 286755.0, 287054.0, 293664.0, 292218.0, 286432.0, 288176.0, 290657.0, 285979.0, 294837.0, 287615.0, 296742.0, 287768.0, 284485.0, 291503.0, 290296.0, 284617.0, 288203.0, 288328.0, 290097.0, 285442.0, 287869.0, 283875.0, 288690.0, 290551.0, 283398.0, 291931.0, 292121.0, 283851.0, 285987.0, 286638.0, 289445.0, 286015.0, 288057.0, 292431.0, 290001.0, 284934.0, 286239.0, 290405.0, 284829.0, 289123.0, 293680.0, 283001.0, 287774.0, 291020.0, 285355.0, 283167.0, 283208.0, 288798.0, 290860.0, 284909.0, 287124.0, 283473.0, 286159.0, 291463.0, 295708.0, 288762.0, 281013.0, 290443.0, 283888.0, 287100.0, 286195.0, 280104.0, 280949.0, 279205.0, 279205.0, 281838.0, 279031.0, 288225.0, 287357.0, 277732.0, 280463.0, 279078.0, 284294.0, 277958.0, 285768.0, 281522.0, 277689.0, 277551.0, 276883.0, 277782.0, 280614.0, 291189.0, 281800.0, 279429.0, 285707.0, 285194.0, 288123.0, 283558.0, 284607.0, 289899.0, 285507.0, 282930.0, 281310.0, 285194.0, 276859.0, 285784.0, 283548.0, 281309.0, 280649.0, 278604.0, 275994.0, 286246.0, 277536.0, 280197.0, 275995.0, 278281.0, 284944.0, 281590.0, 285808.0, 278226.0, 279221.0, 280554.0, 284496.0, 285084.0, 275223.0, 276512.0, 277203.0, 275679.0, 284388.0, 280209.0, 282114.0, 281676.0, 278061.0, 279251.0, 279138.0, 275169.0, 277510.0, 279555.0, 0.0, 0.0, 0.0, 0.0, 0.0, 0.0, 0.0, 0.0, 0.0, 0.0, 0.0, 0.0, 0.0, 0.0, 0.0, 0.0, 0.0, 0.0, 0.0, 0.0, 0.0, 0.0, 0.0, 0.0, 0.0, 0.0, 0.0, 0.0, 0.0, 0.0, 0.0, 0.0, 0.0, 0.0, 0.0, 0.0, 0.0, 0.0, 0.0, 0.0, 0.0, 0.0, 0.0, 0.0, 0.0, 0.0, 0.0, 0.0, 0.0, 0.0, 0.0, 0.0, 0.0, 0.0, 0.0, 0.0, 0.0, 0.0, 0.0, 0.0, 0.0, 0.0, 0.0, 0.0, 0.0, 0.0, 0.0, 0.0, 0.0, 0.0, 0.0, 0.0, 0.0, 0.0, 0.0, 0.0, 0.0, 0.0, 0.0, 0.0, 0.0, 0.0, 0.0, 0.0, 0.0, 0.0, 0.0, 0.0, 0.0, 0.0, 0.0, 0.0, 0.0, 0.0, 0.0, 0.0, 0.0, 0.0, 0.0, 0.0, 0.0, 0.0, 0.0, 0.0, 0.0, 0.0, 0.0, 0.0, 0.0, 0.0, 0.0, 0.0, 0.0, 0.0, 0.0, 0.0, 0.0, 0.0, 0.0, 0.0, 0.0, 0.0, 0.0, 0.0, 0.0, 0.0, 0.0, 0.0, 0.0, 0.0, 0.0, 0.0, 0.0, 0.0, 0.0, 0.0, 0.0, 0.0, 0.0, 0.0, 0.0, 0.0, 0.0, 0.0, 0.0, 0.0, 0.0, 0.0, 0.0, 0.0, 0.0, 0.0, 0.0, 0.0, 0.0, 0.0, 0.0, 0.0, 0.0, 0.0, 0.0, 0.0, 0.0, 0.0, 0.0, 0.0, 0.0, 0.0, 0.0, 0.0, 0.0, 0.0, 0.0, 0.0, 0.0, 0.0, 0.0, 0.0, 0.0, 0.0, 0.0, 0.0, 0.0, 0.0, 0.0, 0.0, 0.0, 0.0, 0.0, 0.0, 0.0, 0.0, 0.0, 0.0, 0.0, 0.0, 0.0, 0.0, 0.0, 0.0, 0.0, 0.0, 0.0, 0.0, 0.0, 0.0, 0.0, 0.0, 0.0, 0.0, 0.0, 0.0, 0.0, 0.0, 0.0, 0.0, 0.0, 0.0, 0.0, 0.0, 0.0, 0.0, 0.0, 0.0, 0.0, 0.0, 0.0, 0.0, 0.0, 0.0, 0.0, 0.0, 0.0, 0.0, 0.0, 0.0, 0.0, 0.0, 0.0, 0.0, 0.0, 0.0, 0.0, 0.0, 0.0, 0.0, 0.0, 0.0, 0.0, 0.0, 0.0, 0.0, 0.0, 0.0, 0.0, 0.0, 0.0, 0.0, 0.0, 0.0, 0.0, 0.0, 0.0, 0.0, 0.0, 0.0, 0.0, 0.0, 0.0, 0.0, 0.0, 0.0, 0.0, 0.0, 0.0, 0.0, 0.0, 0.0, 0.0, 0.0, 0.0, 0.0, 0.0, 0.0, 0.0, 0.0, 0.0, 0.0, 0.0, 0.0, 0.0, 0.0, 0.0, 0.0, 0.0, 0.0, 0.0, 0.0, 0.0, 0.0, 0.0, 0.0, 0.0, 0.0, 0.0, 0.0, 0.0, 0.0, 0.0, 0.0, 0.0, 0.0, 0.0, 0.0, 0.0, 0.0, 0.0, 0.0, 0.0, 0.0, 0.0, 0.0, 0.0, 0.0, 0.0, 0.0, 0.0, 0.0, 0.0, 0.0, 0.0, 0.0, 0.0, 0.0, 0.0, 0.0, 0.0, 0.0, 0.0, 0.0, 0.0, 0.0, 0.0, 0.0, 0.0, 0.0, 0.0, 0.0, 0.0, 0.0, 0.0, 0.0, 0.0, 0.0, 0.0, 0.0, 0.0, 0.0, 0.0, 0.0, 0.0, 0.0, 0.0, 0.0, 0.0, 0.0, 0.0, 0.0, 0.0, 0.0, 0.0, 0.0, 0.0, 0.0, 0.0, 0.0, 0.0, 0.0, 0.0, 0.0, 0.0, 0.0, 0.0, 0.0, 0.0, 0.0, 0.0, 0.0, 0.0, 0.0, 0.0, 0.0, 0.0, 0.0, 0.0, 0.0, 0.0, 0.0, 0.0, 0.0, 0.0, 0.0, 0.0, 0.0, 0.0, 0.0, 0.0, 0.0, 0.0, 0.0, 0.0, 0.0, 0.0]
cong_K= Any[1, 1, 1, 1, 1, 1, 1, 1, 1, 1, 1, 1, 1, 1, 1, 1, 1, 1, 1, 1, 1, 1, 1, 1, 1, 1, 1, 1, 1, 1, 1, 1, 1, 1, 1, 1, 1] 
obj_k= Any[320462, 315101, 314723, 311976, 311152, 305747, 305557, 303746, 300824, 300297, 300046, 295813, 292556, 292160, 291728, 291310, 288894, 287606, 286755, 286432, 285979, 284485, 283875, 283398, 283001, 281013, 280104, 279205, 279031, 277732, 277689, 277551, 276883, 276859, 275994, 275223, 275169] 
iter_obj = Any[4, 7, 8, 12, 13, 15, 17, 23, 24, 33, 34, 36, 45, 49, 51, 52, 56, 59, 60, 64, 67, 72, 81, 84, 101, 116, 121, 123, 126, 129, 136, 137, 138, 154, 160, 174, 185] 
avgClusterDiam = 2077.3333333333335 
maxClusterDiam = 2334.0 
clusterDiamete = [2293.0; 2274.0; 2087.0; 2073.0; 1982.0; 2132.0; 1971.0; 2263.0; 2334.0; 1920.0; 2171.0; 2044.0; 1868.0; 1814.0; 1934.0]   
C = [0, 0, 0, 0, 0, 0, 0, 1, 0, 0, 0, 0, 0, 0, 0, 0, 0, 0, 0, 0, 0, 0, 1, 0, 0, 0, 0, 0, 0, 0, 0, 0, 0, 0, 0, 0, 0, 0, 0, 0, 0, 0, 0, 0, 0, 0, 0, 0, 0, 0, 0, 0, 1, 0, 0, 0, 0, 0, 0, 0, 0, 0, 0, 0, 0, 0, 0, 0, 0, 0, 0, 0, 0, 0, 0, 0, 0, 0, 0, 0, 0, 0, 1, 0, 0, 0, 1, 0, 0, 0, 0, 0, 0, 0, 0, 0, 0, 0, 0, 0, 0, 0, 0, 0, 0, 0, 0, 0, 0, 0, 0, 0, 0, 0, 0, 0, 0, 0, 0, 0, 0, 0, 0, 0, 0, 0, 0, 0, 0, 0, 0, 0, 0, 0, 0, 0, 0, 0, 0, 1, 0, 0, 0, 0, 0, 0, 0, 0, 0, 0, 0, 0, 0, 0, 0, 0, 0, 0, 0, 0, 0, 0, 0, 0, 0, 0, 0, 0, 0, 0, 0, 0, 0, 0, 0, 0, 0, 0, 0, 0, 0, 0, 0, 0, 0, 0, 0, 0, 0, 0, 0, 0, 0, 0, 0, 0, 0, 0, 0, 0, 0, 0, 0, 0, 0, 0, 0, 0, 0, 0, 0, 1, 0, 0, 0, 0, 0, 0, 0, 0, 1, 0, 0, 0, 0, 0, 0, 0, 0, 0, 0, 0, 0, 0, 0, 0, 0, 0, 0, 0, 0, 0, 0, 0, 0, 0, 0, 0, 0, 0, 0, 0, 0, 0, 0, 0, 0, 0, 0, 0, 0, 0, 0, 0, 1, 0, 0, 0, 0, 0, 0, 0, 0, 0, 0, 0, 0, 0, 0, 0, 0, 0, 0, 0, 0, 0, 0, 0, 0, 0, 0, 0, 1, 0, 0, 0, 0, 0, 0, 0, 0, 0, 0, 0, 0, 0, 0, 0, 1, 0, 0, 0, 0, 0, 0, 0, 0, 0, 0, 0, 0, 0, 0, 0, 0, 0, 0, 0, 0, 0, 0, 0, 0, 0, 0, 0, 0, 0, 0, 0, 0, 0, 1, 0, 0, 0, 0, 0, 0, 0, 0, 0, 0, 0, 0, 0, 0, 0, 0, 0, 0, 0, 0, 0, 0, 0, 0, 1, 0, 0, 0, 0, 0, 0, 0, 0, 0, 0, 0, 0, 0, 0, 0, 0, 0, 0, 0, 0, 0, 0, 0, 0, 0, 0, 0, 0, 0, 0, 0, 0, 0, 0, 0, 0, 0, 0, 0, 0, 0, 1, 0, 0, 0, 1, 0, 0, 0, 0, 0, 0, 0, 0, 0, 0, 0, 0, 0, 0, 0, 0, 0, 0, 0, 0, 0, 0, 0, 0, 0, 0, 0, 0, 0, 0, 0, 0, 0, 0, 0, 0, 0, 0]
E = [23, 23, 8, 23, 23, 23, 23, 8, 23, 265, 8, 8, 23, 23, 23, 23, 23, 23, 8, 8, 23, 23, 23, 23, 23, 8, 8, 23, 265, 265, 8, 23, 23, 23, 23, 53, 23, 23, 23, 23, 8, 23, 87, 53, 53, 23, 23, 87, 53, 53, 23, 87, 53, 53, 87, 140, 53, 53, 140, 53, 83, 53, 53, 83, 87, 53, 53, 53, 83, 83, 83, 53, 83, 83, 83, 83, 83, 83, 83, 83, 83, 87, 83, 83, 8, 8, 87, 87, 87, 87, 87, 87, 87, 87, 87, 87, 87, 87, 265, 87, 87, 87, 8, 87, 87, 87, 8, 8, 87, 87, 23, 8, 8, 8, 8, 8, 8, 8, 8, 8, 8, 87, 140, 140, 8, 140, 140, 140, 140, 140, 140, 140, 140, 140, 140, 140, 140, 140, 140, 140, 140, 140, 140, 140, 140, 83, 140, 140, 140, 83, 140, 83, 83, 83, 140, 83, 83, 140, 140, 8, 83, 293, 140, 293, 293, 53, 83, 83, 83, 309, 83, 83, 83, 265, 83, 265, 53, 83, 83, 83, 83, 83, 8, 53, 53, 53, 53, 53, 53, 53, 53, 212, 221, 23, 212, 212, 221, 221, 221, 212, 212, 221, 221, 212, 212, 221, 212, 212, 221, 221, 212, 212, 221, 221, 221, 221, 212, 212, 221, 221, 221, 221, 212, 212, 212, 212, 221, 221, 221, 221, 212, 212, 221, 212, 221, 221, 221, 221, 212, 221, 221, 221, 221, 212, 212, 212, 212, 212, 23, 212, 23, 23, 23, 8, 8, 8, 23, 53, 265, 87, 23, 87, 8, 265, 265, 265, 265, 265, 265, 265, 265, 265, 265, 265, 265, 293, 293, 293, 293, 293, 293, 293, 293, 309, 309, 309, 309, 309, 309, 293, 293, 293, 293, 293, 293, 293, 293, 293, 293, 293, 293, 293, 293, 309, 309, 309, 309, 309, 309, 309, 309, 309, 309, 309, 309, 343, 293, 293, 293, 293, 343, 343, 343, 343, 343, 309, 309, 309, 309, 309, 309, 368, 309, 309, 343, 343, 343, 343, 343, 343, 343, 343, 343, 343, 368, 368, 368, 368, 368, 368, 368, 368, 368, 368, 368, 368, 343, 343, 343, 343, 368, 368, 368, 368, 368, 368, 368, 368, 368, 368, 368, 414, 343, 343, 343, 343, 343, 414, 414, 414, 368, 368, 368, 368, 368, 368, 368, 368, 368, 414, 414, 414, 414, 414, 414, 414, 414, 414, 414, 410, 410, 410, 410, 410, 410, 410, 410, 410, 410, 410, 410, 410, 414, 414, 414, 414, 368, 368, 414, 414, 414, 414, 414, 414, 414, 410, 410, 410, 410, 410, 410, 410, 414, 414, 414, 414, 414, 414, 414, 414, 410, 410, 410, 410, 410, 410, 53, 87, 23, 265, 221, 212]
