n° iter       = 600 
neighborhood_structure = [1 2 3] 
Prioridad     = 10 
balance       = 0.5 
Len_N         = 3 
N° clusters   = 15 
N° estaciones = 452 
N° mejoras    = 37
N° iter completadas  = 476
1° FO         = 332683.0
FO            = 268270
Centros       = [20, 28, 72, 87, 134, 152, 215, 225, 264, 299, 313, 358, 383, 413, 428]
Objs= Any[332683.0, 324970, 321220, 317769, 307271, 303274, 287336, 287336, 283810, 281747, 281204, 278879, 278879, 278435, 277868, 277868, 277868, 277868, 277868, 277868, 277868, 277868, 277868, 277868, 277485, 277485, 277485, 277485, 276192, 276192, 276139, 275630, 275630, 275630, 275630, 275630, 275630, 275630, 275630, 275630, 275630, 275630, 275630, 275630, 275630, 275630, 275630, 275630, 275630, 275630, 275630, 275630, 275630, 275630, 275630, 275630, 275630, 275630, 275630, 275630, 275630, 275630, 275630, 275619, 275619, 275619, 275619, 275619, 275619, 275619, 275619, 275619, 275619, 275619, 275619, 275619, 275619, 275619, 275619, 275619, 275619, 275619, 275619, 275619, 275619, 275619, 275619, 275619, 275619, 275619, 275619, 275619, 275619, 275619, 275619, 275619, 275619, 275125, 274904, 274617, 274617, 274617, 274617, 274617, 274617, 274617, 274617, 273634, 273570, 273570, 273570, 273570, 273570, 273570, 273570, 273570, 273570, 273278, 273278, 273278, 272935, 272935, 272935, 272935, 272935, 272935, 272935, 272935, 272935, 272935, 272935, 272889, 272889, 271930, 271930, 271930, 271930, 271930, 271930, 271930, 271930, 271930, 271930, 271930, 271930, 271930, 271930, 271930, 271930, 271930, 271930, 271930, 271930, 271930, 271930, 271930, 271930, 271930, 271930, 271930, 271930, 271930, 271930, 271930, 271930, 271930, 271930, 271930, 271930, 271930, 271930, 271930, 271930, 271930, 271930, 271930, 271930, 271930, 271930, 271888, 271888, 271888, 271888, 271888, 271888, 271888, 270753, 270753, 270753, 270753, 270753, 270753, 270753, 270753, 270753, 270753, 270753, 270753, 270753, 270753, 270753, 270753, 270753, 270753, 270753, 270753, 270753, 270753, 270753, 270753, 270753, 270753, 270753, 270753, 270753, 270753, 270753, 270753, 270753, 270753, 270753, 270431, 270431, 270020, 269982, 269982, 269982, 269982, 269982, 269982, 269982, 269982, 269982, 269982, 269982, 269586, 269586, 269586, 269586, 269586, 269586, 269586, 269586, 269586, 269586, 269586, 269586, 269586, 269586, 269586, 269586, 269586, 269586, 269586, 269586, 269586, 269586, 269586, 269586, 269586, 269586, 269320, 269320, 269320, 269320, 269320, 269320, 269320, 269320, 269320, 269320, 269065, 269065, 269065, 269065, 269065, 269065, 269065, 269065, 269065, 269065, 268846, 268846, 268846, 268846, 268846, 268846, 268846, 268846, 268846, 268846, 268846, 268846, 268846, 268846, 268846, 268846, 268846, 268846, 268846, 268846, 268846, 268846, 268846, 268846, 268846, 268846, 268846, 268846, 268846, 268846, 268846, 268797, 268797, 268797, 268797, 268797, 268797, 268797, 268797, 268797, 268797, 268797, 268797, 268797, 268797, 268797, 268270, 268270, 268270, 268270, 268270, 268270, 268270, 268270, 268270, 268270, 268270, 268270, 268270, 268270, 268270, 268270, 268270, 268270, 268270, 268270, 268270, 268270, 268270, 268270, 268270, 268270, 268270, 268270, 268270, 268270, 268270, 268270, 268270, 268270, 268270, 268270, 268270, 268270, 268270, 268270, 268270, 268270, 268270, 268270, 268270, 268270, 268270, 268270, 268270, 268270, 268270, 268270, 268270, 268270, 268270, 268270, 268270, 268270, 268270, 268270, 268270, 268270, 268270, 268270, 268270, 268270, 268270, 268270, 268270, 268270, 268270, 268270, 268270, 268270, 268270, 268270, 268270, 268270, 268270, 268270, 268270, 268270, 268270, 268270, 268270, 268270, 268270, 268270, 268270, 268270, 268270, 268270, 268270, 268270, 268270, 268270, 268270, 268270, 268270, 268270, 268270, 268270, 268270, 268270, 268270, 268270, 268270, 268270, 268270, 268270, 268270, 268270, 268270, 268270, 268270, 268270, 268270, 268270, 268270, 268270, 268270, 268270, 268270, 268270, 268270, 268270, 268270, 268270, 268270, 268270, 268270, 268270, 268270, 268270, 268270, 268270, 268270, 268270, 268270, 268270, 268270, 268270, 268270, 268270, 268270, 268270, 268270, 268270, 268270, 268270]
current_obj = [324970.0, 321220.0, 317769.0, 307271.0, 303274.0, 287336.0, 289599.0, 283810.0, 281747.0, 281204.0, 278879.0, 281406.0, 278435.0, 277868.0, 279474.0, 279205.0, 278263.0, 279794.0, 278445.0, 278155.0, 279247.0, 280368.0, 278642.0, 277485.0, 278605.0, 280221.0, 278509.0, 276192.0, 278361.0, 276139.0, 275630.0, 276264.0, 275648.0, 282214.0, 276992.0, 276580.0, 276877.0, 276134.0, 276368.0, 277787.0, 276529.0, 276281.0, 276684.0, 279419.0, 281979.0, 279905.0, 275872.0, 277338.0, 277155.0, 276300.0, 276465.0, 276227.0, 276132.0, 279230.0, 277549.0, 276368.0, 276258.0, 277112.0, 278481.0, 275776.0, 276968.0, 277673.0, 275619.0, 276417.0, 275872.0, 276793.0, 275669.0, 279333.0, 276329.0, 277720.0, 276357.0, 276360.0, 276575.0, 276450.0, 276702.0, 276996.0, 279665.0, 277346.0, 277933.0, 275668.0, 277454.0, 278862.0, 276065.0, 277057.0, 284590.0, 276376.0, 275663.0, 277144.0, 279491.0, 276002.0, 280488.0, 275630.0, 280206.0, 277656.0, 276454.0, 276105.0, 275125.0, 274904.0, 274617.0, 274732.0, 281228.0, 276142.0, 279656.0, 274799.0, 275845.0, 275052.0, 273634.0, 273570.0, 273865.0, 274005.0, 273678.0, 274080.0, 279729.0, 275397.0, 274722.0, 273753.0, 273278.0, 275033.0, 274436.0, 272935.0, 272979.0, 274457.0, 275608.0, 274223.0, 275556.0, 273532.0, 274316.0, 273305.0, 274509.0, 275292.0, 272889.0, 273831.0, 271930.0, 273241.0, 272352.0, 276555.0, 277459.0, 273082.0, 272525.0, 272045.0, 273246.0, 272440.0, 273217.0, 276602.0, 271960.0, 273325.0, 275994.0, 274394.0, 273363.0, 277088.0, 273527.0, 273996.0, 272265.0, 272031.0, 275374.0, 274575.0, 272276.0, 276271.0, 274898.0, 272794.0, 276415.0, 273983.0, 273798.0, 273143.0, 272138.0, 272585.0, 273653.0, 273461.0, 278552.0, 272766.0, 272890.0, 272766.0, 274405.0, 274167.0, 273282.0, 274167.0, 272197.0, 273324.0, 271888.0, 273133.0, 273301.0, 273120.0, 273760.0, 273760.0, 272246.0, 270753.0, 271010.0, 271717.0, 271322.0, 274737.0, 271750.0, 271523.0, 272580.0, 271009.0, 272883.0, 271538.0, 272404.0, 275134.0, 272362.0, 273388.0, 270924.0, 272580.0, 272117.0, 273556.0, 271596.0, 272656.0, 271388.0, 271392.0, 275990.0, 272117.0, 271322.0, 271352.0, 270902.0, 272970.0, 271656.0, 272855.0, 272601.0, 270976.0, 271156.0, 275262.0, 270431.0, 273486.0, 270020.0, 269982.0, 270119.0, 273363.0, 271343.0, 270520.0, 275157.0, 272909.0, 271391.0, 270830.0, 270979.0, 272582.0, 269586.0, 272210.0, 270772.0, 270989.0, 271155.0, 270389.0, 273240.0, 270287.0, 270738.0, 271924.0, 270124.0, 275500.0, 271473.0, 270121.0, 270667.0, 270354.0, 269729.0, 270667.0, 276571.0, 270592.0, 271413.0, 271495.0, 273549.0, 271422.0, 270049.0, 272554.0, 269320.0, 269909.0, 269483.0, 270465.0, 271187.0, 269808.0, 274671.0, 270337.0, 269803.0, 270869.0, 269065.0, 269906.0, 270487.0, 269387.0, 269906.0, 269553.0, 269603.0, 269480.0, 269187.0, 269603.0, 268846.0, 269376.0, 269616.0, 271193.0, 270415.0, 270733.0, 269895.0, 270824.0, 270222.0, 269877.0, 270898.0, 271228.0, 269690.0, 269101.0, 273171.0, 274197.0, 269206.0, 270026.0, 269813.0, 269616.0, 269088.0, 269088.0, 270767.0, 271840.0, 270357.0, 271886.0, 271703.0, 269682.0, 271777.0, 269398.0, 270308.0, 268797.0, 270308.0, 272225.0, 270191.0, 271641.0, 270861.0, 269120.0, 269584.0, 273900.0, 270350.0, 270874.0, 270668.0, 269288.0, 269288.0, 269687.0, 268270.0, 268611.0, 269402.0, 270619.0, 268366.0, 268686.0, 275708.0, 270298.0, 269851.0, 270463.0, 269879.0, 268815.0, 271717.0, 268761.0, 268719.0, 269160.0, 268761.0, 269215.0, 268930.0, 273499.0, 269422.0, 268628.0, 270094.0, 268430.0, 271674.0, 272386.0, 269353.0, 270340.0, 270505.0, 270967.0, 268314.0, 271619.0, 269106.0, 270949.0, 270745.0, 271420.0, 269181.0, 271114.0, 271969.0, 269160.0, 270682.0, 272112.0, 269181.0, 268608.0, 270080.0, 269253.0, 269534.0, 268611.0, 268765.0, 269664.0, 268608.0, 268658.0, 269368.0, 269060.0, 270540.0, 268930.0, 269547.0, 268371.0, 268978.0, 270846.0, 269280.0, 268797.0, 269160.0, 269111.0, 270519.0, 270141.0, 269256.0, 268632.0, 269844.0, 271094.0, 270967.0, 269383.0, 268370.0, 269395.0, 269737.0, 269463.0, 268428.0, 269253.0, 268366.0, 272428.0, 270340.0, 270141.0, 272603.0, 269918.0, 269111.0, 269111.0, 269100.0, 269181.0, 269307.0, 269347.0, 269463.0, 269401.0, 270343.0, 269160.0, 268640.0, 270584.0, 271005.0, 269319.0, 274237.0, 269534.0, 268917.0, 270360.0, 272874.0, 272572.0, 271059.0, 271420.0, 270356.0, 268430.0, 269362.0, 268930.0, 268815.0, 270345.0, 269353.0, 269111.0, 270503.0, 269121.0, 269100.0, 270543.0, 270281.0, 268588.0, 268719.0, 269432.0, 270334.0, 274196.0, 271365.0, 273787.0, 268758.0, 270245.0, 271303.0, 268339.0, 269690.0, 270967.0, 268350.0, 269814.0, 271792.0, 269215.0, 268314.0, 269106.0, 270097.0, 271619.0, 268593.0, 268800.0, 271114.0, 268665.0, 270430.0, 271753.0, 273231.0, 270430.0, 268430.0, 269422.0, 269341.0, 0.0, 0.0, 0.0, 0.0, 0.0, 0.0, 0.0, 0.0, 0.0, 0.0, 0.0, 0.0, 0.0, 0.0, 0.0, 0.0, 0.0, 0.0, 0.0, 0.0, 0.0, 0.0, 0.0, 0.0, 0.0, 0.0, 0.0, 0.0, 0.0, 0.0, 0.0, 0.0, 0.0, 0.0, 0.0, 0.0, 0.0, 0.0, 0.0, 0.0, 0.0, 0.0, 0.0, 0.0, 0.0, 0.0, 0.0, 0.0, 0.0, 0.0, 0.0, 0.0, 0.0, 0.0, 0.0, 0.0, 0.0, 0.0, 0.0, 0.0, 0.0, 0.0, 0.0, 0.0, 0.0, 0.0, 0.0, 0.0, 0.0, 0.0, 0.0, 0.0, 0.0, 0.0, 0.0, 0.0, 0.0, 0.0, 0.0, 0.0, 0.0, 0.0, 0.0, 0.0, 0.0, 0.0, 0.0, 0.0, 0.0, 0.0, 0.0, 0.0, 0.0, 0.0, 0.0, 0.0, 0.0, 0.0, 0.0, 0.0, 0.0, 0.0, 0.0, 0.0, 0.0, 0.0, 0.0, 0.0, 0.0, 0.0, 0.0, 0.0, 0.0, 0.0, 0.0, 0.0, 0.0, 0.0, 0.0, 0.0, 0.0, 0.0, 0.0]
cong_K= Any[3, 3, 3, 1, 2, 3, 1, 1, 2, 1, 1, 1, 1, 1, 1, 2, 1, 1, 1, 1, 1, 1, 2, 1, 1, 1, 1, 2, 1, 1, 1, 1, 1, 1, 1, 1, 1] 
obj_k= Any[324970, 321220, 317769, 307271, 303274, 287336, 283810, 281747, 281204, 278879, 278435, 277868, 277485, 276192, 276139, 275630, 275619, 275125, 274904, 274617, 273634, 273570, 273278, 272935, 272889, 271930, 271888, 270753, 270431, 270020, 269982, 269586, 269320, 269065, 268846, 268797, 268270] 
iter_obj = Any[1, 2, 3, 4, 5, 6, 8, 9, 10, 11, 13, 14, 24, 28, 30, 31, 63, 97, 98, 99, 107, 108, 117, 120, 131, 133, 179, 186, 221, 223, 224, 235, 261, 271, 281, 312, 327] 
avgClusterDiam = 1959.7333333333333 
maxClusterDiam = 2492.0 
clusterDiamete = [2259.0; 1854.0; 2492.0; 2152.0; 1719.0; 1785.0; 1960.0; 1702.0; 2334.0; 2077.0; 1803.0; 2239.0; 1748.0; 1591.0; 1681.0]   
C = [0, 0, 0, 0, 0, 0, 0, 0, 0, 0, 0, 0, 0, 0, 0, 0, 0, 0, 0, 1, 0, 0, 0, 0, 0, 0, 0, 1, 0, 0, 0, 0, 0, 0, 0, 0, 0, 0, 0, 0, 0, 0, 0, 0, 0, 0, 0, 0, 0, 0, 0, 0, 0, 0, 0, 0, 0, 0, 0, 0, 0, 0, 0, 0, 0, 0, 0, 0, 0, 0, 0, 1, 0, 0, 0, 0, 0, 0, 0, 0, 0, 0, 0, 0, 0, 0, 1, 0, 0, 0, 0, 0, 0, 0, 0, 0, 0, 0, 0, 0, 0, 0, 0, 0, 0, 0, 0, 0, 0, 0, 0, 0, 0, 0, 0, 0, 0, 0, 0, 0, 0, 0, 0, 0, 0, 0, 0, 0, 0, 0, 0, 0, 0, 1, 0, 0, 0, 0, 0, 0, 0, 0, 0, 0, 0, 0, 0, 0, 0, 0, 0, 1, 0, 0, 0, 0, 0, 0, 0, 0, 0, 0, 0, 0, 0, 0, 0, 0, 0, 0, 0, 0, 0, 0, 0, 0, 0, 0, 0, 0, 0, 0, 0, 0, 0, 0, 0, 0, 0, 0, 0, 0, 0, 0, 0, 0, 0, 0, 0, 0, 0, 0, 0, 0, 0, 0, 0, 0, 0, 0, 0, 0, 0, 0, 1, 0, 0, 0, 0, 0, 0, 0, 0, 0, 1, 0, 0, 0, 0, 0, 0, 0, 0, 0, 0, 0, 0, 0, 0, 0, 0, 0, 0, 0, 0, 0, 0, 0, 0, 0, 0, 0, 0, 0, 0, 0, 0, 0, 0, 0, 0, 0, 0, 1, 0, 0, 0, 0, 0, 0, 0, 0, 0, 0, 0, 0, 0, 0, 0, 0, 0, 0, 0, 0, 0, 0, 0, 0, 0, 0, 0, 0, 0, 0, 0, 0, 0, 0, 1, 0, 0, 0, 0, 0, 0, 0, 0, 0, 0, 0, 0, 0, 1, 0, 0, 0, 0, 0, 0, 0, 0, 0, 0, 0, 0, 0, 0, 0, 0, 0, 0, 0, 0, 0, 0, 0, 0, 0, 0, 0, 0, 0, 0, 0, 0, 0, 0, 0, 0, 0, 0, 0, 0, 0, 0, 0, 0, 1, 0, 0, 0, 0, 0, 0, 0, 0, 0, 0, 0, 0, 0, 0, 0, 0, 0, 0, 0, 0, 0, 0, 0, 0, 1, 0, 0, 0, 0, 0, 0, 0, 0, 0, 0, 0, 0, 0, 0, 0, 0, 0, 0, 0, 0, 0, 0, 0, 0, 0, 0, 0, 0, 0, 1, 0, 0, 0, 0, 0, 0, 0, 0, 0, 0, 0, 0, 0, 0, 1, 0, 0, 0, 0, 0, 0, 0, 0, 0, 0, 0, 0, 0, 0, 0, 0, 0, 0, 0, 0, 0, 0, 0, 0]
E = [20, 28, 20, 28, 28, 20, 28, 20, 28, 264, 20, 20, 28, 28, 28, 28, 28, 20, 20, 20, 28, 28, 28, 28, 28, 20, 20, 28, 264, 264, 264, 28, 28, 28, 20, 28, 28, 28, 28, 134, 264, 28, 87, 28, 28, 28, 134, 87, 28, 28, 28, 87, 72, 28, 87, 134, 72, 28, 72, 72, 152, 72, 72, 152, 87, 72, 72, 72, 152, 152, 152, 72, 72, 72, 72, 152, 72, 72, 72, 152, 152, 87, 152, 152, 20, 20, 87, 87, 87, 87, 87, 87, 87, 87, 87, 87, 87, 87, 87, 87, 87, 87, 20, 87, 87, 87, 20, 87, 87, 87, 20, 20, 20, 20, 20, 20, 20, 20, 20, 20, 134, 87, 134, 134, 134, 134, 134, 134, 134, 134, 134, 134, 134, 134, 134, 134, 134, 134, 134, 134, 134, 152, 134, 134, 134, 152, 134, 134, 134, 152, 152, 152, 152, 152, 152, 152, 152, 152, 152, 20, 152, 152, 152, 152, 152, 72, 72, 72, 72, 72, 72, 72, 72, 264, 299, 264, 72, 72, 152, 152, 72, 152, 20, 72, 72, 72, 72, 72, 72, 72, 72, 225, 225, 28, 225, 215, 215, 215, 215, 225, 225, 215, 215, 215, 225, 215, 225, 225, 215, 215, 225, 225, 215, 215, 215, 215, 225, 225, 215, 215, 215, 215, 225, 225, 225, 225, 215, 215, 215, 215, 225, 225, 215, 225, 215, 215, 215, 215, 225, 215, 215, 215, 215, 215, 225, 225, 225, 225, 225, 225, 28, 28, 28, 264, 20, 20, 20, 28, 264, 264, 28, 87, 20, 264, 264, 264, 264, 264, 264, 264, 264, 264, 264, 264, 264, 299, 299, 299, 299, 299, 299, 299, 299, 299, 313, 313, 313, 313, 313, 299, 299, 299, 299, 299, 299, 299, 299, 299, 299, 299, 299, 299, 313, 313, 313, 313, 313, 313, 313, 313, 313, 313, 313, 313, 313, 299, 299, 299, 299, 299, 299, 299, 299, 358, 299, 313, 313, 313, 313, 313, 313, 313, 313, 313, 358, 358, 358, 358, 358, 358, 358, 358, 358, 358, 358, 358, 313, 313, 313, 313, 313, 383, 383, 383, 358, 358, 358, 358, 358, 358, 383, 383, 383, 383, 383, 383, 383, 383, 383, 383, 383, 358, 358, 358, 358, 358, 358, 358, 413, 413, 383, 383, 383, 383, 383, 383, 383, 383, 383, 383, 383, 413, 413, 413, 413, 413, 413, 413, 413, 413, 358, 428, 428, 358, 428, 428, 428, 428, 428, 428, 428, 428, 413, 413, 413, 413, 383, 383, 383, 383, 383, 413, 413, 413, 413, 428, 428, 428, 428, 428, 428, 428, 413, 413, 413, 413, 413, 413, 413, 428, 428, 428, 428, 428, 428, 428, 28, 87, 28, 264, 215, 225]
