n° iter       = 600 
neighborhood_structure = [2] 
Prioridad     = 10 
balance       = 0.5 
Len_N         = 1 
N° clusters   = 15 
N° estaciones = 452 
N° mejoras    = 18
N° iter completadas  = 167
1° FO         = 328224.0
FO            = 280928
Centros       = [16, 68, 100, 118, 155, 167, 221, 225, 313, 318, 360, 381, 408, 435, 450]
Objs= Any[328224.0, 321544, 319272, 319272, 319272, 318147, 318147, 318147, 316395, 316395, 316395, 316395, 316390, 316390, 308445, 308445, 308445, 306695, 306695, 306695, 306695, 306695, 306695, 306695, 304919, 304919, 304901, 304901, 304496, 304496, 304496, 304496, 304496, 304496, 304496, 304496, 304496, 304496, 304496, 300297, 300297, 300297, 300297, 300297, 300297, 296057, 296057, 296057, 296057, 296057, 296057, 296057, 290579, 290579, 290579, 290579, 290579, 290579, 290579, 290579, 290579, 290579, 290579, 290579, 290579, 290579, 290579, 290579, 290579, 290579, 290579, 290579, 290579, 290579, 290579, 290579, 290579, 290579, 290579, 290579, 290579, 290579, 290579, 290579, 290106, 290106, 287444, 287444, 287444, 287444, 287444, 287444, 287444, 287444, 287444, 286733, 286733, 286733, 286733, 286733, 286733, 286733, 286733, 286733, 286733, 286733, 286733, 286733, 286733, 286110, 286110, 286110, 280928, 280928, 280928, 280928, 280928, 280928, 280928, 280928, 280928, 280928, 280928, 280928, 280928, 280928, 280928, 280928, 280928, 280928, 280928, 280928, 280928, 280928, 280928, 280928, 280928, 280928, 280928, 280928, 280928, 280928, 280928, 280928, 280928, 280928, 280928, 280928, 280928, 280928, 280928, 280928, 280928, 280928, 280928, 280928, 280928, 280928, 280928, 280928, 280928, 280928, 280928, 280928, 280928, 280928, 280928, 280928]
current_obj = [321544.0, 319272.0, 321569.0, 328782.0, 318147.0, 318696.0, 322653.0, 316395.0, 322310.0, 321244.0, 321506.0, 316390.0, 317424.0, 308445.0, 312745.0, 308613.0, 306695.0, 315737.0, 310189.0, 310465.0, 307248.0, 307995.0, 312629.0, 304919.0, 309970.0, 304901.0, 313553.0, 304496.0, 329895.0, 305668.0, 306729.0, 337329.0, 311500.0, 305812.0, 306488.0, 319771.0, 315500.0, 306214.0, 300297.0, 300829.0, 304825.0, 310992.0, 305730.0, 300434.0, 296057.0, 314111.0, 303766.0, 306766.0, 304092.0, 297589.0, 301088.0, 290579.0, 295746.0, 296009.0, 303630.0, 294909.0, 304134.0, 302178.0, 295712.0, 294974.0, 303089.0, 292524.0, 300535.0, 303386.0, 296802.0, 295265.0, 294851.0, 296433.0, 297491.0, 291508.0, 290863.0, 291514.0, 300387.0, 295260.0, 299144.0, 302114.0, 302003.0, 296584.0, 302158.0, 311283.0, 306609.0, 291316.0, 291548.0, 290106.0, 306862.0, 287444.0, 295054.0, 298893.0, 288377.0, 291358.0, 288178.0, 293224.0, 293072.0, 290717.0, 286733.0, 300498.0, 294350.0, 289588.0, 291058.0, 295789.0, 291714.0, 301157.0, 291431.0, 298379.0, 297249.0, 294565.0, 287976.0, 289594.0, 286110.0, 292812.0, 288682.0, 280928.0, 294485.0, 289138.0, 285372.0, 289321.0, 281925.0, 285775.0, 286224.0, 303986.0, 282131.0, 293523.0, 283420.0, 281363.0, 286849.0, 283358.0, 296198.0, 292317.0, 293596.0, 283970.0, 281731.0, 289819.0, 286547.0, 288583.0, 291646.0, 283943.0, 287833.0, 284451.0, 284201.0, 284338.0, 282986.0, 294064.0, 290702.0, 297060.0, 284678.0, 288373.0, 292433.0, 283706.0, 284625.0, 288145.0, 290506.0, 284901.0, 287363.0, 295244.0, 285765.0, 289897.0, 287239.0, 281790.0, 285003.0, 281047.0, 284943.0, 281932.0, 290325.0, 296762.0, 284624.0, 289981.0, 285611.0, 293088.0, 0.0, 0.0, 0.0, 0.0, 0.0, 0.0, 0.0, 0.0, 0.0, 0.0, 0.0, 0.0, 0.0, 0.0, 0.0, 0.0, 0.0, 0.0, 0.0, 0.0, 0.0, 0.0, 0.0, 0.0, 0.0, 0.0, 0.0, 0.0, 0.0, 0.0, 0.0, 0.0, 0.0, 0.0, 0.0, 0.0, 0.0, 0.0, 0.0, 0.0, 0.0, 0.0, 0.0, 0.0, 0.0, 0.0, 0.0, 0.0, 0.0, 0.0, 0.0, 0.0, 0.0, 0.0, 0.0, 0.0, 0.0, 0.0, 0.0, 0.0, 0.0, 0.0, 0.0, 0.0, 0.0, 0.0, 0.0, 0.0, 0.0, 0.0, 0.0, 0.0, 0.0, 0.0, 0.0, 0.0, 0.0, 0.0, 0.0, 0.0, 0.0, 0.0, 0.0, 0.0, 0.0, 0.0, 0.0, 0.0, 0.0, 0.0, 0.0, 0.0, 0.0, 0.0, 0.0, 0.0, 0.0, 0.0, 0.0, 0.0, 0.0, 0.0, 0.0, 0.0, 0.0, 0.0, 0.0, 0.0, 0.0, 0.0, 0.0, 0.0, 0.0, 0.0, 0.0, 0.0, 0.0, 0.0, 0.0, 0.0, 0.0, 0.0, 0.0, 0.0, 0.0, 0.0, 0.0, 0.0, 0.0, 0.0, 0.0, 0.0, 0.0, 0.0, 0.0, 0.0, 0.0, 0.0, 0.0, 0.0, 0.0, 0.0, 0.0, 0.0, 0.0, 0.0, 0.0, 0.0, 0.0, 0.0, 0.0, 0.0, 0.0, 0.0, 0.0, 0.0, 0.0, 0.0, 0.0, 0.0, 0.0, 0.0, 0.0, 0.0, 0.0, 0.0, 0.0, 0.0, 0.0, 0.0, 0.0, 0.0, 0.0, 0.0, 0.0, 0.0, 0.0, 0.0, 0.0, 0.0, 0.0, 0.0, 0.0, 0.0, 0.0, 0.0, 0.0, 0.0, 0.0, 0.0, 0.0, 0.0, 0.0, 0.0, 0.0, 0.0, 0.0, 0.0, 0.0, 0.0, 0.0, 0.0, 0.0, 0.0, 0.0, 0.0, 0.0, 0.0, 0.0, 0.0, 0.0, 0.0, 0.0, 0.0, 0.0, 0.0, 0.0, 0.0, 0.0, 0.0, 0.0, 0.0, 0.0, 0.0, 0.0, 0.0, 0.0, 0.0, 0.0, 0.0, 0.0, 0.0, 0.0, 0.0, 0.0, 0.0, 0.0, 0.0, 0.0, 0.0, 0.0, 0.0, 0.0, 0.0, 0.0, 0.0, 0.0, 0.0, 0.0, 0.0, 0.0, 0.0, 0.0, 0.0, 0.0, 0.0, 0.0, 0.0, 0.0, 0.0, 0.0, 0.0, 0.0, 0.0, 0.0, 0.0, 0.0, 0.0, 0.0, 0.0, 0.0, 0.0, 0.0, 0.0, 0.0, 0.0, 0.0, 0.0, 0.0, 0.0, 0.0, 0.0, 0.0, 0.0, 0.0, 0.0, 0.0, 0.0, 0.0, 0.0, 0.0, 0.0, 0.0, 0.0, 0.0, 0.0, 0.0, 0.0, 0.0, 0.0, 0.0, 0.0, 0.0, 0.0, 0.0, 0.0, 0.0, 0.0, 0.0, 0.0, 0.0, 0.0, 0.0, 0.0, 0.0, 0.0, 0.0, 0.0, 0.0, 0.0, 0.0, 0.0, 0.0, 0.0, 0.0, 0.0, 0.0, 0.0, 0.0, 0.0, 0.0, 0.0, 0.0, 0.0, 0.0, 0.0, 0.0, 0.0, 0.0, 0.0, 0.0, 0.0, 0.0, 0.0, 0.0, 0.0, 0.0, 0.0, 0.0, 0.0, 0.0, 0.0, 0.0, 0.0, 0.0, 0.0, 0.0, 0.0, 0.0, 0.0, 0.0, 0.0, 0.0, 0.0, 0.0, 0.0, 0.0, 0.0, 0.0, 0.0, 0.0, 0.0, 0.0, 0.0, 0.0, 0.0, 0.0, 0.0, 0.0, 0.0, 0.0, 0.0, 0.0, 0.0, 0.0, 0.0, 0.0, 0.0, 0.0, 0.0, 0.0, 0.0, 0.0, 0.0, 0.0, 0.0, 0.0, 0.0, 0.0, 0.0, 0.0, 0.0, 0.0, 0.0, 0.0, 0.0, 0.0, 0.0, 0.0, 0.0, 0.0, 0.0, 0.0, 0.0, 0.0, 0.0, 0.0, 0.0, 0.0, 0.0, 0.0, 0.0, 0.0, 0.0, 0.0, 0.0, 0.0, 0.0, 0.0, 0.0, 0.0, 0.0]
cong_K= Any[2, 2, 2, 2, 2, 2, 2, 2, 2, 2, 2, 2, 2, 2, 2, 2, 2, 2] 
obj_k= Any[321544, 319272, 318147, 316395, 316390, 308445, 306695, 304919, 304901, 304496, 300297, 296057, 290579, 290106, 287444, 286733, 286110, 280928] 
iter_obj = Any[1, 2, 5, 8, 12, 14, 17, 24, 26, 28, 39, 45, 52, 84, 86, 95, 109, 112] 
avgClusterDiam = 2053.2 
maxClusterDiam = 2577.0 
clusterDiamete = [2577.0; 2009.0; 1779.0; 2269.0; 1977.0; 2523.0; 1960.0; 2046.0; 2115.0; 1867.0; 2073.0; 1951.0; 1756.0; 1384.0; 2512.0]   
C = [0, 0, 0, 0, 0, 0, 0, 0, 0, 0, 0, 0, 0, 0, 0, 1, 0, 0, 0, 0, 0, 0, 0, 0, 0, 0, 0, 0, 0, 0, 0, 0, 0, 0, 0, 0, 0, 0, 0, 0, 0, 0, 0, 0, 0, 0, 0, 0, 0, 0, 0, 0, 0, 0, 0, 0, 0, 0, 0, 0, 0, 0, 0, 0, 0, 0, 0, 1, 0, 0, 0, 0, 0, 0, 0, 0, 0, 0, 0, 0, 0, 0, 0, 0, 0, 0, 0, 0, 0, 0, 0, 0, 0, 0, 0, 0, 0, 0, 0, 1, 0, 0, 0, 0, 0, 0, 0, 0, 0, 0, 0, 0, 0, 0, 0, 0, 0, 1, 0, 0, 0, 0, 0, 0, 0, 0, 0, 0, 0, 0, 0, 0, 0, 0, 0, 0, 0, 0, 0, 0, 0, 0, 0, 0, 0, 0, 0, 0, 0, 0, 0, 0, 0, 0, 1, 0, 0, 0, 0, 0, 0, 0, 0, 0, 0, 0, 1, 0, 0, 0, 0, 0, 0, 0, 0, 0, 0, 0, 0, 0, 0, 0, 0, 0, 0, 0, 0, 0, 0, 0, 0, 0, 0, 0, 0, 0, 0, 0, 0, 0, 0, 0, 0, 0, 0, 0, 0, 0, 0, 0, 0, 0, 0, 0, 0, 0, 0, 0, 0, 0, 1, 0, 0, 0, 1, 0, 0, 0, 0, 0, 0, 0, 0, 0, 0, 0, 0, 0, 0, 0, 0, 0, 0, 0, 0, 0, 0, 0, 0, 0, 0, 0, 0, 0, 0, 0, 0, 0, 0, 0, 0, 0, 0, 0, 0, 0, 0, 0, 0, 0, 0, 0, 0, 0, 0, 0, 0, 0, 0, 0, 0, 0, 0, 0, 0, 0, 0, 0, 0, 0, 0, 0, 0, 0, 0, 0, 0, 0, 0, 0, 0, 0, 0, 0, 0, 0, 0, 0, 0, 0, 0, 0, 1, 0, 0, 0, 0, 1, 0, 0, 0, 0, 0, 0, 0, 0, 0, 0, 0, 0, 0, 0, 0, 0, 0, 0, 0, 0, 0, 0, 0, 0, 0, 0, 0, 0, 0, 0, 0, 0, 0, 0, 0, 0, 0, 0, 0, 0, 0, 1, 0, 0, 0, 0, 0, 0, 0, 0, 0, 0, 0, 0, 0, 0, 0, 0, 0, 0, 0, 0, 1, 0, 0, 0, 0, 0, 0, 0, 0, 0, 0, 0, 0, 0, 0, 0, 0, 0, 0, 0, 0, 0, 0, 0, 0, 0, 0, 1, 0, 0, 0, 0, 0, 0, 0, 0, 0, 0, 0, 0, 0, 0, 0, 0, 0, 0, 0, 0, 0, 0, 0, 0, 0, 0, 1, 0, 0, 0, 0, 0, 0, 0, 0, 0, 0, 0, 0, 0, 0, 1, 0, 0]
E = [16, 16, 118, 16, 16, 16, 16, 118, 16, 450, 118, 118, 16, 16, 16, 16, 16, 16, 118, 118, 16, 16, 16, 16, 16, 450, 118, 16, 450, 16, 450, 16, 16, 16, 118, 68, 16, 16, 16, 16, 450, 16, 450, 68, 68, 16, 16, 450, 68, 68, 68, 450, 68, 68, 100, 155, 68, 68, 68, 68, 68, 68, 68, 68, 450, 68, 68, 68, 68, 68, 68, 68, 68, 68, 68, 68, 167, 68, 68, 68, 68, 450, 68, 68, 118, 118, 100, 100, 100, 100, 100, 100, 100, 100, 100, 450, 100, 118, 450, 100, 100, 100, 16, 100, 100, 100, 118, 118, 100, 100, 16, 450, 118, 118, 118, 118, 118, 118, 118, 118, 118, 118, 118, 118, 118, 118, 118, 118, 118, 118, 118, 118, 118, 118, 118, 155, 118, 118, 155, 155, 155, 155, 155, 155, 155, 155, 155, 155, 155, 155, 155, 155, 155, 68, 155, 155, 155, 155, 155, 450, 155, 155, 155, 155, 155, 167, 167, 167, 167, 167, 167, 167, 167, 450, 167, 450, 167, 167, 167, 68, 167, 167, 16, 68, 167, 167, 167, 167, 167, 167, 167, 225, 225, 225, 225, 225, 221, 221, 221, 225, 225, 221, 221, 221, 225, 221, 225, 225, 221, 221, 225, 225, 221, 221, 221, 221, 225, 225, 221, 221, 221, 221, 225, 225, 225, 225, 221, 221, 221, 221, 225, 225, 221, 225, 221, 221, 221, 221, 225, 221, 221, 221, 221, 221, 225, 225, 225, 225, 225, 225, 16, 16, 16, 450, 118, 450, 16, 68, 450, 450, 16, 100, 450, 450, 450, 450, 450, 450, 450, 450, 450, 450, 450, 450, 450, 155, 155, 155, 318, 155, 318, 318, 318, 313, 167, 167, 167, 313, 313, 167, 318, 318, 318, 318, 318, 318, 318, 318, 318, 318, 318, 318, 318, 167, 167, 313, 313, 313, 313, 313, 313, 313, 313, 313, 313, 318, 318, 318, 318, 318, 318, 318, 318, 318, 318, 313, 313, 313, 313, 313, 313, 313, 313, 313, 360, 360, 360, 360, 318, 318, 360, 360, 360, 360, 313, 313, 313, 313, 313, 313, 313, 313, 381, 381, 381, 360, 360, 360, 360, 360, 381, 381, 381, 313, 381, 381, 381, 381, 381, 381, 381, 381, 360, 360, 360, 360, 360, 360, 381, 381, 381, 381, 381, 381, 381, 381, 381, 381, 381, 381, 381, 381, 381, 381, 381, 435, 360, 435, 360, 360, 360, 408, 408, 408, 408, 408, 408, 408, 408, 408, 408, 408, 435, 435, 381, 381, 381, 381, 381, 381, 381, 435, 435, 435, 435, 435, 408, 408, 408, 408, 408, 408, 435, 435, 435, 435, 435, 435, 435, 435, 435, 408, 408, 408, 408, 408, 68, 100, 16, 450, 221, 225]
