n° iter       = 600 
neighborhood_structure = [1] 
Prioridad     = 10 
balance       = 0.5 
Len_N         = 9 
N° clusters   = 15 
N° estaciones = 452 
N° mejoras    = 38
N° iter completadas  = 187
1° FO         = 308139.0
FO            = 268634
Centros       = [20, 28, 72, 101, 134, 153, 215, 225, 299, 313, 358, 383, 413, 428, 450]
Objs= Any[308139.0, 303622, 295000, 294190, 293024, 290171, 288065, 285331, 284902, 282281, 282031, 282031, 280603, 280603, 279767, 279767, 279767, 278210, 276802, 276802, 276033, 275784, 275784, 275784, 275607, 275607, 275607, 275173, 275098, 275098, 274846, 274846, 274846, 274831, 274831, 274519, 273664, 273664, 273664, 273664, 272814, 272814, 272814, 271210, 271148, 270946, 270836, 270836, 270836, 270577, 270577, 270577, 270473, 270078, 270078, 270078, 270078, 270078, 270078, 270078, 270078, 270078, 270078, 270078, 270078, 270078, 270078, 270078, 270078, 270078, 270078, 270078, 270078, 269845, 269845, 269845, 269845, 269845, 269845, 269845, 269845, 269845, 269845, 269845, 269845, 269845, 269845, 269845, 269845, 269845, 269845, 269845, 269845, 269845, 269845, 269784, 269529, 269529, 269529, 269529, 269529, 269529, 269529, 269529, 269529, 269529, 269529, 269529, 269529, 269529, 269529, 269529, 269529, 269529, 269529, 269529, 269529, 269529, 269529, 269529, 269529, 269529, 269529, 269529, 269529, 269529, 269529, 269529, 269529, 269529, 269529, 269529, 269529, 269529, 269529, 269529, 269529, 269529, 269529, 269529, 269529, 269441, 269441, 269441, 269441, 269441, 269441, 269441, 269441, 269441, 269441, 269158, 269158, 269158, 269158, 269158, 268920, 268920, 268920, 268920, 268920, 268634, 268634, 268634, 268634, 268634, 268634, 268634, 268634, 268634, 268634, 268634, 268634, 268634, 268634, 268634, 268634, 268634, 268634, 268634, 268634, 268634, 268634, 268634, 268634, 268634, 268634, 268634]
current_obj = [303622.0, 295000.0, 294190.0, 293024.0, 290171.0, 288065.0, 285331.0, 284902.0, 282281.0, 282031.0, 282483.0, 280603.0, 280781.0, 279767.0, 280780.0, 280445.0, 278210.0, 276802.0, 277289.0, 276033.0, 275784.0, 275833.0, 276418.0, 275607.0, 277466.0, 276133.0, 275173.0, 275098.0, 275976.0, 274846.0, 276260.0, 275855.0, 274831.0, 275197.0, 274519.0, 273664.0, 274550.0, 274191.0, 273962.0, 272814.0, 273054.0, 273229.0, 271210.0, 271148.0, 270946.0, 270836.0, 273406.0, 273448.0, 270577.0, 271343.0, 270982.0, 270473.0, 270078.0, 272205.0, 271691.0, 270429.0, 270660.0, 270544.0, 270309.0, 270660.0, 270344.0, 270344.0, 271368.0, 271235.0, 270486.0, 271236.0, 270964.0, 270413.0, 270217.0, 270309.0, 270263.0, 271504.0, 269845.0, 269984.0, 270081.0, 271785.0, 269949.0, 270253.0, 271143.0, 269936.0, 271183.0, 272205.0, 270139.0, 273397.0, 270306.0, 270518.0, 270078.0, 270249.0, 271265.0, 270249.0, 270941.0, 272405.0, 270111.0, 269984.0, 269784.0, 269529.0, 270867.0, 269630.0, 269989.0, 269784.0, 270819.0, 269630.0, 269933.0, 269604.0, 269760.0, 269984.0, 269791.0, 271415.0, 269532.0, 269630.0, 271111.0, 270221.0, 270250.0, 270668.0, 270455.0, 269633.0, 269937.0, 269784.0, 270087.0, 270771.0, 271140.0, 269639.0, 270886.0, 269639.0, 270801.0, 271402.0, 270417.0, 269933.0, 270836.0, 269762.0, 270272.0, 270872.0, 269892.0, 269937.0, 269870.0, 272227.0, 271477.0, 269937.0, 270272.0, 269901.0, 269441.0, 270795.0, 270388.0, 269782.0, 270965.0, 269696.0, 270537.0, 270795.0, 270551.0, 269545.0, 269158.0, 269266.0, 269618.0, 269831.0, 270594.0, 268920.0, 269024.0, 269849.0, 269689.0, 269863.0, 268634.0, 269631.0, 269042.0, 269991.0, 269461.0, 268651.0, 269004.0, 268930.0, 269764.0, 270295.0, 269520.0, 270037.0, 270337.0, 269265.0, 268930.0, 269034.0, 269775.0, 271150.0, 268742.0, 269168.0, 270596.0, 270790.0, 269158.0, 269012.0, 269924.0, 269464.0, 269882.0, 269012.0, 0.0, 0.0, 0.0, 0.0, 0.0, 0.0, 0.0, 0.0, 0.0, 0.0, 0.0, 0.0, 0.0, 0.0, 0.0, 0.0, 0.0, 0.0, 0.0, 0.0, 0.0, 0.0, 0.0, 0.0, 0.0, 0.0, 0.0, 0.0, 0.0, 0.0, 0.0, 0.0, 0.0, 0.0, 0.0, 0.0, 0.0, 0.0, 0.0, 0.0, 0.0, 0.0, 0.0, 0.0, 0.0, 0.0, 0.0, 0.0, 0.0, 0.0, 0.0, 0.0, 0.0, 0.0, 0.0, 0.0, 0.0, 0.0, 0.0, 0.0, 0.0, 0.0, 0.0, 0.0, 0.0, 0.0, 0.0, 0.0, 0.0, 0.0, 0.0, 0.0, 0.0, 0.0, 0.0, 0.0, 0.0, 0.0, 0.0, 0.0, 0.0, 0.0, 0.0, 0.0, 0.0, 0.0, 0.0, 0.0, 0.0, 0.0, 0.0, 0.0, 0.0, 0.0, 0.0, 0.0, 0.0, 0.0, 0.0, 0.0, 0.0, 0.0, 0.0, 0.0, 0.0, 0.0, 0.0, 0.0, 0.0, 0.0, 0.0, 0.0, 0.0, 0.0, 0.0, 0.0, 0.0, 0.0, 0.0, 0.0, 0.0, 0.0, 0.0, 0.0, 0.0, 0.0, 0.0, 0.0, 0.0, 0.0, 0.0, 0.0, 0.0, 0.0, 0.0, 0.0, 0.0, 0.0, 0.0, 0.0, 0.0, 0.0, 0.0, 0.0, 0.0, 0.0, 0.0, 0.0, 0.0, 0.0, 0.0, 0.0, 0.0, 0.0, 0.0, 0.0, 0.0, 0.0, 0.0, 0.0, 0.0, 0.0, 0.0, 0.0, 0.0, 0.0, 0.0, 0.0, 0.0, 0.0, 0.0, 0.0, 0.0, 0.0, 0.0, 0.0, 0.0, 0.0, 0.0, 0.0, 0.0, 0.0, 0.0, 0.0, 0.0, 0.0, 0.0, 0.0, 0.0, 0.0, 0.0, 0.0, 0.0, 0.0, 0.0, 0.0, 0.0, 0.0, 0.0, 0.0, 0.0, 0.0, 0.0, 0.0, 0.0, 0.0, 0.0, 0.0, 0.0, 0.0, 0.0, 0.0, 0.0, 0.0, 0.0, 0.0, 0.0, 0.0, 0.0, 0.0, 0.0, 0.0, 0.0, 0.0, 0.0, 0.0, 0.0, 0.0, 0.0, 0.0, 0.0, 0.0, 0.0, 0.0, 0.0, 0.0, 0.0, 0.0, 0.0, 0.0, 0.0, 0.0, 0.0, 0.0, 0.0, 0.0, 0.0, 0.0, 0.0, 0.0, 0.0, 0.0, 0.0, 0.0, 0.0, 0.0, 0.0, 0.0, 0.0, 0.0, 0.0, 0.0, 0.0, 0.0, 0.0, 0.0, 0.0, 0.0, 0.0, 0.0, 0.0, 0.0, 0.0, 0.0, 0.0, 0.0, 0.0, 0.0, 0.0, 0.0, 0.0, 0.0, 0.0, 0.0, 0.0, 0.0, 0.0, 0.0, 0.0, 0.0, 0.0, 0.0, 0.0, 0.0, 0.0, 0.0, 0.0, 0.0, 0.0, 0.0, 0.0, 0.0, 0.0, 0.0, 0.0, 0.0, 0.0, 0.0, 0.0, 0.0, 0.0, 0.0, 0.0, 0.0, 0.0, 0.0, 0.0, 0.0, 0.0, 0.0, 0.0, 0.0, 0.0, 0.0, 0.0, 0.0, 0.0, 0.0, 0.0, 0.0, 0.0, 0.0, 0.0, 0.0, 0.0, 0.0, 0.0, 0.0, 0.0, 0.0, 0.0, 0.0, 0.0, 0.0, 0.0, 0.0, 0.0, 0.0, 0.0, 0.0, 0.0, 0.0, 0.0, 0.0, 0.0, 0.0, 0.0, 0.0, 0.0, 0.0, 0.0, 0.0, 0.0, 0.0, 0.0, 0.0, 0.0, 0.0, 0.0, 0.0, 0.0, 0.0, 0.0, 0.0, 0.0, 0.0, 0.0, 0.0, 0.0, 0.0, 0.0, 0.0, 0.0, 0.0, 0.0, 0.0, 0.0, 0.0, 0.0, 0.0, 0.0, 0.0, 0.0, 0.0, 0.0, 0.0, 0.0, 0.0, 0.0, 0.0, 0.0, 0.0, 0.0, 0.0, 0.0, 0.0, 0.0, 0.0, 0.0, 0.0, 0.0, 0.0]
cong_K= Any[1, 1, 1, 1, 1, 1, 1, 1, 1, 1, 1, 1, 1, 1, 1, 1, 1, 1, 1, 1, 1, 1, 1, 1, 1, 1, 1, 1, 1, 1, 1, 1, 1, 1, 1, 1, 1, 1] 
obj_k= Any[303622, 295000, 294190, 293024, 290171, 288065, 285331, 284902, 282281, 282031, 280603, 279767, 278210, 276802, 276033, 275784, 275607, 275173, 275098, 274846, 274831, 274519, 273664, 272814, 271210, 271148, 270946, 270836, 270577, 270473, 270078, 269845, 269784, 269529, 269441, 269158, 268920, 268634] 
iter_obj = Any[1, 2, 3, 4, 5, 6, 7, 8, 9, 10, 12, 14, 17, 18, 20, 21, 24, 27, 28, 30, 33, 35, 36, 40, 43, 44, 45, 46, 49, 52, 53, 73, 95, 96, 141, 151, 156, 161] 
avgClusterDiam = 1933.4 
maxClusterDiam = 2346.0 
clusterDiamete = [2293.0; 1854.0; 2174.0; 1982.0; 1719.0; 1917.0; 1960.0; 1702.0; 2027.0; 1803.0; 2239.0; 1748.0; 1556.0; 1681.0; 2346.0]   
C = [0, 0, 0, 0, 0, 0, 0, 0, 0, 0, 0, 0, 0, 0, 0, 0, 0, 0, 0, 1, 0, 0, 0, 0, 0, 0, 0, 1, 0, 0, 0, 0, 0, 0, 0, 0, 0, 0, 0, 0, 0, 0, 0, 0, 0, 0, 0, 0, 0, 0, 0, 0, 0, 0, 0, 0, 0, 0, 0, 0, 0, 0, 0, 0, 0, 0, 0, 0, 0, 0, 0, 1, 0, 0, 0, 0, 0, 0, 0, 0, 0, 0, 0, 0, 0, 0, 0, 0, 0, 0, 0, 0, 0, 0, 0, 0, 0, 0, 0, 0, 1, 0, 0, 0, 0, 0, 0, 0, 0, 0, 0, 0, 0, 0, 0, 0, 0, 0, 0, 0, 0, 0, 0, 0, 0, 0, 0, 0, 0, 0, 0, 0, 0, 1, 0, 0, 0, 0, 0, 0, 0, 0, 0, 0, 0, 0, 0, 0, 0, 0, 0, 0, 1, 0, 0, 0, 0, 0, 0, 0, 0, 0, 0, 0, 0, 0, 0, 0, 0, 0, 0, 0, 0, 0, 0, 0, 0, 0, 0, 0, 0, 0, 0, 0, 0, 0, 0, 0, 0, 0, 0, 0, 0, 0, 0, 0, 0, 0, 0, 0, 0, 0, 0, 0, 0, 0, 0, 0, 0, 0, 0, 0, 0, 0, 1, 0, 0, 0, 0, 0, 0, 0, 0, 0, 1, 0, 0, 0, 0, 0, 0, 0, 0, 0, 0, 0, 0, 0, 0, 0, 0, 0, 0, 0, 0, 0, 0, 0, 0, 0, 0, 0, 0, 0, 0, 0, 0, 0, 0, 0, 0, 0, 0, 0, 0, 0, 0, 0, 0, 0, 0, 0, 0, 0, 0, 0, 0, 0, 0, 0, 0, 0, 0, 0, 0, 0, 0, 0, 0, 0, 0, 0, 0, 0, 0, 0, 0, 0, 1, 0, 0, 0, 0, 0, 0, 0, 0, 0, 0, 0, 0, 0, 1, 0, 0, 0, 0, 0, 0, 0, 0, 0, 0, 0, 0, 0, 0, 0, 0, 0, 0, 0, 0, 0, 0, 0, 0, 0, 0, 0, 0, 0, 0, 0, 0, 0, 0, 0, 0, 0, 0, 0, 0, 0, 0, 0, 0, 1, 0, 0, 0, 0, 0, 0, 0, 0, 0, 0, 0, 0, 0, 0, 0, 0, 0, 0, 0, 0, 0, 0, 0, 0, 1, 0, 0, 0, 0, 0, 0, 0, 0, 0, 0, 0, 0, 0, 0, 0, 0, 0, 0, 0, 0, 0, 0, 0, 0, 0, 0, 0, 0, 0, 1, 0, 0, 0, 0, 0, 0, 0, 0, 0, 0, 0, 0, 0, 0, 1, 0, 0, 0, 0, 0, 0, 0, 0, 0, 0, 0, 0, 0, 0, 0, 0, 0, 0, 0, 0, 0, 1, 0, 0]
E = [20, 28, 20, 28, 28, 20, 28, 20, 28, 450, 20, 20, 28, 28, 28, 28, 28, 20, 20, 20, 28, 28, 28, 28, 28, 450, 20, 28, 450, 20, 20, 28, 28, 28, 20, 28, 28, 28, 28, 134, 450, 28, 450, 28, 28, 28, 134, 450, 28, 28, 28, 101, 72, 72, 101, 134, 72, 28, 153, 72, 72, 72, 72, 153, 450, 72, 72, 72, 153, 153, 153, 72, 72, 72, 72, 153, 72, 72, 72, 153, 153, 450, 153, 153, 20, 20, 101, 101, 101, 101, 101, 101, 101, 101, 101, 101, 101, 450, 450, 101, 101, 101, 20, 101, 101, 101, 20, 20, 101, 101, 20, 450, 20, 20, 20, 450, 20, 20, 20, 20, 134, 101, 134, 134, 134, 134, 134, 134, 134, 134, 134, 134, 134, 134, 134, 134, 134, 134, 134, 134, 134, 153, 134, 134, 134, 153, 134, 134, 134, 153, 153, 153, 153, 153, 153, 153, 153, 153, 153, 20, 153, 153, 153, 153, 153, 72, 72, 72, 72, 72, 72, 72, 72, 450, 299, 450, 72, 72, 153, 153, 72, 153, 20, 72, 72, 72, 72, 72, 72, 72, 72, 225, 225, 28, 225, 215, 215, 215, 215, 225, 225, 215, 215, 215, 225, 215, 225, 225, 215, 215, 225, 225, 215, 215, 215, 215, 225, 225, 215, 215, 215, 215, 225, 225, 225, 225, 215, 215, 215, 215, 225, 225, 215, 225, 215, 215, 215, 215, 225, 215, 215, 215, 215, 215, 225, 225, 225, 225, 225, 225, 28, 28, 28, 20, 20, 20, 20, 28, 450, 450, 28, 101, 20, 450, 450, 450, 450, 450, 450, 450, 450, 450, 450, 450, 450, 153, 153, 299, 299, 153, 299, 299, 299, 299, 313, 313, 313, 313, 313, 299, 299, 299, 299, 299, 299, 299, 299, 299, 299, 299, 299, 299, 313, 313, 313, 313, 313, 313, 313, 313, 313, 313, 313, 313, 313, 299, 299, 299, 299, 299, 299, 299, 299, 299, 299, 313, 313, 313, 313, 313, 313, 313, 313, 313, 358, 358, 358, 358, 358, 358, 358, 358, 358, 358, 358, 358, 313, 313, 313, 313, 313, 383, 383, 383, 358, 358, 358, 358, 358, 358, 383, 383, 383, 383, 383, 383, 383, 383, 383, 383, 383, 358, 358, 358, 358, 358, 358, 358, 413, 413, 383, 383, 383, 383, 383, 383, 383, 383, 383, 383, 383, 413, 413, 413, 413, 413, 413, 413, 413, 358, 358, 428, 428, 358, 428, 428, 428, 428, 428, 428, 428, 428, 413, 413, 413, 413, 383, 383, 383, 383, 383, 413, 413, 413, 413, 428, 428, 428, 428, 428, 428, 428, 413, 413, 413, 413, 413, 413, 413, 428, 428, 428, 428, 428, 428, 428, 28, 101, 28, 450, 215, 225]
