n° iter       = 600 
neighborhood_structure = [2] 
Prioridad     = 10 
balance       = 0.5 
Len_N         = 9 
N° clusters   = 15 
N° estaciones = 452 
N° mejoras    = 24
N° iter completadas  = 173
1° FO         = 314753.0
FO            = 273963
Centros       = [9, 50, 78, 101, 120, 155, 215, 217, 298, 307, 358, 367, 415, 427, 450]
Objs= Any[314753.0, 308559, 301606, 297665, 293529, 293327, 291229, 291229, 289954, 287237, 287237, 287237, 287237, 286493, 286493, 285592, 285592, 284722, 284722, 284722, 284722, 283674, 283361, 283361, 283361, 283361, 281355, 281089, 281079, 280818, 278353, 278353, 278353, 278353, 278353, 278353, 278353, 278353, 278353, 278353, 278353, 278353, 278353, 278353, 278353, 278353, 278353, 278353, 278353, 278353, 278353, 278353, 278353, 278353, 278353, 278353, 278353, 278353, 278353, 278353, 278353, 278353, 278353, 277657, 277657, 277657, 277657, 277657, 277657, 277657, 277657, 277657, 277657, 277657, 277355, 277355, 277355, 277355, 276748, 276748, 276748, 276748, 276748, 276748, 276748, 276748, 276748, 274596, 274596, 274596, 274596, 274596, 274596, 274596, 274596, 274596, 274596, 274596, 274596, 274431, 274431, 274431, 274431, 274431, 274431, 274431, 274431, 274431, 274431, 274431, 274431, 274431, 274431, 274431, 274431, 274431, 273963, 273963, 273963, 273963, 273963, 273963, 273963, 273963, 273963, 273963, 273963, 273963, 273963, 273963, 273963, 273963, 273963, 273963, 273963, 273963, 273963, 273963, 273963, 273963, 273963, 273963, 273963, 273963, 273963, 273963, 273963, 273963, 273963, 273963, 273963, 273963, 273963, 273963, 273963, 273963, 273963, 273963, 273963, 273963, 273963, 273963, 273963, 273963, 273963, 273963, 273963, 273963, 273963, 273963, 273963, 273963, 273963, 273963]
current_obj = [308559.0, 301606.0, 297665.0, 293529.0, 293327.0, 291229.0, 291583.0, 289954.0, 287237.0, 287239.0, 288278.0, 289591.0, 286493.0, 286668.0, 285592.0, 287236.0, 284722.0, 286332.0, 286024.0, 287236.0, 283674.0, 283361.0, 284808.0, 284719.0, 283997.0, 281355.0, 281089.0, 281079.0, 280818.0, 278353.0, 278759.0, 279173.0, 278492.0, 279836.0, 278889.0, 279845.0, 281462.0, 283633.0, 283281.0, 280480.0, 281007.0, 281575.0, 280688.0, 283500.0, 279881.0, 279938.0, 281421.0, 279415.0, 279567.0, 280505.0, 280584.0, 279187.0, 279915.0, 280553.0, 279188.0, 281578.0, 280648.0, 278777.0, 279507.0, 280250.0, 279285.0, 279983.0, 277657.0, 281232.0, 278657.0, 279935.0, 279135.0, 279788.0, 281425.0, 280974.0, 280207.0, 282186.0, 282835.0, 277355.0, 278292.0, 279385.0, 279377.0, 276748.0, 276844.0, 280809.0, 277288.0, 279883.0, 280720.0, 279184.0, 278731.0, 277335.0, 274596.0, 279034.0, 277159.0, 277974.0, 276924.0, 276468.0, 278780.0, 278217.0, 281337.0, 279299.0, 278491.0, 276748.0, 274431.0, 277186.0, 277465.0, 278315.0, 277204.0, 279025.0, 276508.0, 278501.0, 274942.0, 275975.0, 276000.0, 275030.0, 277022.0, 276393.0, 275643.0, 275125.0, 275399.0, 273963.0, 276374.0, 275061.0, 277212.0, 275478.0, 277781.0, 275471.0, 278226.0, 278700.0, 275799.0, 276827.0, 275271.0, 279125.0, 276774.0, 276347.0, 276891.0, 275360.0, 279166.0, 276856.0, 275919.0, 275375.0, 276671.0, 279666.0, 277011.0, 277852.0, 278379.0, 276525.0, 276110.0, 277029.0, 276756.0, 277571.0, 278142.0, 276671.0, 274004.0, 277615.0, 275587.0, 276534.0, 277198.0, 277051.0, 276992.0, 278335.0, 279085.0, 278703.0, 280022.0, 278889.0, 277665.0, 279293.0, 277292.0, 277737.0, 279461.0, 276538.0, 277070.0, 275669.0, 277898.0, 278403.0, 278059.0, 276678.0, 276961.0, 277183.0, 0.0, 0.0, 0.0, 0.0, 0.0, 0.0, 0.0, 0.0, 0.0, 0.0, 0.0, 0.0, 0.0, 0.0, 0.0, 0.0, 0.0, 0.0, 0.0, 0.0, 0.0, 0.0, 0.0, 0.0, 0.0, 0.0, 0.0, 0.0, 0.0, 0.0, 0.0, 0.0, 0.0, 0.0, 0.0, 0.0, 0.0, 0.0, 0.0, 0.0, 0.0, 0.0, 0.0, 0.0, 0.0, 0.0, 0.0, 0.0, 0.0, 0.0, 0.0, 0.0, 0.0, 0.0, 0.0, 0.0, 0.0, 0.0, 0.0, 0.0, 0.0, 0.0, 0.0, 0.0, 0.0, 0.0, 0.0, 0.0, 0.0, 0.0, 0.0, 0.0, 0.0, 0.0, 0.0, 0.0, 0.0, 0.0, 0.0, 0.0, 0.0, 0.0, 0.0, 0.0, 0.0, 0.0, 0.0, 0.0, 0.0, 0.0, 0.0, 0.0, 0.0, 0.0, 0.0, 0.0, 0.0, 0.0, 0.0, 0.0, 0.0, 0.0, 0.0, 0.0, 0.0, 0.0, 0.0, 0.0, 0.0, 0.0, 0.0, 0.0, 0.0, 0.0, 0.0, 0.0, 0.0, 0.0, 0.0, 0.0, 0.0, 0.0, 0.0, 0.0, 0.0, 0.0, 0.0, 0.0, 0.0, 0.0, 0.0, 0.0, 0.0, 0.0, 0.0, 0.0, 0.0, 0.0, 0.0, 0.0, 0.0, 0.0, 0.0, 0.0, 0.0, 0.0, 0.0, 0.0, 0.0, 0.0, 0.0, 0.0, 0.0, 0.0, 0.0, 0.0, 0.0, 0.0, 0.0, 0.0, 0.0, 0.0, 0.0, 0.0, 0.0, 0.0, 0.0, 0.0, 0.0, 0.0, 0.0, 0.0, 0.0, 0.0, 0.0, 0.0, 0.0, 0.0, 0.0, 0.0, 0.0, 0.0, 0.0, 0.0, 0.0, 0.0, 0.0, 0.0, 0.0, 0.0, 0.0, 0.0, 0.0, 0.0, 0.0, 0.0, 0.0, 0.0, 0.0, 0.0, 0.0, 0.0, 0.0, 0.0, 0.0, 0.0, 0.0, 0.0, 0.0, 0.0, 0.0, 0.0, 0.0, 0.0, 0.0, 0.0, 0.0, 0.0, 0.0, 0.0, 0.0, 0.0, 0.0, 0.0, 0.0, 0.0, 0.0, 0.0, 0.0, 0.0, 0.0, 0.0, 0.0, 0.0, 0.0, 0.0, 0.0, 0.0, 0.0, 0.0, 0.0, 0.0, 0.0, 0.0, 0.0, 0.0, 0.0, 0.0, 0.0, 0.0, 0.0, 0.0, 0.0, 0.0, 0.0, 0.0, 0.0, 0.0, 0.0, 0.0, 0.0, 0.0, 0.0, 0.0, 0.0, 0.0, 0.0, 0.0, 0.0, 0.0, 0.0, 0.0, 0.0, 0.0, 0.0, 0.0, 0.0, 0.0, 0.0, 0.0, 0.0, 0.0, 0.0, 0.0, 0.0, 0.0, 0.0, 0.0, 0.0, 0.0, 0.0, 0.0, 0.0, 0.0, 0.0, 0.0, 0.0, 0.0, 0.0, 0.0, 0.0, 0.0, 0.0, 0.0, 0.0, 0.0, 0.0, 0.0, 0.0, 0.0, 0.0, 0.0, 0.0, 0.0, 0.0, 0.0, 0.0, 0.0, 0.0, 0.0, 0.0, 0.0, 0.0, 0.0, 0.0, 0.0, 0.0, 0.0, 0.0, 0.0, 0.0, 0.0, 0.0, 0.0, 0.0, 0.0, 0.0, 0.0, 0.0, 0.0, 0.0, 0.0, 0.0, 0.0, 0.0, 0.0, 0.0, 0.0, 0.0, 0.0, 0.0, 0.0, 0.0, 0.0, 0.0, 0.0, 0.0, 0.0, 0.0, 0.0, 0.0, 0.0, 0.0, 0.0, 0.0, 0.0, 0.0, 0.0, 0.0, 0.0, 0.0, 0.0, 0.0, 0.0, 0.0, 0.0, 0.0, 0.0, 0.0, 0.0, 0.0, 0.0, 0.0, 0.0, 0.0, 0.0, 0.0, 0.0, 0.0, 0.0, 0.0, 0.0, 0.0, 0.0, 0.0, 0.0, 0.0, 0.0, 0.0, 0.0, 0.0, 0.0, 0.0, 0.0, 0.0, 0.0, 0.0, 0.0, 0.0, 0.0, 0.0, 0.0, 0.0, 0.0, 0.0, 0.0, 0.0, 0.0, 0.0, 0.0, 0.0, 0.0, 0.0, 0.0, 0.0, 0.0]
cong_K= Any[2, 2, 2, 2, 2, 2, 2, 2, 2, 2, 2, 2, 2, 2, 2, 2, 2, 2, 2, 2, 2, 2, 2, 2] 
obj_k= Any[308559, 301606, 297665, 293529, 293327, 291229, 289954, 287237, 286493, 285592, 284722, 283674, 283361, 281355, 281089, 281079, 280818, 278353, 277657, 277355, 276748, 274596, 274431, 273963] 
iter_obj = Any[1, 2, 3, 4, 5, 6, 8, 9, 13, 15, 17, 21, 22, 26, 27, 28, 29, 30, 63, 74, 78, 87, 99, 116] 
avgClusterDiam = 1999.6666666666667 
maxClusterDiam = 2512.0 
clusterDiamete = [2266.0; 1619.0; 2492.0; 1982.0; 2050.0; 1977.0; 1960.0; 1869.0; 2122.0; 1860.0; 2239.0; 1542.0; 1597.0; 1908.0; 2512.0]   
C = [0, 0, 0, 0, 0, 0, 0, 0, 1, 0, 0, 0, 0, 0, 0, 0, 0, 0, 0, 0, 0, 0, 0, 0, 0, 0, 0, 0, 0, 0, 0, 0, 0, 0, 0, 0, 0, 0, 0, 0, 0, 0, 0, 0, 0, 0, 0, 0, 0, 1, 0, 0, 0, 0, 0, 0, 0, 0, 0, 0, 0, 0, 0, 0, 0, 0, 0, 0, 0, 0, 0, 0, 0, 0, 0, 0, 0, 1, 0, 0, 0, 0, 0, 0, 0, 0, 0, 0, 0, 0, 0, 0, 0, 0, 0, 0, 0, 0, 0, 0, 1, 0, 0, 0, 0, 0, 0, 0, 0, 0, 0, 0, 0, 0, 0, 0, 0, 0, 0, 1, 0, 0, 0, 0, 0, 0, 0, 0, 0, 0, 0, 0, 0, 0, 0, 0, 0, 0, 0, 0, 0, 0, 0, 0, 0, 0, 0, 0, 0, 0, 0, 0, 0, 0, 1, 0, 0, 0, 0, 0, 0, 0, 0, 0, 0, 0, 0, 0, 0, 0, 0, 0, 0, 0, 0, 0, 0, 0, 0, 0, 0, 0, 0, 0, 0, 0, 0, 0, 0, 0, 0, 0, 0, 0, 0, 0, 0, 0, 0, 0, 0, 0, 0, 0, 0, 0, 0, 0, 0, 0, 0, 0, 0, 0, 1, 0, 1, 0, 0, 0, 0, 0, 0, 0, 0, 0, 0, 0, 0, 0, 0, 0, 0, 0, 0, 0, 0, 0, 0, 0, 0, 0, 0, 0, 0, 0, 0, 0, 0, 0, 0, 0, 0, 0, 0, 0, 0, 0, 0, 0, 0, 0, 0, 0, 0, 0, 0, 0, 0, 0, 0, 0, 0, 0, 0, 0, 0, 0, 0, 0, 0, 0, 0, 0, 0, 0, 0, 0, 0, 0, 0, 0, 0, 0, 0, 0, 0, 1, 0, 0, 0, 0, 0, 0, 0, 0, 1, 0, 0, 0, 0, 0, 0, 0, 0, 0, 0, 0, 0, 0, 0, 0, 0, 0, 0, 0, 0, 0, 0, 0, 0, 0, 0, 0, 0, 0, 0, 0, 0, 0, 0, 0, 0, 0, 0, 0, 0, 0, 0, 0, 0, 0, 0, 0, 0, 0, 0, 1, 0, 0, 0, 0, 0, 0, 0, 0, 1, 0, 0, 0, 0, 0, 0, 0, 0, 0, 0, 0, 0, 0, 0, 0, 0, 0, 0, 0, 0, 0, 0, 0, 0, 0, 0, 0, 0, 0, 0, 0, 0, 0, 0, 0, 0, 0, 0, 0, 0, 0, 0, 0, 0, 0, 0, 0, 1, 0, 0, 0, 0, 0, 0, 0, 0, 0, 0, 0, 1, 0, 0, 0, 0, 0, 0, 0, 0, 0, 0, 0, 0, 0, 0, 0, 0, 0, 0, 0, 0, 0, 0, 1, 0, 0]
E = [9, 9, 120, 9, 9, 9, 9, 120, 9, 450, 9, 120, 9, 9, 9, 9, 9, 9, 120, 120, 50, 9, 9, 9, 9, 450, 120, 9, 450, 120, 450, 9, 9, 120, 120, 50, 50, 50, 9, 120, 450, 50, 450, 50, 50, 50, 50, 450, 50, 50, 50, 101, 50, 50, 101, 155, 50, 50, 78, 50, 50, 50, 50, 50, 450, 78, 78, 78, 155, 50, 50, 78, 78, 78, 78, 50, 78, 78, 78, 78, 155, 450, 78, 78, 120, 120, 101, 101, 101, 101, 101, 101, 101, 101, 101, 101, 101, 450, 450, 101, 101, 101, 9, 101, 101, 101, 120, 120, 101, 101, 9, 450, 120, 120, 120, 450, 120, 120, 120, 120, 120, 101, 120, 120, 120, 120, 120, 120, 120, 120, 120, 120, 120, 120, 120, 120, 120, 120, 155, 120, 155, 155, 155, 155, 155, 155, 155, 155, 155, 155, 155, 155, 155, 155, 155, 155, 155, 155, 155, 450, 155, 155, 155, 155, 155, 78, 78, 78, 78, 78, 78, 78, 78, 450, 307, 450, 78, 78, 78, 78, 78, 78, 9, 78, 78, 78, 78, 78, 78, 78, 78, 217, 217, 217, 217, 215, 215, 215, 215, 217, 217, 215, 215, 215, 217, 215, 217, 217, 215, 215, 217, 217, 215, 215, 215, 215, 217, 217, 215, 215, 215, 215, 215, 217, 217, 217, 215, 215, 215, 215, 215, 217, 215, 217, 215, 215, 215, 215, 217, 215, 215, 215, 215, 215, 217, 217, 217, 217, 217, 217, 9, 9, 9, 450, 450, 450, 9, 50, 450, 450, 9, 101, 450, 450, 450, 450, 450, 450, 450, 450, 450, 450, 450, 450, 450, 155, 155, 298, 298, 155, 298, 298, 298, 307, 307, 307, 307, 307, 307, 307, 307, 298, 298, 298, 298, 298, 298, 298, 298, 298, 307, 298, 307, 307, 307, 307, 307, 307, 307, 307, 307, 307, 307, 307, 307, 307, 298, 298, 298, 298, 298, 298, 298, 358, 307, 298, 307, 307, 307, 307, 307, 367, 307, 307, 358, 358, 358, 358, 358, 358, 358, 358, 358, 358, 358, 358, 367, 367, 367, 367, 367, 367, 367, 367, 367, 358, 358, 358, 358, 358, 367, 367, 367, 367, 367, 367, 367, 367, 367, 367, 367, 358, 358, 358, 358, 358, 358, 358, 415, 415, 415, 415, 367, 367, 367, 367, 367, 415, 415, 415, 415, 415, 415, 415, 415, 415, 358, 427, 427, 427, 427, 427, 427, 358, 427, 427, 427, 427, 427, 427, 427, 427, 415, 415, 415, 415, 415, 415, 415, 415, 415, 415, 415, 415, 427, 427, 427, 427, 427, 427, 427, 427, 427, 427, 415, 415, 415, 415, 427, 427, 427, 427, 427, 427, 427, 427, 50, 101, 50, 450, 215, 217]
