n° iter       = 600 
neighborhood_structure = [2] 
Prioridad     = 10 
balance       = 0.5 
Len_N         = 3 
N° clusters   = 15 
N° estaciones = 452 
N° mejoras    = 20
N° iter completadas  = 169
1° FO         = 334816.0
FO            = 274661
Centros       = [20, 22, 66, 101, 141, 180, 218, 221, 299, 330, 360, 382, 407, 435, 450]
Objs= Any[334816.0, 334816.0, 331220, 331220, 317335, 306747, 306747, 306747, 305378, 305378, 303138, 289372, 289372, 289372, 285775, 285775, 284788, 284788, 284788, 283052, 283052, 283052, 283052, 282952, 282952, 282952, 282952, 282952, 282952, 282590, 282590, 281842, 281268, 279475, 279475, 279475, 279475, 279475, 279475, 279475, 279371, 279371, 279371, 278390, 278390, 278390, 278390, 278390, 278390, 277658, 277658, 277658, 277658, 277658, 277658, 277658, 277658, 277658, 277658, 277658, 277658, 277658, 277658, 276876, 276876, 276876, 276876, 276876, 276876, 276876, 276652, 276652, 276652, 276652, 276652, 276652, 276652, 274661, 274661, 274661, 274661, 274661, 274661, 274661, 274661, 274661, 274661, 274661, 274661, 274661, 274661, 274661, 274661, 274661, 274661, 274661, 274661, 274661, 274661, 274661, 274661, 274661, 274661, 274661, 274661, 274661, 274661, 274661, 274661, 274661, 274661, 274661, 274661, 274661, 274661, 274661, 274661, 274661, 274661, 274661, 274661, 274661, 274661, 274661, 274661, 274661, 274661, 274661, 274661, 274661, 274661, 274661, 274661, 274661, 274661, 274661, 274661, 274661, 274661, 274661, 274661, 274661, 274661, 274661, 274661, 274661, 274661, 274661, 274661, 274661, 274661, 274661, 274661, 274661, 274661, 274661, 274661, 274661, 274661, 274661, 274661, 274661, 274661, 274661, 274661, 274661, 274661, 274661, 274661, 274661]
current_obj = [341106.0, 331220.0, 338455.0, 317335.0, 306747.0, 307641.0, 307290.0, 305378.0, 308183.0, 303138.0, 289372.0, 296453.0, 290843.0, 285775.0, 290352.0, 284788.0, 285423.0, 289989.0, 283052.0, 285092.0, 286767.0, 285638.0, 282952.0, 290237.0, 283211.0, 285748.0, 292774.0, 286788.0, 282590.0, 284332.0, 281842.0, 281268.0, 279475.0, 283442.0, 282039.0, 285488.0, 280982.0, 295088.0, 289731.0, 279371.0, 280753.0, 283191.0, 278390.0, 281318.0, 282159.0, 282278.0, 287952.0, 283650.0, 277658.0, 283481.0, 283377.0, 288520.0, 280751.0, 280448.0, 285714.0, 281934.0, 284943.0, 285373.0, 282278.0, 283356.0, 282734.0, 280358.0, 276876.0, 280716.0, 283433.0, 278579.0, 279117.0, 280687.0, 280275.0, 276652.0, 279653.0, 280142.0, 279078.0, 277470.0, 277310.0, 279145.0, 274661.0, 286056.0, 275815.0, 280574.0, 277414.0, 287122.0, 282208.0, 278643.0, 278781.0, 278676.0, 278981.0, 277619.0, 285492.0, 282997.0, 279685.0, 278124.0, 282499.0, 276659.0, 277662.0, 276278.0, 282424.0, 280509.0, 279041.0, 277618.0, 280416.0, 283965.0, 280131.0, 276877.0, 280900.0, 279405.0, 277267.0, 280251.0, 275512.0, 279009.0, 280002.0, 279051.0, 277859.0, 277412.0, 278062.0, 284385.0, 279055.0, 275460.0, 278878.0, 275274.0, 281052.0, 282592.0, 275588.0, 278981.0, 276277.0, 281883.0, 277051.0, 275040.0, 278995.0, 283109.0, 278735.0, 279690.0, 280832.0, 275738.0, 279954.0, 286963.0, 277052.0, 276002.0, 280780.0, 279487.0, 280122.0, 284940.0, 275691.0, 277784.0, 282444.0, 280082.0, 275734.0, 277309.0, 279398.0, 280726.0, 281698.0, 277210.0, 276655.0, 279167.0, 283880.0, 278621.0, 277724.0, 280979.0, 278920.0, 281988.0, 277200.0, 277027.0, 281072.0, 275397.0, 280187.0, 275870.0, 276159.0, 275213.0, 277394.0, 277612.0, 0.0, 0.0, 0.0, 0.0, 0.0, 0.0, 0.0, 0.0, 0.0, 0.0, 0.0, 0.0, 0.0, 0.0, 0.0, 0.0, 0.0, 0.0, 0.0, 0.0, 0.0, 0.0, 0.0, 0.0, 0.0, 0.0, 0.0, 0.0, 0.0, 0.0, 0.0, 0.0, 0.0, 0.0, 0.0, 0.0, 0.0, 0.0, 0.0, 0.0, 0.0, 0.0, 0.0, 0.0, 0.0, 0.0, 0.0, 0.0, 0.0, 0.0, 0.0, 0.0, 0.0, 0.0, 0.0, 0.0, 0.0, 0.0, 0.0, 0.0, 0.0, 0.0, 0.0, 0.0, 0.0, 0.0, 0.0, 0.0, 0.0, 0.0, 0.0, 0.0, 0.0, 0.0, 0.0, 0.0, 0.0, 0.0, 0.0, 0.0, 0.0, 0.0, 0.0, 0.0, 0.0, 0.0, 0.0, 0.0, 0.0, 0.0, 0.0, 0.0, 0.0, 0.0, 0.0, 0.0, 0.0, 0.0, 0.0, 0.0, 0.0, 0.0, 0.0, 0.0, 0.0, 0.0, 0.0, 0.0, 0.0, 0.0, 0.0, 0.0, 0.0, 0.0, 0.0, 0.0, 0.0, 0.0, 0.0, 0.0, 0.0, 0.0, 0.0, 0.0, 0.0, 0.0, 0.0, 0.0, 0.0, 0.0, 0.0, 0.0, 0.0, 0.0, 0.0, 0.0, 0.0, 0.0, 0.0, 0.0, 0.0, 0.0, 0.0, 0.0, 0.0, 0.0, 0.0, 0.0, 0.0, 0.0, 0.0, 0.0, 0.0, 0.0, 0.0, 0.0, 0.0, 0.0, 0.0, 0.0, 0.0, 0.0, 0.0, 0.0, 0.0, 0.0, 0.0, 0.0, 0.0, 0.0, 0.0, 0.0, 0.0, 0.0, 0.0, 0.0, 0.0, 0.0, 0.0, 0.0, 0.0, 0.0, 0.0, 0.0, 0.0, 0.0, 0.0, 0.0, 0.0, 0.0, 0.0, 0.0, 0.0, 0.0, 0.0, 0.0, 0.0, 0.0, 0.0, 0.0, 0.0, 0.0, 0.0, 0.0, 0.0, 0.0, 0.0, 0.0, 0.0, 0.0, 0.0, 0.0, 0.0, 0.0, 0.0, 0.0, 0.0, 0.0, 0.0, 0.0, 0.0, 0.0, 0.0, 0.0, 0.0, 0.0, 0.0, 0.0, 0.0, 0.0, 0.0, 0.0, 0.0, 0.0, 0.0, 0.0, 0.0, 0.0, 0.0, 0.0, 0.0, 0.0, 0.0, 0.0, 0.0, 0.0, 0.0, 0.0, 0.0, 0.0, 0.0, 0.0, 0.0, 0.0, 0.0, 0.0, 0.0, 0.0, 0.0, 0.0, 0.0, 0.0, 0.0, 0.0, 0.0, 0.0, 0.0, 0.0, 0.0, 0.0, 0.0, 0.0, 0.0, 0.0, 0.0, 0.0, 0.0, 0.0, 0.0, 0.0, 0.0, 0.0, 0.0, 0.0, 0.0, 0.0, 0.0, 0.0, 0.0, 0.0, 0.0, 0.0, 0.0, 0.0, 0.0, 0.0, 0.0, 0.0, 0.0, 0.0, 0.0, 0.0, 0.0, 0.0, 0.0, 0.0, 0.0, 0.0, 0.0, 0.0, 0.0, 0.0, 0.0, 0.0, 0.0, 0.0, 0.0, 0.0, 0.0, 0.0, 0.0, 0.0, 0.0, 0.0, 0.0, 0.0, 0.0, 0.0, 0.0, 0.0, 0.0, 0.0, 0.0, 0.0, 0.0, 0.0, 0.0, 0.0, 0.0, 0.0, 0.0, 0.0, 0.0, 0.0, 0.0, 0.0, 0.0, 0.0, 0.0, 0.0, 0.0, 0.0, 0.0, 0.0, 0.0, 0.0, 0.0, 0.0, 0.0, 0.0, 0.0, 0.0, 0.0, 0.0, 0.0, 0.0, 0.0, 0.0, 0.0, 0.0, 0.0, 0.0, 0.0, 0.0, 0.0, 0.0, 0.0, 0.0, 0.0, 0.0, 0.0, 0.0, 0.0, 0.0, 0.0, 0.0, 0.0, 0.0, 0.0, 0.0, 0.0, 0.0, 0.0, 0.0, 0.0, 0.0, 0.0, 0.0, 0.0, 0.0, 0.0, 0.0, 0.0, 0.0, 0.0, 0.0, 0.0, 0.0, 0.0, 0.0, 0.0, 0.0, 0.0, 0.0, 0.0, 0.0, 0.0, 0.0, 0.0, 0.0, 0.0, 0.0, 0.0, 0.0, 0.0, 0.0, 0.0, 0.0, 0.0, 0.0]
cong_K= Any[2, 2, 2, 2, 2, 2, 2, 2, 2, 2, 2, 2, 2, 2, 2, 2, 2, 2, 2, 2] 
obj_k= Any[331220, 317335, 306747, 305378, 303138, 289372, 285775, 284788, 283052, 282952, 282590, 281842, 281268, 279475, 279371, 278390, 277658, 276876, 276652, 274661] 
iter_obj = Any[2, 4, 5, 8, 10, 11, 14, 16, 19, 23, 29, 31, 32, 33, 40, 43, 49, 63, 70, 77] 
avgClusterDiam = 1982.2 
maxClusterDiam = 2346.0 
clusterDiamete = [2324.0; 1806.0; 2087.0; 1982.0; 2040.0; 1964.0; 1971.0; 2263.0; 2153.0; 2132.0; 1909.0; 1687.0; 1756.0; 1313.0; 2346.0]   
C = [0, 0, 0, 0, 0, 0, 0, 0, 0, 0, 0, 0, 0, 0, 0, 0, 0, 0, 0, 1, 0, 1, 0, 0, 0, 0, 0, 0, 0, 0, 0, 0, 0, 0, 0, 0, 0, 0, 0, 0, 0, 0, 0, 0, 0, 0, 0, 0, 0, 0, 0, 0, 0, 0, 0, 0, 0, 0, 0, 0, 0, 0, 0, 0, 0, 1, 0, 0, 0, 0, 0, 0, 0, 0, 0, 0, 0, 0, 0, 0, 0, 0, 0, 0, 0, 0, 0, 0, 0, 0, 0, 0, 0, 0, 0, 0, 0, 0, 0, 0, 1, 0, 0, 0, 0, 0, 0, 0, 0, 0, 0, 0, 0, 0, 0, 0, 0, 0, 0, 0, 0, 0, 0, 0, 0, 0, 0, 0, 0, 0, 0, 0, 0, 0, 0, 0, 0, 0, 0, 0, 1, 0, 0, 0, 0, 0, 0, 0, 0, 0, 0, 0, 0, 0, 0, 0, 0, 0, 0, 0, 0, 0, 0, 0, 0, 0, 0, 0, 0, 0, 0, 0, 0, 0, 0, 0, 0, 0, 0, 1, 0, 0, 0, 0, 0, 0, 0, 0, 0, 0, 0, 0, 0, 0, 0, 0, 0, 0, 0, 0, 0, 0, 0, 0, 0, 0, 0, 0, 0, 0, 0, 0, 0, 0, 0, 0, 0, 1, 0, 0, 1, 0, 0, 0, 0, 0, 0, 0, 0, 0, 0, 0, 0, 0, 0, 0, 0, 0, 0, 0, 0, 0, 0, 0, 0, 0, 0, 0, 0, 0, 0, 0, 0, 0, 0, 0, 0, 0, 0, 0, 0, 0, 0, 0, 0, 0, 0, 0, 0, 0, 0, 0, 0, 0, 0, 0, 0, 0, 0, 0, 0, 0, 0, 0, 0, 0, 0, 0, 0, 0, 0, 0, 0, 0, 0, 0, 0, 0, 1, 0, 0, 0, 0, 0, 0, 0, 0, 0, 0, 0, 0, 0, 0, 0, 0, 0, 0, 0, 0, 0, 0, 0, 0, 0, 0, 0, 0, 0, 0, 1, 0, 0, 0, 0, 0, 0, 0, 0, 0, 0, 0, 0, 0, 0, 0, 0, 0, 0, 0, 0, 0, 0, 0, 0, 0, 0, 0, 0, 0, 1, 0, 0, 0, 0, 0, 0, 0, 0, 0, 0, 0, 0, 0, 0, 0, 0, 0, 0, 0, 0, 0, 1, 0, 0, 0, 0, 0, 0, 0, 0, 0, 0, 0, 0, 0, 0, 0, 0, 0, 0, 0, 0, 0, 0, 0, 0, 1, 0, 0, 0, 0, 0, 0, 0, 0, 0, 0, 0, 0, 0, 0, 0, 0, 0, 0, 0, 0, 0, 0, 0, 0, 0, 0, 0, 1, 0, 0, 0, 0, 0, 0, 0, 0, 0, 0, 0, 0, 0, 0, 1, 0, 0]
E = [20, 22, 20, 22, 22, 20, 22, 20, 22, 450, 20, 20, 22, 22, 22, 22, 22, 20, 20, 20, 22, 22, 22, 22, 22, 450, 20, 22, 450, 20, 20, 22, 22, 22, 22, 22, 22, 22, 22, 22, 450, 22, 450, 22, 22, 22, 141, 450, 22, 66, 22, 101, 66, 66, 101, 141, 66, 66, 141, 66, 180, 66, 66, 141, 450, 66, 66, 66, 180, 180, 66, 66, 66, 66, 66, 180, 66, 66, 180, 180, 180, 450, 180, 180, 20, 20, 101, 101, 101, 101, 101, 101, 101, 101, 101, 101, 101, 450, 450, 101, 101, 101, 20, 101, 101, 101, 20, 20, 101, 101, 20, 450, 20, 20, 20, 450, 20, 20, 20, 20, 20, 101, 20, 141, 20, 141, 141, 141, 141, 141, 141, 141, 141, 141, 141, 141, 141, 141, 141, 141, 141, 141, 141, 141, 141, 180, 141, 141, 141, 141, 141, 180, 180, 180, 141, 180, 180, 141, 141, 20, 180, 180, 141, 180, 180, 66, 66, 180, 180, 66, 180, 66, 180, 450, 180, 450, 66, 66, 180, 180, 180, 180, 20, 66, 66, 66, 66, 66, 66, 66, 66, 218, 221, 22, 218, 218, 221, 221, 221, 218, 218, 221, 221, 218, 218, 221, 218, 218, 221, 221, 218, 218, 221, 221, 221, 221, 218, 218, 221, 221, 221, 221, 218, 218, 218, 218, 221, 221, 221, 221, 218, 218, 221, 218, 221, 221, 221, 221, 218, 221, 221, 221, 221, 218, 218, 218, 218, 22, 22, 22, 22, 22, 22, 20, 20, 20, 20, 66, 450, 450, 22, 101, 20, 450, 450, 450, 450, 450, 450, 450, 450, 450, 450, 450, 450, 299, 299, 299, 299, 299, 299, 299, 299, 180, 180, 330, 330, 330, 180, 180, 299, 299, 299, 299, 299, 299, 299, 299, 299, 299, 299, 299, 299, 299, 330, 330, 330, 330, 330, 330, 330, 330, 330, 330, 299, 299, 299, 299, 299, 299, 299, 299, 299, 299, 299, 330, 330, 330, 330, 330, 330, 330, 330, 330, 360, 360, 360, 360, 360, 360, 360, 360, 360, 360, 360, 360, 330, 330, 330, 330, 330, 330, 382, 382, 382, 360, 360, 360, 360, 360, 382, 382, 382, 330, 330, 382, 382, 382, 382, 382, 382, 360, 360, 360, 360, 360, 360, 360, 382, 382, 382, 382, 382, 382, 382, 382, 382, 382, 382, 382, 382, 382, 382, 382, 382, 435, 360, 407, 360, 360, 407, 407, 407, 407, 407, 407, 407, 407, 407, 407, 407, 407, 435, 435, 382, 382, 382, 382, 382, 382, 382, 435, 435, 435, 435, 435, 407, 407, 407, 407, 407, 407, 435, 435, 435, 435, 435, 435, 435, 435, 435, 407, 407, 407, 407, 407, 22, 101, 22, 450, 221, 218]
