n° iter       = 600 
neighborhood_structure = [1 2 3] 
Prioridad     = 10 
balance       = 0.5 
Len_N         = 1 
N° clusters   = 15 
N° estaciones = 452 
N° mejoras    = 43
N° iter completadas  = 600
1° FO         = 328385.0
FO            = 268272
Centros       = [12, 22, 72, 87, 134, 161, 212, 221, 265, 299, 308, 358, 362, 415, 428]
Objs= Any[328385.0, 326106, 326106, 324916, 324916, 318344, 315628, 315628, 315628, 305241, 296343, 294858, 294858, 292228, 292228, 292053, 292053, 290947, 290947, 290947, 290947, 290947, 290947, 290947, 289632, 286884, 286884, 286884, 286884, 284491, 284491, 284491, 284491, 282547, 282547, 282547, 282547, 282547, 282112, 282112, 282112, 282112, 282112, 280906, 280906, 280906, 280906, 280906, 280906, 280717, 280717, 280717, 280346, 280346, 280346, 280346, 280346, 280346, 280346, 280013, 279198, 279198, 278688, 278688, 278688, 278688, 278688, 278688, 278688, 278688, 278688, 278688, 278688, 275977, 275977, 275977, 275977, 275977, 275977, 275977, 275977, 275977, 275977, 275977, 275977, 274885, 274885, 274885, 274885, 274885, 274885, 274885, 274885, 274885, 274885, 274795, 274582, 274582, 274582, 274582, 274582, 274582, 274582, 274582, 274582, 274582, 274582, 274582, 274582, 274582, 274563, 274563, 274563, 274563, 274563, 274563, 274563, 274563, 274563, 274563, 274563, 274563, 274563, 274563, 274563, 274563, 274563, 274563, 274563, 274563, 274563, 274563, 274563, 274563, 274563, 274563, 274563, 274563, 274563, 274563, 274563, 274563, 274563, 273834, 273834, 273834, 273834, 273834, 273834, 273834, 273834, 273834, 273834, 273834, 273834, 273834, 273834, 273834, 273834, 273497, 273497, 273497, 273497, 273497, 273497, 273497, 273497, 273497, 273497, 273497, 273497, 272985, 272985, 272985, 272985, 272985, 272985, 272985, 272985, 272985, 272985, 272985, 272985, 272985, 272985, 272985, 272985, 272985, 272985, 272985, 272985, 272985, 272985, 272985, 272985, 272985, 272985, 272985, 272985, 272985, 272985, 272985, 272985, 272985, 272985, 272985, 272985, 272985, 272985, 272985, 272985, 272985, 272985, 272985, 272985, 272985, 272985, 272985, 272985, 272985, 272867, 272867, 272867, 272867, 272867, 272867, 272867, 272867, 272867, 272867, 272867, 272867, 272867, 272867, 272867, 272867, 272867, 272867, 272867, 272867, 272867, 272867, 272867, 272867, 272867, 272867, 272867, 272867, 272867, 272867, 272867, 272867, 272867, 272867, 272867, 272867, 272867, 272867, 272867, 272867, 272867, 272867, 272867, 272867, 272867, 272867, 272867, 272867, 272867, 272867, 272867, 272867, 272867, 272867, 272867, 272867, 272867, 272867, 272867, 272867, 272867, 272867, 272867, 272867, 272867, 272867, 272294, 272294, 272294, 272294, 272294, 272294, 272294, 272294, 272294, 272294, 272294, 272294, 272294, 272294, 272294, 272294, 272294, 272294, 272294, 272294, 272294, 272294, 272294, 272294, 272294, 272294, 272294, 272294, 272294, 272294, 272294, 272294, 272294, 272294, 272294, 272294, 272294, 272294, 272248, 272248, 272248, 272248, 272248, 272248, 272248, 272248, 272248, 272248, 272248, 272248, 272248, 272248, 272248, 272248, 272248, 272248, 272248, 272248, 272248, 272248, 272248, 272248, 272248, 272248, 272248, 272248, 272248, 272248, 272248, 272248, 272248, 272248, 272248, 272248, 272248, 272248, 272248, 272248, 272248, 272248, 272248, 272248, 272248, 272248, 272248, 272248, 272248, 272248, 272248, 272248, 272248, 272248, 272248, 271042, 271042, 271042, 271042, 270520, 270520, 270520, 270520, 270520, 270520, 270520, 270520, 270520, 270520, 270520, 270520, 270520, 270520, 270520, 270520, 270520, 270511, 270511, 270511, 270511, 270511, 270511, 270511, 270511, 270511, 270511, 270511, 270511, 270511, 270511, 270511, 270511, 270511, 270511, 270511, 270511, 270511, 270511, 270511, 270511, 270511, 270511, 270511, 270511, 270511, 270511, 270511, 270511, 270115, 270115, 270115, 270115, 270115, 270115, 270115, 270115, 270115, 270115, 270115, 270115, 270115, 270115, 270115, 270115, 270115, 270115, 270115, 270115, 270115, 270115, 270115, 270115, 270115, 270115, 270115, 270115, 270115, 270115, 270115, 270115, 270115, 270115, 270115, 270050, 270050, 270050, 270050, 270050, 270050, 270050, 270050, 270050, 270050, 270050, 270050, 270050, 270050, 270050, 270050, 269631, 269631, 269631, 269631, 269631, 269631, 269050, 269050, 269050, 269050, 269050, 269050, 269050, 269050, 269050, 269050, 269050, 269050, 269050, 268702, 268702, 268702, 268702, 268702, 268702, 268702, 268702, 268702, 268702, 268702, 268328, 268328, 268328, 268328, 268328, 268328, 268328, 268328, 268328, 268328, 268328, 268328, 268328, 268328, 268328, 268328, 268328, 268328, 268328, 268328, 268328, 268328, 268328, 268328, 268328, 268328, 268328, 268283, 268283, 268283, 268283, 268283, 268283, 268283, 268283, 268272, 268272, 268272, 268272, 268272, 268272, 268272, 268272, 268272, 268272, 268272, 268272, 268272, 268272, 268272, 268272, 268272, 268272, 268272, 268272, 268272, 268272, 268272, 268272, 268272, 268272, 268272, 268272, 268272, 268272, 268272, 268272, 268272, 268272, 268272, 268272, 268272, 268272, 268272, 268272, 268272, 268272, 268272, 268272, 268272, 268272, 268272, 268272, 268272, 268272, 268272, 268272]
current_obj = [326106.0, 329802.0, 324916.0, 326365.0, 318344.0, 315628.0, 316022.0, 318940.0, 305241.0, 296343.0, 294858.0, 301552.0, 292228.0, 294634.0, 292053.0, 295485.0, 290947.0, 295622.0, 294521.0, 292599.0, 292374.0, 292337.0, 292388.0, 289632.0, 286884.0, 288808.0, 293028.0, 289632.0, 284491.0, 287833.0, 286979.0, 294166.0, 282547.0, 287192.0, 283245.0, 283600.0, 285406.0, 282112.0, 289954.0, 283869.0, 287799.0, 282790.0, 280906.0, 290151.0, 285883.0, 281694.0, 292699.0, 286563.0, 280717.0, 285759.0, 282199.0, 280346.0, 280552.0, 283936.0, 285809.0, 281683.0, 283912.0, 282373.0, 280013.0, 279198.0, 283771.0, 278688.0, 282519.0, 280233.0, 280190.0, 280565.0, 282875.0, 279439.0, 285415.0, 281267.0, 279751.0, 284853.0, 275977.0, 279574.0, 277591.0, 283811.0, 276454.0, 280071.0, 276438.0, 277819.0, 276438.0, 279718.0, 278115.0, 281382.0, 274885.0, 277926.0, 280815.0, 277399.0, 279157.0, 280556.0, 275473.0, 280845.0, 278744.0, 279064.0, 274795.0, 274582.0, 283913.0, 274795.0, 277539.0, 274961.0, 277760.0, 278401.0, 275272.0, 275788.0, 276632.0, 275107.0, 276372.0, 277623.0, 278031.0, 274563.0, 276943.0, 276352.0, 281020.0, 281932.0, 276520.0, 277789.0, 284909.0, 277918.0, 278112.0, 281578.0, 275838.0, 276236.0, 278112.0, 276849.0, 276520.0, 281670.0, 278254.0, 282219.0, 279841.0, 277991.0, 276265.0, 275285.0, 277373.0, 279356.0, 276222.0, 274836.0, 279843.0, 282223.0, 274872.0, 283913.0, 279018.0, 280038.0, 273834.0, 279414.0, 276416.0, 275946.0, 279728.0, 282259.0, 277324.0, 283326.0, 274951.0, 276948.0, 279643.0, 280101.0, 277296.0, 278663.0, 277650.0, 278663.0, 273497.0, 278663.0, 279277.0, 278925.0, 278959.0, 275263.0, 276165.0, 274011.0, 273531.0, 279867.0, 277104.0, 276611.0, 272985.0, 273957.0, 278456.0, 274446.0, 275872.0, 275787.0, 275219.0, 274594.0, 277065.0, 274039.0, 277694.0, 274687.0, 273137.0, 275328.0, 277203.0, 278500.0, 277376.0, 273902.0, 277215.0, 274302.0, 273497.0, 279534.0, 273788.0, 278046.0, 276801.0, 274598.0, 281356.0, 274124.0, 276319.0, 273094.0, 276339.0, 280237.0, 276947.0, 277747.0, 280268.0, 274227.0, 274398.0, 273832.0, 273004.0, 274962.0, 273902.0, 273937.0, 274912.0, 279563.0, 273448.0, 277969.0, 278672.0, 276592.0, 276807.0, 272867.0, 277445.0, 279121.0, 280084.0, 273992.0, 278547.0, 272985.0, 278625.0, 274329.0, 273727.0, 273330.0, 278591.0, 275675.0, 278373.0, 274749.0, 273010.0, 275230.0, 275154.0, 275233.0, 279692.0, 275978.0, 280565.0, 273784.0, 273537.0, 273114.0, 274360.0, 278515.0, 274372.0, 275910.0, 282528.0, 275180.0, 281174.0, 278190.0, 278209.0, 276447.0, 273070.0, 276629.0, 274838.0, 275042.0, 280510.0, 281721.0, 276026.0, 276860.0, 279848.0, 274631.0, 275354.0, 275534.0, 273357.0, 278789.0, 275460.0, 274403.0, 276855.0, 273896.0, 275225.0, 275862.0, 274187.0, 274658.0, 274245.0, 276283.0, 273682.0, 278128.0, 275969.0, 273673.0, 280851.0, 274744.0, 277787.0, 272294.0, 274046.0, 272718.0, 276818.0, 279171.0, 278595.0, 273691.0, 274023.0, 278131.0, 280130.0, 275420.0, 276919.0, 275254.0, 277158.0, 275709.0, 273926.0, 273459.0, 276605.0, 275312.0, 273527.0, 274815.0, 276947.0, 275984.0, 272748.0, 275346.0, 275084.0, 275431.0, 278033.0, 277106.0, 272412.0, 277835.0, 273626.0, 274815.0, 274265.0, 273171.0, 272509.0, 274280.0, 277434.0, 272248.0, 274097.0, 277254.0, 277534.0, 275420.0, 277019.0, 272346.0, 274601.0, 275411.0, 273402.0, 273721.0, 272672.0, 273710.0, 275466.0, 272626.0, 276820.0, 283682.0, 275562.0, 278518.0, 272549.0, 274547.0, 277035.0, 274699.0, 274034.0, 274719.0, 274599.0, 272760.0, 273862.0, 275433.0, 278327.0, 286499.0, 276163.0, 277860.0, 278383.0, 277084.0, 279403.0, 273421.0, 273373.0, 274719.0, 274369.0, 275804.0, 275266.0, 272851.0, 275938.0, 277941.0, 274097.0, 272294.0, 278181.0, 273568.0, 275823.0, 275527.0, 275975.0, 277320.0, 272927.0, 277789.0, 271042.0, 273316.0, 278047.0, 277453.0, 270520.0, 274600.0, 271877.0, 273557.0, 280633.0, 270667.0, 271042.0, 276103.0, 276724.0, 270974.0, 276901.0, 273538.0, 273572.0, 271523.0, 275156.0, 272385.0, 271959.0, 270511.0, 271260.0, 275788.0, 276987.0, 272535.0, 273778.0, 275344.0, 276082.0, 274573.0, 272100.0, 270606.0, 273574.0, 271542.0, 271145.0, 273381.0, 272376.0, 273813.0, 274534.0, 276300.0, 271526.0, 270780.0, 275629.0, 273217.0, 274026.0, 275539.0, 275020.0, 270579.0, 272437.0, 271109.0, 272044.0, 270660.0, 276928.0, 270115.0, 272263.0, 271102.0, 274850.0, 274227.0, 273197.0, 274624.0, 272811.0, 275359.0, 274101.0, 271408.0, 271943.0, 274624.0, 280699.0, 271004.0, 283132.0, 274840.0, 273167.0, 274805.0, 273176.0, 271841.0, 275827.0, 272387.0, 275325.0, 270392.0, 273397.0, 279047.0, 274046.0, 272917.0, 272969.0, 276510.0, 273946.0, 275325.0, 278130.0, 273447.0, 270050.0, 271177.0, 272764.0, 273125.0, 275257.0, 276307.0, 274103.0, 276913.0, 271375.0, 272332.0, 276424.0, 271307.0, 275373.0, 272198.0, 272946.0, 275168.0, 269631.0, 271661.0, 271264.0, 270347.0, 271927.0, 275926.0, 269050.0, 273280.0, 270273.0, 270209.0, 270997.0, 274099.0, 270001.0, 271313.0, 270001.0, 276262.0, 272857.0, 274955.0, 274690.0, 268702.0, 269065.0, 269609.0, 269642.0, 269210.0, 271940.0, 272023.0, 273928.0, 269421.0, 268881.0, 273344.0, 268328.0, 282149.0, 273497.0, 276876.0, 268928.0, 272547.0, 272849.0, 271688.0, 273481.0, 272820.0, 273018.0, 279614.0, 281751.0, 273813.0, 271264.0, 272064.0, 269053.0, 270019.0, 271320.0, 272100.0, 269644.0, 275445.0, 276334.0, 272454.0, 272010.0, 271699.0, 271597.0, 268283.0, 269359.0, 269639.0, 268427.0, 274362.0, 277883.0, 277431.0, 273467.0, 268272.0, 268671.0, 272920.0, 269074.0, 270064.0, 270708.0, 274916.0, 271462.0, 277853.0, 272383.0, 275309.0, 271973.0, 270468.0, 272917.0, 278049.0, 272333.0, 273648.0, 270666.0, 269924.0, 269281.0, 273616.0, 270219.0, 273526.0, 272992.0, 270110.0, 273988.0, 273478.0, 280693.0, 271759.0, 271666.0, 269609.0, 273960.0, 274067.0, 274146.0, 278467.0, 271692.0, 275779.0, 269470.0, 269758.0, 276002.0, 279013.0, 276469.0, 272175.0, 272948.0, 278107.0, 276364.0, 275010.0, 273449.0, 272274.0, 273164.0, 274040.0, 275009.0, 272622.0]
cong_K= Any[2, 1, 1, 3, 3, 2, 3, 1, 1, 1, 1, 1, 1, 1, 1, 1, 2, 1, 1, 1, 1, 1, 1, 1, 1, 1, 2, 1, 1, 1, 1, 1, 3, 1, 1, 1, 1, 1, 1, 1, 1, 1, 1] 
obj_k= Any[326106, 324916, 318344, 315628, 305241, 296343, 294858, 292228, 292053, 290947, 289632, 286884, 284491, 282547, 282112, 280906, 280717, 280346, 280013, 279198, 278688, 275977, 274885, 274795, 274582, 274563, 273834, 273497, 272985, 272867, 272294, 272248, 271042, 270520, 270511, 270115, 270050, 269631, 269050, 268702, 268328, 268283, 268272] 
iter_obj = Any[1, 3, 5, 6, 9, 10, 11, 13, 15, 17, 24, 25, 29, 33, 38, 43, 49, 52, 59, 60, 62, 73, 85, 95, 96, 110, 143, 159, 171, 220, 286, 324, 379, 383, 400, 432, 467, 483, 489, 502, 513, 540, 548] 
avgClusterDiam = 1938.2 
maxClusterDiam = 2263.0 
clusterDiamete = [1941.0; 1882.0; 2174.0; 2191.0; 1719.0; 1858.0; 1971.0; 2263.0; 2034.0; 1763.0; 1730.0; 2239.0; 1788.0; 1782.0; 1738.0]   
C = [0, 0, 0, 0, 0, 0, 0, 0, 0, 0, 0, 1, 0, 0, 0, 0, 0, 0, 0, 0, 0, 1, 0, 0, 0, 0, 0, 0, 0, 0, 0, 0, 0, 0, 0, 0, 0, 0, 0, 0, 0, 0, 0, 0, 0, 0, 0, 0, 0, 0, 0, 0, 0, 0, 0, 0, 0, 0, 0, 0, 0, 0, 0, 0, 0, 0, 0, 0, 0, 0, 0, 1, 0, 0, 0, 0, 0, 0, 0, 0, 0, 0, 0, 0, 0, 0, 1, 0, 0, 0, 0, 0, 0, 0, 0, 0, 0, 0, 0, 0, 0, 0, 0, 0, 0, 0, 0, 0, 0, 0, 0, 0, 0, 0, 0, 0, 0, 0, 0, 0, 0, 0, 0, 0, 0, 0, 0, 0, 0, 0, 0, 0, 0, 1, 0, 0, 0, 0, 0, 0, 0, 0, 0, 0, 0, 0, 0, 0, 0, 0, 0, 0, 0, 0, 0, 0, 0, 0, 0, 0, 1, 0, 0, 0, 0, 0, 0, 0, 0, 0, 0, 0, 0, 0, 0, 0, 0, 0, 0, 0, 0, 0, 0, 0, 0, 0, 0, 0, 0, 0, 0, 0, 0, 0, 0, 0, 0, 0, 0, 0, 0, 0, 0, 0, 0, 0, 0, 0, 0, 0, 0, 1, 0, 0, 0, 0, 0, 0, 0, 0, 1, 0, 0, 0, 0, 0, 0, 0, 0, 0, 0, 0, 0, 0, 0, 0, 0, 0, 0, 0, 0, 0, 0, 0, 0, 0, 0, 0, 0, 0, 0, 0, 0, 0, 0, 0, 0, 0, 0, 0, 0, 0, 0, 0, 1, 0, 0, 0, 0, 0, 0, 0, 0, 0, 0, 0, 0, 0, 0, 0, 0, 0, 0, 0, 0, 0, 0, 0, 0, 0, 0, 0, 0, 0, 0, 0, 0, 0, 1, 0, 0, 0, 0, 0, 0, 0, 0, 1, 0, 0, 0, 0, 0, 0, 0, 0, 0, 0, 0, 0, 0, 0, 0, 0, 0, 0, 0, 0, 0, 0, 0, 0, 0, 0, 0, 0, 0, 0, 0, 0, 0, 0, 0, 0, 0, 0, 0, 0, 0, 0, 0, 0, 0, 0, 0, 0, 0, 1, 0, 0, 0, 1, 0, 0, 0, 0, 0, 0, 0, 0, 0, 0, 0, 0, 0, 0, 0, 0, 0, 0, 0, 0, 0, 0, 0, 0, 0, 0, 0, 0, 0, 0, 0, 0, 0, 0, 0, 0, 0, 0, 0, 0, 0, 0, 0, 0, 0, 0, 0, 0, 0, 0, 0, 0, 1, 0, 0, 0, 0, 0, 0, 0, 0, 0, 0, 0, 0, 1, 0, 0, 0, 0, 0, 0, 0, 0, 0, 0, 0, 0, 0, 0, 0, 0, 0, 0, 0, 0, 0, 0, 0, 0]
E = [12, 22, 12, 22, 22, 12, 22, 12, 22, 265, 12, 12, 22, 22, 22, 22, 22, 12, 12, 12, 22, 22, 22, 22, 22, 265, 12, 22, 265, 12, 265, 22, 22, 22, 22, 22, 22, 22, 22, 134, 265, 22, 87, 22, 22, 22, 134, 87, 22, 22, 22, 87, 72, 72, 87, 134, 72, 22, 161, 72, 72, 72, 72, 161, 87, 72, 72, 72, 161, 161, 72, 72, 72, 72, 72, 161, 72, 72, 72, 161, 161, 87, 72, 161, 12, 12, 87, 87, 87, 87, 87, 87, 87, 87, 87, 87, 87, 87, 87, 87, 87, 87, 12, 87, 87, 87, 87, 87, 87, 87, 12, 265, 12, 12, 12, 265, 12, 12, 12, 134, 134, 87, 134, 134, 134, 134, 134, 134, 134, 134, 134, 134, 134, 134, 134, 134, 134, 134, 134, 134, 134, 161, 134, 134, 134, 161, 134, 134, 134, 161, 161, 161, 161, 161, 161, 161, 161, 161, 161, 12, 161, 161, 161, 161, 161, 72, 72, 72, 72, 72, 72, 72, 308, 12, 308, 265, 72, 72, 161, 161, 72, 161, 12, 72, 72, 72, 72, 72, 72, 72, 72, 212, 221, 22, 212, 212, 221, 221, 221, 212, 212, 221, 221, 212, 212, 221, 212, 212, 221, 221, 212, 212, 221, 221, 221, 221, 212, 212, 221, 221, 221, 221, 212, 212, 212, 212, 221, 221, 221, 221, 212, 212, 221, 212, 221, 221, 221, 221, 212, 221, 221, 221, 221, 212, 212, 212, 212, 22, 22, 22, 22, 22, 22, 12, 12, 12, 12, 72, 265, 265, 22, 87, 12, 265, 265, 265, 265, 265, 265, 265, 265, 265, 265, 265, 265, 161, 161, 299, 299, 161, 299, 299, 299, 308, 308, 308, 308, 308, 308, 299, 299, 299, 299, 299, 299, 299, 299, 299, 299, 299, 299, 299, 308, 308, 308, 308, 308, 308, 308, 308, 308, 308, 308, 308, 308, 299, 299, 299, 299, 299, 299, 299, 299, 299, 299, 308, 308, 308, 308, 308, 362, 362, 362, 362, 358, 358, 358, 358, 358, 358, 358, 358, 358, 358, 362, 358, 362, 362, 362, 362, 362, 362, 362, 362, 362, 358, 358, 358, 358, 358, 362, 362, 362, 362, 362, 362, 362, 362, 362, 362, 362, 358, 358, 358, 358, 358, 358, 358, 415, 415, 415, 415, 362, 362, 362, 362, 415, 415, 415, 415, 415, 415, 415, 415, 415, 415, 358, 428, 358, 358, 358, 428, 428, 358, 428, 428, 428, 428, 428, 428, 428, 428, 415, 415, 415, 415, 415, 415, 415, 415, 415, 415, 415, 415, 428, 428, 428, 428, 428, 428, 428, 428, 415, 415, 415, 415, 415, 415, 415, 428, 428, 428, 428, 428, 428, 428, 22, 87, 22, 265, 221, 212]
