n° iter       = 600 
neighborhood_structure = [3] 
Prioridad     = 10 
balance       = 0.5 
Len_N         = 1 
N° clusters   = 15 
N° estaciones = 452 
N° mejoras    = 10
N° iter completadas  = 159
1° FO         = 321039.0
FO            = 286140
Centros       = [22, 63, 104, 117, 140, 166, 207, 215, 275, 299, 313, 368, 376, 394, 427]
Objs= Any[321039.0, 316473, 307957, 307957, 307957, 306660, 306660, 305585, 305585, 305585, 305585, 298272, 298272, 294638, 294638, 294638, 294638, 294638, 294638, 294638, 294638, 290443, 290443, 290443, 290443, 290443, 290443, 290443, 288350, 288350, 288350, 288350, 288350, 288350, 288350, 288350, 288350, 288350, 288350, 288350, 288350, 288350, 288350, 288350, 288350, 288350, 288350, 288350, 288350, 288350, 288350, 288350, 288350, 288350, 288350, 288350, 288350, 288350, 288350, 288350, 288350, 288350, 286572, 286572, 286572, 286140, 286140, 286140, 286140, 286140, 286140, 286140, 286140, 286140, 286140, 286140, 286140, 286140, 286140, 286140, 286140, 286140, 286140, 286140, 286140, 286140, 286140, 286140, 286140, 286140, 286140, 286140, 286140, 286140, 286140, 286140, 286140, 286140, 286140, 286140, 286140, 286140, 286140, 286140, 286140, 286140, 286140, 286140, 286140, 286140, 286140, 286140, 286140, 286140, 286140, 286140, 286140, 286140, 286140, 286140, 286140, 286140, 286140, 286140, 286140, 286140, 286140, 286140, 286140, 286140, 286140, 286140, 286140, 286140, 286140, 286140, 286140, 286140, 286140, 286140, 286140, 286140, 286140, 286140, 286140, 286140, 286140, 286140, 286140, 286140, 286140, 286140, 286140, 286140, 286140, 286140, 286140, 286140, 286140, 286140]
current_obj = [316473.0, 307957.0, 315659.0, 323632.0, 306660.0, 312252.0, 305585.0, 315631.0, 309833.0, 313083.0, 298272.0, 306385.0, 294638.0, 313838.0, 300843.0, 297055.0, 302764.0, 300528.0, 296425.0, 306061.0, 290443.0, 313863.0, 293077.0, 298094.0, 299865.0, 298474.0, 291771.0, 288350.0, 301972.0, 296918.0, 295168.0, 308281.0, 308882.0, 312611.0, 290643.0, 292313.0, 295268.0, 300240.0, 308644.0, 312661.0, 308374.0, 291738.0, 299195.0, 293322.0, 289761.0, 296488.0, 299097.0, 303640.0, 301555.0, 292298.0, 290409.0, 292824.0, 292871.0, 297439.0, 306191.0, 293271.0, 295536.0, 298944.0, 301179.0, 288923.0, 302727.0, 286572.0, 290949.0, 300185.0, 286140.0, 289724.0, 294589.0, 289121.0, 293083.0, 286812.0, 289923.0, 290460.0, 293457.0, 288734.0, 293270.0, 293497.0, 290337.0, 309397.0, 292457.0, 308868.0, 298341.0, 290155.0, 308739.0, 311039.0, 289021.0, 301377.0, 308070.0, 304022.0, 307003.0, 293498.0, 296092.0, 301124.0, 298933.0, 302160.0, 297444.0, 292697.0, 289408.0, 289720.0, 288747.0, 287363.0, 295464.0, 289585.0, 298485.0, 297968.0, 296880.0, 292193.0, 293665.0, 290834.0, 293313.0, 296329.0, 305143.0, 288462.0, 296498.0, 297556.0, 298553.0, 288359.0, 293661.0, 305585.0, 295258.0, 296996.0, 293345.0, 297037.0, 290562.0, 288962.0, 289628.0, 288811.0, 288108.0, 299704.0, 299156.0, 297719.0, 291881.0, 291819.0, 287964.0, 289897.0, 297493.0, 298816.0, 286547.0, 300542.0, 295215.0, 288502.0, 301203.0, 293845.0, 300085.0, 291775.0, 289100.0, 304493.0, 291963.0, 301599.0, 296859.0, 299153.0, 287875.0, 294422.0, 286861.0, 287304.0, 293157.0, 292338.0, 291050.0, 297391.0, 288523.0, 298709.0, 0.0, 0.0, 0.0, 0.0, 0.0, 0.0, 0.0, 0.0, 0.0, 0.0, 0.0, 0.0, 0.0, 0.0, 0.0, 0.0, 0.0, 0.0, 0.0, 0.0, 0.0, 0.0, 0.0, 0.0, 0.0, 0.0, 0.0, 0.0, 0.0, 0.0, 0.0, 0.0, 0.0, 0.0, 0.0, 0.0, 0.0, 0.0, 0.0, 0.0, 0.0, 0.0, 0.0, 0.0, 0.0, 0.0, 0.0, 0.0, 0.0, 0.0, 0.0, 0.0, 0.0, 0.0, 0.0, 0.0, 0.0, 0.0, 0.0, 0.0, 0.0, 0.0, 0.0, 0.0, 0.0, 0.0, 0.0, 0.0, 0.0, 0.0, 0.0, 0.0, 0.0, 0.0, 0.0, 0.0, 0.0, 0.0, 0.0, 0.0, 0.0, 0.0, 0.0, 0.0, 0.0, 0.0, 0.0, 0.0, 0.0, 0.0, 0.0, 0.0, 0.0, 0.0, 0.0, 0.0, 0.0, 0.0, 0.0, 0.0, 0.0, 0.0, 0.0, 0.0, 0.0, 0.0, 0.0, 0.0, 0.0, 0.0, 0.0, 0.0, 0.0, 0.0, 0.0, 0.0, 0.0, 0.0, 0.0, 0.0, 0.0, 0.0, 0.0, 0.0, 0.0, 0.0, 0.0, 0.0, 0.0, 0.0, 0.0, 0.0, 0.0, 0.0, 0.0, 0.0, 0.0, 0.0, 0.0, 0.0, 0.0, 0.0, 0.0, 0.0, 0.0, 0.0, 0.0, 0.0, 0.0, 0.0, 0.0, 0.0, 0.0, 0.0, 0.0, 0.0, 0.0, 0.0, 0.0, 0.0, 0.0, 0.0, 0.0, 0.0, 0.0, 0.0, 0.0, 0.0, 0.0, 0.0, 0.0, 0.0, 0.0, 0.0, 0.0, 0.0, 0.0, 0.0, 0.0, 0.0, 0.0, 0.0, 0.0, 0.0, 0.0, 0.0, 0.0, 0.0, 0.0, 0.0, 0.0, 0.0, 0.0, 0.0, 0.0, 0.0, 0.0, 0.0, 0.0, 0.0, 0.0, 0.0, 0.0, 0.0, 0.0, 0.0, 0.0, 0.0, 0.0, 0.0, 0.0, 0.0, 0.0, 0.0, 0.0, 0.0, 0.0, 0.0, 0.0, 0.0, 0.0, 0.0, 0.0, 0.0, 0.0, 0.0, 0.0, 0.0, 0.0, 0.0, 0.0, 0.0, 0.0, 0.0, 0.0, 0.0, 0.0, 0.0, 0.0, 0.0, 0.0, 0.0, 0.0, 0.0, 0.0, 0.0, 0.0, 0.0, 0.0, 0.0, 0.0, 0.0, 0.0, 0.0, 0.0, 0.0, 0.0, 0.0, 0.0, 0.0, 0.0, 0.0, 0.0, 0.0, 0.0, 0.0, 0.0, 0.0, 0.0, 0.0, 0.0, 0.0, 0.0, 0.0, 0.0, 0.0, 0.0, 0.0, 0.0, 0.0, 0.0, 0.0, 0.0, 0.0, 0.0, 0.0, 0.0, 0.0, 0.0, 0.0, 0.0, 0.0, 0.0, 0.0, 0.0, 0.0, 0.0, 0.0, 0.0, 0.0, 0.0, 0.0, 0.0, 0.0, 0.0, 0.0, 0.0, 0.0, 0.0, 0.0, 0.0, 0.0, 0.0, 0.0, 0.0, 0.0, 0.0, 0.0, 0.0, 0.0, 0.0, 0.0, 0.0, 0.0, 0.0, 0.0, 0.0, 0.0, 0.0, 0.0, 0.0, 0.0, 0.0, 0.0, 0.0, 0.0, 0.0, 0.0, 0.0, 0.0, 0.0, 0.0, 0.0, 0.0, 0.0, 0.0, 0.0, 0.0, 0.0, 0.0, 0.0, 0.0, 0.0, 0.0, 0.0, 0.0, 0.0, 0.0, 0.0, 0.0, 0.0, 0.0, 0.0, 0.0, 0.0, 0.0, 0.0, 0.0, 0.0, 0.0, 0.0, 0.0, 0.0, 0.0, 0.0, 0.0, 0.0, 0.0, 0.0, 0.0, 0.0, 0.0, 0.0, 0.0, 0.0, 0.0, 0.0, 0.0, 0.0, 0.0, 0.0, 0.0, 0.0, 0.0, 0.0, 0.0, 0.0, 0.0, 0.0, 0.0, 0.0, 0.0, 0.0, 0.0, 0.0, 0.0, 0.0, 0.0, 0.0, 0.0, 0.0, 0.0, 0.0, 0.0, 0.0, 0.0, 0.0, 0.0, 0.0, 0.0, 0.0, 0.0, 0.0, 0.0, 0.0, 0.0, 0.0, 0.0, 0.0, 0.0, 0.0, 0.0, 0.0, 0.0, 0.0, 0.0, 0.0, 0.0, 0.0, 0.0]
cong_K= Any[3, 3, 3, 3, 3, 3, 3, 3, 3, 3] 
obj_k= Any[316473, 307957, 306660, 305585, 298272, 294638, 290443, 288350, 286572, 286140] 
iter_obj = Any[1, 2, 5, 7, 11, 13, 21, 28, 62, 65] 
avgClusterDiam = 2146.0666666666666 
maxClusterDiam = 3136.0 
clusterDiamete = [3136.0; 1862.0; 1982.0; 2162.0; 2104.0; 2507.0; 1629.0; 2067.0; 2512.0; 2302.0; 2204.0; 1868.0; 2365.0; 1583.0; 1908.0]   
C = [0, 0, 0, 0, 0, 0, 0, 0, 0, 0, 0, 0, 0, 0, 0, 0, 0, 0, 0, 0, 0, 1, 0, 0, 0, 0, 0, 0, 0, 0, 0, 0, 0, 0, 0, 0, 0, 0, 0, 0, 0, 0, 0, 0, 0, 0, 0, 0, 0, 0, 0, 0, 0, 0, 0, 0, 0, 0, 0, 0, 0, 0, 1, 0, 0, 0, 0, 0, 0, 0, 0, 0, 0, 0, 0, 0, 0, 0, 0, 0, 0, 0, 0, 0, 0, 0, 0, 0, 0, 0, 0, 0, 0, 0, 0, 0, 0, 0, 0, 0, 0, 0, 0, 1, 0, 0, 0, 0, 0, 0, 0, 0, 0, 0, 0, 0, 1, 0, 0, 0, 0, 0, 0, 0, 0, 0, 0, 0, 0, 0, 0, 0, 0, 0, 0, 0, 0, 0, 0, 1, 0, 0, 0, 0, 0, 0, 0, 0, 0, 0, 0, 0, 0, 0, 0, 0, 0, 0, 0, 0, 0, 0, 0, 0, 0, 1, 0, 0, 0, 0, 0, 0, 0, 0, 0, 0, 0, 0, 0, 0, 0, 0, 0, 0, 0, 0, 0, 0, 0, 0, 0, 0, 0, 0, 0, 0, 0, 0, 0, 0, 0, 0, 0, 0, 0, 0, 1, 0, 0, 0, 0, 0, 0, 0, 1, 0, 0, 0, 0, 0, 0, 0, 0, 0, 0, 0, 0, 0, 0, 0, 0, 0, 0, 0, 0, 0, 0, 0, 0, 0, 0, 0, 0, 0, 0, 0, 0, 0, 0, 0, 0, 0, 0, 0, 0, 0, 0, 0, 0, 0, 0, 0, 0, 0, 0, 0, 0, 0, 0, 0, 0, 0, 0, 0, 1, 0, 0, 0, 0, 0, 0, 0, 0, 0, 0, 0, 0, 0, 0, 0, 0, 0, 0, 0, 0, 0, 0, 0, 1, 0, 0, 0, 0, 0, 0, 0, 0, 0, 0, 0, 0, 0, 1, 0, 0, 0, 0, 0, 0, 0, 0, 0, 0, 0, 0, 0, 0, 0, 0, 0, 0, 0, 0, 0, 0, 0, 0, 0, 0, 0, 0, 0, 0, 0, 0, 0, 0, 0, 0, 0, 0, 0, 0, 0, 0, 0, 0, 0, 0, 0, 0, 0, 0, 0, 0, 0, 0, 1, 0, 0, 0, 0, 0, 0, 0, 1, 0, 0, 0, 0, 0, 0, 0, 0, 0, 0, 0, 0, 0, 0, 0, 0, 0, 1, 0, 0, 0, 0, 0, 0, 0, 0, 0, 0, 0, 0, 0, 0, 0, 0, 0, 0, 0, 0, 0, 0, 0, 0, 0, 0, 0, 0, 0, 0, 0, 0, 1, 0, 0, 0, 0, 0, 0, 0, 0, 0, 0, 0, 0, 0, 0, 0, 0, 0, 0, 0, 0, 0, 0, 0, 0, 0]
E = [117, 22, 117, 22, 22, 117, 22, 117, 22, 275, 117, 117, 22, 22, 22, 22, 117, 117, 117, 117, 22, 22, 22, 22, 22, 275, 117, 22, 275, 117, 275, 22, 117, 117, 117, 22, 22, 22, 22, 117, 275, 22, 275, 63, 63, 63, 63, 275, 63, 63, 63, 104, 63, 63, 104, 63, 63, 63, 63, 63, 63, 63, 63, 63, 275, 63, 63, 63, 63, 63, 63, 166, 63, 166, 63, 63, 166, 63, 63, 63, 63, 275, 63, 63, 117, 117, 104, 104, 104, 104, 104, 104, 104, 104, 104, 104, 104, 104, 275, 104, 104, 104, 22, 104, 104, 104, 117, 117, 104, 104, 117, 275, 117, 117, 117, 117, 117, 117, 117, 117, 117, 104, 117, 140, 117, 117, 117, 117, 117, 140, 140, 140, 140, 140, 140, 140, 140, 140, 140, 140, 140, 63, 140, 140, 140, 63, 140, 140, 140, 63, 140, 63, 63, 63, 140, 140, 63, 140, 140, 275, 63, 299, 140, 299, 299, 166, 166, 166, 166, 166, 166, 166, 166, 275, 313, 275, 166, 166, 63, 63, 63, 166, 117, 166, 166, 166, 166, 166, 166, 166, 166, 207, 207, 22, 207, 215, 215, 215, 215, 207, 207, 215, 215, 215, 207, 215, 207, 207, 215, 215, 207, 207, 215, 215, 215, 215, 207, 207, 215, 215, 215, 215, 215, 207, 207, 207, 215, 215, 215, 215, 215, 207, 215, 215, 215, 215, 215, 215, 207, 215, 215, 215, 215, 215, 207, 207, 207, 207, 207, 207, 22, 22, 22, 275, 117, 275, 117, 22, 275, 275, 22, 104, 117, 275, 275, 275, 275, 275, 275, 275, 275, 275, 275, 275, 275, 299, 299, 299, 299, 299, 299, 299, 299, 299, 313, 313, 313, 313, 313, 166, 299, 299, 299, 299, 299, 299, 299, 299, 299, 299, 299, 299, 299, 299, 313, 313, 313, 313, 313, 313, 313, 313, 313, 313, 313, 299, 299, 299, 299, 299, 299, 299, 299, 299, 299, 313, 313, 313, 313, 313, 313, 313, 313, 313, 376, 299, 299, 376, 299, 299, 376, 376, 376, 376, 368, 368, 368, 313, 313, 368, 313, 368, 368, 368, 368, 368, 376, 376, 376, 376, 368, 368, 368, 368, 368, 368, 368, 368, 368, 368, 368, 394, 376, 376, 376, 376, 376, 394, 394, 394, 368, 368, 368, 368, 368, 368, 368, 368, 368, 368, 368, 394, 394, 394, 394, 394, 394, 394, 376, 376, 376, 376, 376, 376, 427, 427, 427, 427, 427, 427, 427, 376, 394, 394, 394, 394, 368, 368, 368, 394, 394, 394, 394, 394, 427, 427, 427, 427, 427, 427, 427, 427, 427, 427, 394, 394, 394, 394, 427, 427, 427, 427, 427, 427, 427, 427, 22, 104, 22, 275, 215, 207]
