n° iter       = 600 
neighborhood_structure = [1 2 3] 
Prioridad     = 5 
balance       = 0.5 
Len_N         = 3 
N° clusters   = 7 
N° estaciones = 228 
N° mejoras    = 10
N° iter completadas  = 316
1° FO         = 194118.0
FO            = 165271
Centros       = [87, 117, 150, 275, 298, 377, 428]
Objs= Any[194118.0, 174419, 174419, 174419, 174419, 173943, 173943, 173943, 172188, 172188, 172188, 172188, 172188, 167227, 167227, 167227, 166913, 166913, 166913, 166913, 166913, 166913, 166913, 166913, 166913, 166913, 166913, 166913, 166913, 166913, 166913, 166913, 166913, 166913, 166913, 166913, 166913, 166913, 166913, 166913, 166913, 166913, 166913, 166913, 166913, 166913, 166913, 166913, 166913, 166913, 166913, 166913, 166913, 166215, 166026, 166026, 166026, 166026, 166026, 166026, 166026, 166026, 166026, 166026, 166026, 166026, 166026, 166026, 166026, 166026, 166026, 166026, 165845, 165845, 165845, 165845, 165845, 165845, 165845, 165845, 165845, 165845, 165845, 165845, 165845, 165845, 165845, 165845, 165419, 165419, 165419, 165419, 165419, 165419, 165419, 165419, 165419, 165419, 165419, 165419, 165419, 165419, 165419, 165419, 165419, 165419, 165419, 165419, 165419, 165419, 165419, 165419, 165419, 165419, 165419, 165419, 165419, 165419, 165419, 165419, 165419, 165419, 165419, 165419, 165419, 165419, 165419, 165419, 165419, 165419, 165419, 165419, 165419, 165419, 165419, 165419, 165419, 165419, 165419, 165419, 165419, 165419, 165419, 165419, 165419, 165419, 165419, 165419, 165419, 165419, 165419, 165419, 165419, 165419, 165419, 165419, 165419, 165419, 165419, 165419, 165419, 165419, 165419, 165419, 165419, 165419, 165419, 165271, 165271, 165271, 165271, 165271, 165271, 165271, 165271, 165271, 165271, 165271, 165271, 165271, 165271, 165271, 165271, 165271, 165271, 165271, 165271, 165271, 165271, 165271, 165271, 165271, 165271, 165271, 165271, 165271, 165271, 165271, 165271, 165271, 165271, 165271, 165271, 165271, 165271, 165271, 165271, 165271, 165271, 165271, 165271, 165271, 165271, 165271, 165271, 165271, 165271, 165271, 165271, 165271, 165271, 165271, 165271, 165271, 165271, 165271, 165271, 165271, 165271, 165271, 165271, 165271, 165271, 165271, 165271, 165271, 165271, 165271, 165271, 165271, 165271, 165271, 165271, 165271, 165271, 165271, 165271, 165271, 165271, 165271, 165271, 165271, 165271, 165271, 165271, 165271, 165271, 165271, 165271, 165271, 165271, 165271, 165271, 165271, 165271, 165271, 165271, 165271, 165271, 165271, 165271, 165271, 165271, 165271, 165271, 165271, 165271, 165271, 165271, 165271, 165271, 165271, 165271, 165271, 165271, 165271, 165271, 165271, 165271, 165271, 165271, 165271, 165271, 165271, 165271, 165271, 165271, 165271, 165271, 165271, 165271, 165271, 165271, 165271, 165271, 165271, 165271, 165271, 165271, 165271, 165271, 165271, 165271, 165271, 165271, 165271, 165271]
current_obj = [174419.0, 175045.0, 175975.0, 177493.0, 173943.0, 176592.0, 174603.0, 172188.0, 172385.0, 174382.0, 174841.0, 172456.0, 167227.0, 172701.0, 174677.0, 166913.0, 169104.0, 167899.0, 168215.0, 167364.0, 167227.0, 168183.0, 168924.0, 169566.0, 169107.0, 172441.0, 167364.0, 168027.0, 170776.0, 167515.0, 168199.0, 172252.0, 167145.0, 171815.0, 168924.0, 169163.0, 168646.0, 168433.0, 170776.0, 172811.0, 170157.0, 168174.0, 168259.0, 168924.0, 170613.0, 167364.0, 167130.0, 168394.0, 170440.0, 170284.0, 169333.0, 168459.0, 166215.0, 166026.0, 179908.0, 171342.0, 169886.0, 168864.0, 166768.0, 168325.0, 166335.0, 168864.0, 167425.0, 177390.0, 168325.0, 169100.0, 167323.0, 167089.0, 167664.0, 170181.0, 168445.0, 165845.0, 174849.0, 168800.0, 167142.0, 168425.0, 167727.0, 167925.0, 168848.0, 168203.0, 167494.0, 167370.0, 166592.0, 166862.0, 174324.0, 167941.0, 167568.0, 165419.0, 166716.0, 166101.0, 167904.0, 168836.0, 169718.0, 168558.0, 1.0e15, 167451.0, 166215.0, 167142.0, 166168.0, 167142.0, 165458.0, 168349.0, 167370.0, 166763.0, 166060.0, 168782.0, 166166.0, 166593.0, 167182.0, 165458.0, 168210.0, 166887.0, 172423.0, 168349.0, 166858.0, 167718.0, 167375.0, 166768.0, 169392.0, 165975.0, 180364.0, 166768.0, 169361.0, 169362.0, 172103.0, 170012.0, 166434.0, 165845.0, 179237.0, 167500.0, 165845.0, 168349.0, 165676.0, 173436.0, 167262.0, 167142.0, 167174.0, 167182.0, 167746.0, 165975.0, 165845.0, 167718.0, 169813.0, 165845.0, 166606.0, 167142.0, 165539.0, 167925.0, 172128.0, 173996.0, 168961.0, 167174.0, 168542.0, 170274.0, 169721.0, 166795.0, 165835.0, 169851.0, 168255.0, 167375.0, 167322.0, 170327.0, 167048.0, 166448.0, 165676.0, 170705.0, 165271.0, 169813.0, 167570.0, 165878.0, 168439.0, 165528.0, 166739.0, 169813.0, 167570.0, 166659.0, 165878.0, 166018.0, 166659.0, 168062.0, 166670.0, 165539.0, 166846.0, 168813.0, 166620.0, 166994.0, 165539.0, 165419.0, 169214.0, 166544.0, 166458.0, 166670.0, 170499.0, 165687.0, 166615.0, 166647.0, 166857.0, 166379.0, 165419.0, 166670.0, 166994.0, 172712.0, 168109.0, 172922.0, 166857.0, 168725.0, 165586.0, 165953.0, 168071.0, 165310.0, 165878.0, 168612.0, 166846.0, 166857.0, 168716.0, 166313.0, 165419.0, 168062.0, 167048.0, 167375.0, 165539.0, 166018.0, 165586.0, 167227.0, 165586.0, 166286.0, 170939.0, 167385.0, 166994.0, 167174.0, 167294.0, 166379.0, 165419.0, 168274.0, 165310.0, 166615.0, 166760.0, 165774.0, 167756.0, 171527.0, 167257.0, 165697.0, 167460.0, 165419.0, 166615.0, 169281.0, 167340.0, 165548.0, 169910.0, 171134.0, 172093.0, 167037.0, 165586.0, 165772.0, 168510.0, 168190.0, 166805.0, 171155.0, 167174.0, 166670.0, 165586.0, 167640.0, 166515.0, 165548.0, 167693.0, 167352.0, 169789.0, 165772.0, 166883.0, 168274.0, 167076.0, 168346.0, 167251.0, 166620.0, 166647.0, 166067.0, 173678.0, 167629.0, 165310.0, 170245.0, 170104.0, 177111.0, 166288.0, 166846.0, 165687.0, 167340.0, 166367.0, 169818.0, 166286.0, 167777.0, 171047.0, 167886.0, 167629.0, 166900.0, 166067.0, 168524.0, 1.0e15, 168449.0, 168190.0, 166367.0, 165687.0, 166445.0, 165772.0, 167829.0, 167227.0, 165953.0, 165310.0, 168612.0, 166615.0, 166288.0, 165697.0, 175034.0, 168467.0, 168410.0, 168634.0, 166568.0, 167528.0, 0.0, 0.0, 0.0, 0.0, 0.0, 0.0, 0.0, 0.0, 0.0, 0.0, 0.0, 0.0, 0.0, 0.0, 0.0, 0.0, 0.0, 0.0, 0.0, 0.0, 0.0, 0.0, 0.0, 0.0, 0.0, 0.0, 0.0, 0.0, 0.0, 0.0, 0.0, 0.0, 0.0, 0.0, 0.0, 0.0, 0.0, 0.0, 0.0, 0.0, 0.0, 0.0, 0.0, 0.0, 0.0, 0.0, 0.0, 0.0, 0.0, 0.0, 0.0, 0.0, 0.0, 0.0, 0.0, 0.0, 0.0, 0.0, 0.0, 0.0, 0.0, 0.0, 0.0, 0.0, 0.0, 0.0, 0.0, 0.0, 0.0, 0.0, 0.0, 0.0, 0.0, 0.0, 0.0, 0.0, 0.0, 0.0, 0.0, 0.0, 0.0, 0.0, 0.0, 0.0, 0.0, 0.0, 0.0, 0.0, 0.0, 0.0, 0.0, 0.0, 0.0, 0.0, 0.0, 0.0, 0.0, 0.0, 0.0, 0.0, 0.0, 0.0, 0.0, 0.0, 0.0, 0.0, 0.0, 0.0, 0.0, 0.0, 0.0, 0.0, 0.0, 0.0, 0.0, 0.0, 0.0, 0.0, 0.0, 0.0, 0.0, 0.0, 0.0, 0.0, 0.0, 0.0, 0.0, 0.0, 0.0, 0.0, 0.0, 0.0, 0.0, 0.0, 0.0, 0.0, 0.0, 0.0, 0.0, 0.0, 0.0, 0.0, 0.0, 0.0, 0.0, 0.0, 0.0, 0.0, 0.0, 0.0, 0.0, 0.0, 0.0, 0.0, 0.0, 0.0, 0.0, 0.0, 0.0, 0.0, 0.0, 0.0, 0.0, 0.0, 0.0, 0.0, 0.0, 0.0, 0.0, 0.0, 0.0, 0.0, 0.0, 0.0, 0.0, 0.0, 0.0, 0.0, 0.0, 0.0, 0.0, 0.0, 0.0, 0.0, 0.0, 0.0, 0.0, 0.0, 0.0, 0.0, 0.0, 0.0, 0.0, 0.0, 0.0, 0.0, 0.0, 0.0, 0.0, 0.0, 0.0, 0.0, 0.0, 0.0, 0.0, 0.0, 0.0, 0.0, 0.0, 0.0, 0.0, 0.0, 0.0, 0.0, 0.0, 0.0, 0.0, 0.0, 0.0, 0.0, 0.0, 0.0, 0.0, 0.0, 0.0, 0.0, 0.0, 0.0, 0.0, 0.0, 0.0, 0.0, 0.0, 0.0, 0.0, 0.0, 0.0, 0.0, 0.0, 0.0, 0.0, 0.0, 0.0, 0.0, 0.0, 0.0, 0.0, 0.0, 0.0, 0.0, 0.0, 0.0, 0.0, 0.0, 0.0, 0.0, 0.0, 0.0, 0.0, 0.0, 0.0, 0.0, 0.0, 0.0, 0.0, 0.0, 0.0, 0.0, 0.0, 0.0, 0.0, 0.0, 0.0, 0.0, 0.0, 0.0, 0.0, 0.0, 0.0, 0.0, 0.0, 0.0, 0.0]
cong_K= Any[2, 1, 2, 1, 1, 3, 1, 1, 1, 1] 
obj_k= Any[174419, 173943, 172188, 167227, 166913, 166215, 166026, 165845, 165419, 165271] 
iter_obj = Any[1, 5, 8, 13, 16, 53, 54, 72, 88, 167] 
avgClusterDiam = 2553.1428571428573 
maxClusterDiam = 4731.0 
clusterDiamete = [2027.0; 2580.0; 2439.0; 2334.0; 4731.0; 2080.0; 1681.0]   
C = [0, 0, 0, 0, 0, 0, 0, 0, 0, 0, 0, 0, 0, 0, 0, 0, 0, 0, 0, 0, 0, 0, 0, 0, 0, 0, 0, 0, 0, 0, 0, 0, 0, 0, 0, 0, 0, 0, 0, 0, 0, 0, 0, 0, 1, 0, 0, 0, 0, 0, 0, 0, 0, 0, 0, 0, 0, 0, 0, 0, 0, 0, 0, 0, 0, 0, 0, 0, 0, 0, 0, 0, 0, 0, 1, 0, 0, 0, 0, 0, 0, 0, 0, 0, 0, 0, 0, 0, 0, 0, 0, 0, 0, 0, 0, 0, 0, 0, 0, 0, 0, 0, 0, 0, 0, 0, 0, 1, 0, 0, 0, 0, 0, 0, 0, 0, 0, 0, 0, 0, 0, 0, 0, 0, 0, 0, 0, 0, 0, 0, 0, 0, 0, 0, 0, 0, 0, 0, 0, 0, 0, 0, 0, 0, 0, 0, 0, 0, 1, 0, 0, 0, 0, 0, 0, 0, 0, 0, 0, 0, 0, 0, 0, 1, 0, 0, 0, 0, 0, 0, 0, 0, 0, 0, 0, 0, 0, 0, 0, 0, 0, 0, 0, 0, 0, 0, 0, 0, 0, 0, 0, 0, 0, 1, 0, 0, 0, 0, 0, 0, 0, 0, 0, 0, 0, 0, 0, 0, 0, 0, 0, 0, 0, 0, 1, 0, 0, 0, 0, 0, 0, 0, 0, 0, 0, 0, 0, 0]
E = [117, 117, 117, 117, 275, 117, 117, 117, 117, 117, 275, 117, 275, 275, 275, 117, 117, 117, 87, 87, 117, 87, 87, 150, 87, 150, 150, 298, 150, 150, 150, 87, 150, 150, 150, 298, 150, 150, 150, 87, 150, 150, 117, 117, 87, 87, 87, 87, 87, 87, 87, 87, 87, 87, 87, 87, 87, 87, 87, 87, 275, 87, 87, 87, 117, 117, 87, 87, 117, 275, 117, 117, 117, 117, 117, 117, 117, 117, 117, 87, 117, 117, 117, 117, 117, 117, 117, 117, 117, 117, 117, 117, 117, 150, 117, 117, 150, 150, 150, 150, 150, 150, 150, 150, 150, 150, 150, 150, 150, 150, 150, 150, 150, 150, 298, 150, 150, 275, 150, 150, 150, 150, 150, 275, 275, 150, 150, 298, 117, 275, 117, 275, 117, 275, 87, 87, 117, 275, 275, 275, 275, 275, 275, 275, 275, 275, 275, 275, 275, 298, 150, 150, 298, 150, 150, 298, 298, 298, 298, 298, 298, 298, 298, 298, 298, 298, 298, 298, 298, 298, 298, 298, 298, 298, 377, 298, 298, 298, 298, 298, 377, 298, 377, 377, 298, 377, 298, 298, 298, 298, 377, 377, 377, 377, 377, 377, 377, 377, 298, 377, 377, 428, 298, 428, 377, 428, 428, 428, 428, 428, 377, 428, 428, 428, 428, 428, 428, 428, 428, 428, 428, 428, 428, 428, 428, 428, 87, 275]
