n° iter       = 300 
neighborhood_structure = [2] 
Prioridad     = 5 
balance       = 0.5 
Len_N         = 3 
N° clusters   = 7 
N° estaciones = 228 
N° mejoras    = 15
N° iter completadas  = 158
1° FO         = 213031.0
FO            = 166424
Centros       = [87, 118, 146, 264, 319, 377, 428]
Objs= Any[213031.0, 196369, 187176, 187176, 187176, 187176, 186251, 186251, 186251, 184838, 184838, 184838, 182716, 182716, 180866, 180866, 178606, 178606, 178606, 178127, 178127, 176305, 171331, 168721, 168721, 168721, 168721, 168721, 168721, 168721, 168721, 168721, 168721, 168721, 168721, 168721, 168721, 168721, 168721, 168721, 168721, 168721, 168721, 168721, 168721, 168721, 168721, 168721, 168442, 168442, 168442, 168442, 168442, 168442, 168442, 168442, 167993, 167993, 167993, 167993, 167993, 167503, 167503, 167503, 167503, 167503, 167503, 167503, 167503, 167503, 167503, 167503, 167503, 167503, 167503, 167503, 167503, 167503, 167503, 167503, 167503, 167503, 167503, 167503, 166424, 166424, 166424, 166424, 166424, 166424, 166424, 166424, 166424, 166424, 166424, 166424, 166424, 166424, 166424, 166424, 166424, 166424, 166424, 166424, 166424, 166424, 166424, 166424, 166424, 166424, 166424, 166424, 166424, 166424, 166424, 166424, 166424, 166424, 166424, 166424, 166424, 166424, 166424, 166424, 166424, 166424, 166424, 166424, 166424, 166424, 166424, 166424, 166424, 166424, 166424, 166424, 166424, 166424, 166424, 166424, 166424, 166424, 166424, 166424, 166424, 166424, 166424, 166424, 166424, 166424, 166424, 166424, 166424, 166424, 166424, 166424, 166424, 166424, 166424]
current_obj = [196369.0, 187176.0, 194550.0, 187483.0, 189707.0, 186251.0, 194363.0, 186634.0, 184838.0, 185779.0, 188532.0, 182716.0, 1.0e15, 180866.0, 183853.0, 178606.0, 183138.0, 179843.0, 178127.0, 1.0e15, 176305.0, 171331.0, 168721.0, 184070.0, 185056.0, 173439.0, 170598.0, 172112.0, 177817.0, 169672.0, 173033.0, 177621.0, 176715.0, 169213.0, 189038.0, 172167.0, 173197.0, 171033.0, 177110.0, 179464.0, 173304.0, 171125.0, 170709.0, 171449.0, 172593.0, 171375.0, 1.0e15, 168442.0, 193145.0, 175765.0, 173061.0, 176159.0, 170998.0, 180873.0, 178339.0, 167993.0, 175998.0, 175995.0, 178542.0, 169404.0, 167503.0, 174616.0, 177972.0, 197511.0, 1.0e15, 170009.0, 167573.0, 179605.0, 170909.0, 177941.0, 172621.0, 1.0e15, 172866.0, 170022.0, 170353.0, 1.0e15, 174437.0, 1.0e15, 172447.0, 171148.0, 1.0e15, 172213.0, 1.0e15, 166424.0, 1.0e15, 1.0e15, 172689.0, 170728.0, 170688.0, 172966.0, 1.0e15, 174630.0, 174607.0, 175668.0, 169978.0, 172599.0, 178630.0, 179768.0, 179488.0, 1.0e15, 168800.0, 180262.0, 1.0e15, 1.0e15, 172263.0, 172309.0, 171236.0, 173677.0, 171492.0, 1.0e15, 171663.0, 174493.0, 168295.0, 173498.0, 183417.0, 168876.0, 170612.0, 171273.0, 1.0e15, 173688.0, 172078.0, 172126.0, 174203.0, 168159.0, 168515.0, 168043.0, 172787.0, 168692.0, 183620.0, 173316.0, 176797.0, 174462.0, 169902.0, 169163.0, 174288.0, 1.0e15, 173338.0, 175135.0, 1.0e15, 1.0e15, 172219.0, 171370.0, 172254.0, 171564.0, 170502.0, 1.0e15, 175396.0, 174714.0, 171421.0, 168364.0, 172440.0, 175130.0, 172194.0, 173148.0, 188525.0, 1.0e15, 169606.0, 172309.0, 176503.0, 0.0, 0.0, 0.0, 0.0, 0.0, 0.0, 0.0, 0.0, 0.0, 0.0, 0.0, 0.0, 0.0, 0.0, 0.0, 0.0, 0.0, 0.0, 0.0, 0.0, 0.0, 0.0, 0.0, 0.0, 0.0, 0.0, 0.0, 0.0, 0.0, 0.0, 0.0, 0.0, 0.0, 0.0, 0.0, 0.0, 0.0, 0.0, 0.0, 0.0, 0.0, 0.0, 0.0, 0.0, 0.0, 0.0, 0.0, 0.0, 0.0, 0.0, 0.0, 0.0, 0.0, 0.0, 0.0, 0.0, 0.0, 0.0, 0.0, 0.0, 0.0, 0.0, 0.0, 0.0, 0.0, 0.0, 0.0, 0.0, 0.0, 0.0, 0.0, 0.0, 0.0, 0.0, 0.0, 0.0, 0.0, 0.0, 0.0, 0.0, 0.0, 0.0, 0.0, 0.0, 0.0, 0.0, 0.0, 0.0, 0.0, 0.0, 0.0, 0.0, 0.0, 0.0, 0.0, 0.0, 0.0, 0.0, 0.0, 0.0, 0.0, 0.0, 0.0, 0.0, 0.0, 0.0, 0.0, 0.0, 0.0, 0.0, 0.0, 0.0, 0.0, 0.0, 0.0, 0.0, 0.0, 0.0, 0.0, 0.0, 0.0, 0.0, 0.0, 0.0, 0.0, 0.0, 0.0, 0.0, 0.0, 0.0, 0.0, 0.0, 0.0, 0.0, 0.0, 0.0, 0.0, 0.0, 0.0, 0.0, 0.0]
cong_K= Any[2, 2, 2, 2, 2, 2, 2, 2, 2, 2, 2, 2, 2, 2, 2] 
obj_k= Any[196369, 187176, 186251, 184838, 182716, 180866, 178606, 178127, 176305, 171331, 168721, 168442, 167993, 167503, 166424] 
iter_obj = Any[1, 2, 6, 9, 12, 14, 16, 19, 21, 22, 23, 48, 56, 61, 84] 
avgClusterDiam = 2515.285714285714 
maxClusterDiam = 4514.0 
clusterDiamete = [1982.0; 2650.0; 2366.0; 2334.0; 4514.0; 2080.0; 1681.0]   
C = [0, 0, 0, 0, 0, 0, 0, 0, 0, 0, 0, 0, 0, 0, 0, 0, 0, 0, 0, 0, 0, 0, 0, 0, 0, 0, 0, 0, 0, 0, 0, 0, 0, 0, 0, 0, 0, 0, 0, 0, 0, 0, 0, 0, 1, 0, 0, 0, 0, 0, 0, 0, 0, 0, 0, 0, 0, 0, 0, 0, 0, 0, 0, 0, 0, 0, 0, 0, 0, 0, 0, 0, 0, 0, 0, 1, 0, 0, 0, 0, 0, 0, 0, 0, 0, 0, 0, 0, 0, 0, 0, 0, 0, 0, 0, 0, 0, 0, 0, 0, 0, 0, 0, 1, 0, 0, 0, 0, 0, 0, 0, 0, 0, 0, 0, 0, 0, 0, 0, 0, 0, 0, 0, 0, 0, 0, 0, 0, 0, 0, 0, 0, 0, 0, 0, 0, 0, 1, 0, 0, 0, 0, 0, 0, 0, 0, 0, 0, 0, 0, 0, 0, 0, 0, 0, 0, 0, 0, 0, 0, 0, 0, 0, 0, 0, 0, 0, 0, 1, 0, 0, 0, 0, 0, 0, 0, 0, 0, 0, 0, 0, 0, 0, 0, 0, 0, 0, 0, 0, 0, 0, 0, 0, 1, 0, 0, 0, 0, 0, 0, 0, 0, 0, 0, 0, 0, 0, 0, 0, 0, 0, 0, 0, 0, 1, 0, 0, 0, 0, 0, 0, 0, 0, 0, 0, 0, 0, 0]
E = [118, 118, 118, 118, 264, 118, 118, 118, 118, 118, 264, 118, 264, 264, 264, 118, 118, 118, 264, 87, 146, 87, 87, 146, 87, 146, 146, 146, 146, 146, 146, 87, 319, 146, 146, 319, 146, 146, 146, 87, 146, 146, 118, 118, 87, 87, 87, 87, 87, 87, 87, 87, 87, 87, 87, 87, 87, 87, 87, 87, 264, 87, 87, 87, 118, 118, 87, 87, 118, 118, 118, 118, 118, 118, 118, 118, 118, 118, 118, 87, 118, 118, 118, 118, 118, 118, 118, 118, 118, 118, 118, 118, 118, 146, 118, 118, 146, 146, 146, 319, 146, 146, 146, 146, 146, 146, 146, 146, 146, 146, 146, 146, 146, 146, 319, 146, 146, 118, 146, 146, 146, 146, 146, 264, 264, 146, 146, 319, 118, 264, 118, 264, 118, 264, 87, 87, 118, 264, 264, 264, 264, 264, 264, 264, 264, 264, 264, 264, 264, 146, 146, 146, 319, 146, 319, 319, 146, 319, 319, 319, 319, 319, 319, 319, 319, 319, 319, 319, 319, 319, 319, 319, 319, 319, 377, 319, 319, 319, 319, 319, 377, 319, 377, 377, 319, 377, 319, 319, 319, 319, 377, 377, 377, 377, 377, 377, 377, 377, 319, 377, 377, 428, 319, 428, 377, 428, 428, 428, 428, 428, 377, 428, 428, 428, 428, 428, 428, 428, 428, 428, 428, 428, 428, 428, 428, 428, 87, 264]
