n° iter       = 600 
neighborhood_structure = [1] 
Prioridad     = 10 
balance       = 0.5 
Len_N         = 9 
N° clusters   = 7 
N° estaciones = 228 
N° mejoras    = 18
N° iter completadas  = 235
1° FO         = 198287.0
FO            = 164622
Centros       = [87, 130, 153, 259, 319, 377, 428]
Objs= Any[198287.0, 195019, 179791, 176437, 176000, 173307, 171954, 171954, 171954, 171737, 170416, 169241, 169074, 169074, 168061, 168061, 168061, 168061, 168061, 168061, 168061, 168061, 168061, 168061, 168061, 168061, 168061, 168061, 168061, 168061, 168061, 168061, 167145, 167145, 167145, 167145, 167145, 166906, 166906, 166906, 166906, 166906, 166906, 166906, 166906, 166906, 166461, 166461, 166131, 166131, 166131, 166131, 165229, 165229, 165229, 165229, 165229, 165229, 165229, 165229, 165229, 165229, 165229, 165229, 165229, 165229, 165229, 165229, 165229, 165229, 165229, 165048, 165048, 165048, 165048, 165048, 165048, 165048, 165048, 165048, 165048, 165048, 165048, 165048, 165048, 165048, 164622, 164622, 164622, 164622, 164622, 164622, 164622, 164622, 164622, 164622, 164622, 164622, 164622, 164622, 164622, 164622, 164622, 164622, 164622, 164622, 164622, 164622, 164622, 164622, 164622, 164622, 164622, 164622, 164622, 164622, 164622, 164622, 164622, 164622, 164622, 164622, 164622, 164622, 164622, 164622, 164622, 164622, 164622, 164622, 164622, 164622, 164622, 164622, 164622, 164622, 164622, 164622, 164622, 164622, 164622, 164622, 164622, 164622, 164622, 164622, 164622, 164622, 164622, 164622, 164622, 164622, 164622, 164622, 164622, 164622, 164622, 164622, 164622, 164622, 164622, 164622, 164622, 164622, 164622, 164622, 164622, 164622, 164622, 164622, 164622, 164622, 164622, 164622, 164622, 164622, 164622, 164622, 164622, 164622, 164622, 164622, 164622, 164622, 164622, 164622, 164622, 164622, 164622, 164622, 164622, 164622, 164622, 164622, 164622, 164622, 164622, 164622, 164622, 164622, 164622, 164622, 164622, 164622, 164622, 164622, 164622, 164622, 164622, 164622, 164622, 164622, 164622, 164622, 164622, 164622, 164622, 164622, 164622, 164622, 164622, 164622, 164622, 164622, 164622, 164622, 164622, 164622, 164622, 164622, 164622, 164622, 164622, 164622, 164622, 164622]
current_obj = [195019.0, 179791.0, 176437.0, 176000.0, 173307.0, 171954.0, 173069.0, 1.0e15, 171737.0, 170416.0, 169241.0, 169074.0, 171879.0, 168061.0, 169634.0, 168250.0, 1.0e15, 171869.0, 168736.0, 168392.0, 169405.0, 179197.0, 168392.0, 168776.0, 169045.0, 169536.0, 170483.0, 168281.0, 169634.0, 169650.0, 168776.0, 167145.0, 168158.0, 167820.0, 168489.0, 169043.0, 166906.0, 167864.0, 167698.0, 171528.0, 167095.0, 168478.0, 167581.0, 168132.0, 168937.0, 166461.0, 166770.0, 166131.0, 166580.0, 167024.0, 167279.0, 165229.0, 166266.0, 166266.0, 168355.0, 166747.0, 166377.0, 166622.0, 167790.0, 1.0e15, 165525.0, 167228.0, 165525.0, 165418.0, 166377.0, 166215.0, 165418.0, 165418.0, 168034.0, 166404.0, 165048.0, 165302.0, 168228.0, 165493.0, 165493.0, 166674.0, 166740.0, 165493.0, 165302.0, 167390.0, 165338.0, 166441.0, 167944.0, 1.0e15, 165229.0, 164622.0, 168257.0, 165791.0, 165229.0, 167288.0, 165533.0, 165533.0, 165608.0, 165048.0, 165971.0, 165229.0, 165178.0, 165178.0, 164912.0, 169308.0, 168564.0, 166619.0, 165659.0, 165608.0, 164918.0, 164918.0, 167798.0, 184090.0, 165971.0, 165552.0, 165608.0, 165552.0, 165178.0, 165659.0, 165796.0, 166621.0, 165418.0, 165067.0, 165533.0, 166621.0, 165048.0, 166320.0, 165524.0, 165659.0, 165718.0, 165998.0, 165067.0, 166015.0, 167452.0, 166097.0, 164876.0, 165973.0, 165659.0, 165665.0, 169876.0, 165533.0, 1.0e15, 165791.0, 165533.0, 165953.0, 164876.0, 165067.0, 164918.0, 165796.0, 1.0e15, 167334.0, 165608.0, 165791.0, 165971.0, 168961.0, 164912.0, 165796.0, 164876.0, 167181.0, 165971.0, 166029.0, 166015.0, 166248.0, 170267.0, 167541.0, 165608.0, 167352.0, 166470.0, 164876.0, 165163.0, 165229.0, 168924.0, 165067.0, 167334.0, 165229.0, 165178.0, 165418.0, 172139.0, 167541.0, 166377.0, 166122.0, 165418.0, 165418.0, 172370.0, 167128.0, 166294.0, 166619.0, 165048.0, 165178.0, 165953.0, 165229.0, 167288.0, 167790.0, 167128.0, 165659.0, 165418.0, 167205.0, 166377.0, 165418.0, 167541.0, 165418.0, 172548.0, 165659.0, 166314.0, 164912.0, 167015.0, 165524.0, 166573.0, 165048.0, 165067.0, 164918.0, 164918.0, 165178.0, 165229.0, 166377.0, 167798.0, 168303.0, 165718.0, 165533.0, 165608.0, 165791.0, 165796.0, 167205.0, 165718.0, 165659.0, 1.0e15, 165163.0, 166015.0, 166015.0, 168193.0, 165809.0, 1.0e15, 165718.0, 167181.0, 166619.0, 165796.0, 165809.0, 165067.0, 168961.0, 165608.0, 166573.0, 0.0, 0.0, 0.0, 0.0, 0.0, 0.0, 0.0, 0.0, 0.0, 0.0, 0.0, 0.0, 0.0, 0.0, 0.0, 0.0, 0.0, 0.0, 0.0, 0.0, 0.0, 0.0, 0.0, 0.0, 0.0, 0.0, 0.0, 0.0, 0.0, 0.0, 0.0, 0.0, 0.0, 0.0, 0.0, 0.0, 0.0, 0.0, 0.0, 0.0, 0.0, 0.0, 0.0, 0.0, 0.0, 0.0, 0.0, 0.0, 0.0, 0.0, 0.0, 0.0, 0.0, 0.0, 0.0, 0.0, 0.0, 0.0, 0.0, 0.0, 0.0, 0.0, 0.0, 0.0, 0.0, 0.0, 0.0, 0.0, 0.0, 0.0, 0.0, 0.0, 0.0, 0.0, 0.0, 0.0, 0.0, 0.0, 0.0, 0.0, 0.0, 0.0, 0.0, 0.0, 0.0, 0.0, 0.0, 0.0, 0.0, 0.0, 0.0, 0.0, 0.0, 0.0, 0.0, 0.0, 0.0, 0.0, 0.0, 0.0, 0.0, 0.0, 0.0, 0.0, 0.0, 0.0, 0.0, 0.0, 0.0, 0.0, 0.0, 0.0, 0.0, 0.0, 0.0, 0.0, 0.0, 0.0, 0.0, 0.0, 0.0, 0.0, 0.0, 0.0, 0.0, 0.0, 0.0, 0.0, 0.0, 0.0, 0.0, 0.0, 0.0, 0.0, 0.0, 0.0, 0.0, 0.0, 0.0, 0.0, 0.0, 0.0, 0.0, 0.0, 0.0, 0.0, 0.0, 0.0, 0.0, 0.0, 0.0, 0.0, 0.0, 0.0, 0.0, 0.0, 0.0, 0.0, 0.0, 0.0, 0.0, 0.0, 0.0, 0.0, 0.0, 0.0, 0.0, 0.0, 0.0, 0.0, 0.0, 0.0, 0.0, 0.0, 0.0, 0.0, 0.0, 0.0, 0.0, 0.0, 0.0, 0.0, 0.0, 0.0, 0.0, 0.0, 0.0, 0.0, 0.0, 0.0, 0.0, 0.0, 0.0, 0.0, 0.0, 0.0, 0.0, 0.0, 0.0, 0.0, 0.0, 0.0, 0.0, 0.0, 0.0, 0.0, 0.0, 0.0, 0.0, 0.0, 0.0, 0.0, 0.0, 0.0, 0.0, 0.0, 0.0, 0.0, 0.0, 0.0, 0.0, 0.0, 0.0, 0.0, 0.0, 0.0, 0.0, 0.0, 0.0, 0.0, 0.0, 0.0, 0.0, 0.0, 0.0, 0.0, 0.0, 0.0, 0.0, 0.0, 0.0, 0.0, 0.0, 0.0, 0.0, 0.0, 0.0, 0.0, 0.0, 0.0, 0.0, 0.0, 0.0, 0.0, 0.0, 0.0, 0.0, 0.0, 0.0, 0.0, 0.0, 0.0, 0.0, 0.0, 0.0, 0.0, 0.0, 0.0, 0.0, 0.0, 0.0, 0.0, 0.0, 0.0, 0.0, 0.0, 0.0, 0.0, 0.0, 0.0, 0.0, 0.0, 0.0, 0.0, 0.0, 0.0, 0.0, 0.0, 0.0, 0.0, 0.0, 0.0, 0.0, 0.0, 0.0, 0.0, 0.0, 0.0, 0.0, 0.0, 0.0, 0.0, 0.0, 0.0, 0.0, 0.0, 0.0, 0.0, 0.0, 0.0, 0.0, 0.0, 0.0, 0.0, 0.0, 0.0, 0.0, 0.0, 0.0, 0.0, 0.0, 0.0, 0.0, 0.0, 0.0, 0.0, 0.0, 0.0, 0.0, 0.0, 0.0, 0.0, 0.0, 0.0, 0.0, 0.0, 0.0, 0.0, 0.0, 0.0, 0.0, 0.0, 0.0, 0.0, 0.0, 0.0, 0.0, 0.0, 0.0, 0.0, 0.0, 0.0, 0.0, 0.0, 0.0, 0.0, 0.0, 0.0, 0.0, 0.0, 0.0, 0.0, 0.0, 0.0]
cong_K= Any[1, 1, 1, 1, 1, 1, 1, 1, 1, 1, 1, 1, 1, 1, 1, 1, 1, 1] 
obj_k= Any[195019, 179791, 176437, 176000, 173307, 171954, 171737, 170416, 169241, 169074, 168061, 167145, 166906, 166461, 166131, 165229, 165048, 164622] 
iter_obj = Any[1, 2, 3, 4, 5, 6, 9, 10, 11, 12, 14, 32, 37, 46, 48, 52, 71, 86] 
avgClusterDiam = 2413.285714285714 
maxClusterDiam = 4514.0 
clusterDiamete = [1982.0; 2045.0; 2257.0; 2334.0; 4514.0; 2080.0; 1681.0]   
C = [0, 0, 0, 0, 0, 0, 0, 0, 0, 0, 0, 0, 0, 0, 0, 0, 0, 0, 0, 0, 0, 0, 0, 0, 0, 0, 0, 0, 0, 0, 0, 0, 0, 0, 0, 0, 0, 0, 0, 0, 0, 0, 0, 0, 1, 0, 0, 0, 0, 0, 0, 0, 0, 0, 0, 0, 0, 0, 0, 0, 0, 0, 0, 0, 0, 0, 0, 0, 0, 0, 0, 0, 0, 0, 0, 0, 0, 0, 0, 0, 0, 0, 0, 0, 0, 0, 0, 1, 0, 0, 0, 0, 0, 0, 0, 0, 0, 0, 0, 0, 0, 0, 0, 0, 0, 0, 0, 0, 0, 0, 1, 0, 0, 0, 0, 0, 0, 0, 0, 0, 0, 0, 0, 0, 0, 0, 0, 0, 0, 0, 0, 0, 0, 1, 0, 0, 0, 0, 0, 0, 0, 0, 0, 0, 0, 0, 0, 0, 0, 0, 0, 0, 0, 0, 0, 0, 0, 0, 0, 0, 0, 0, 0, 0, 0, 0, 0, 0, 1, 0, 0, 0, 0, 0, 0, 0, 0, 0, 0, 0, 0, 0, 0, 0, 0, 0, 0, 0, 0, 0, 0, 0, 0, 1, 0, 0, 0, 0, 0, 0, 0, 0, 0, 0, 0, 0, 0, 0, 0, 0, 0, 0, 0, 0, 1, 0, 0, 0, 0, 0, 0, 0, 0, 0, 0, 0, 0, 0]
E = [259, 259, 259, 259, 259, 259, 259, 130, 130, 259, 259, 130, 259, 259, 259, 130, 130, 130, 259, 87, 130, 87, 87, 153, 87, 153, 153, 153, 153, 153, 153, 87, 319, 153, 153, 319, 153, 153, 153, 87, 153, 153, 259, 259, 87, 87, 87, 87, 87, 87, 87, 87, 87, 87, 87, 87, 87, 87, 87, 87, 259, 87, 87, 87, 130, 130, 87, 87, 259, 259, 259, 130, 259, 259, 130, 130, 130, 130, 130, 87, 130, 130, 130, 130, 130, 130, 130, 130, 130, 130, 130, 130, 130, 130, 130, 130, 130, 130, 130, 319, 130, 130, 153, 153, 153, 130, 153, 153, 153, 153, 153, 153, 153, 153, 319, 153, 153, 259, 153, 153, 153, 153, 153, 259, 259, 153, 153, 319, 259, 259, 259, 259, 259, 259, 87, 87, 259, 259, 259, 259, 259, 259, 259, 259, 259, 259, 259, 259, 259, 153, 153, 153, 153, 153, 319, 319, 153, 319, 319, 319, 319, 319, 319, 319, 319, 319, 319, 319, 319, 319, 319, 319, 319, 319, 377, 319, 319, 319, 319, 319, 377, 319, 377, 377, 319, 377, 319, 319, 319, 319, 377, 377, 377, 377, 377, 377, 377, 377, 319, 377, 377, 428, 319, 428, 377, 428, 428, 428, 428, 428, 377, 428, 428, 428, 428, 428, 428, 428, 428, 428, 428, 428, 428, 428, 428, 428, 87, 259]
