n° iter       = 300 
neighborhood_structure = [1 2 3] 
Prioridad     = 5 
balance       = 0.5 
Len_N         = 3 
N° clusters   = 7 
N° estaciones = 228 
N° mejoras    = 19
N° iter completadas  = 115
1° FO         = 207412.0
FO            = 165342
Centros       = [87, 127, 150, 259, 298, 377, 428]
Objs= Any[207412.0, 185682, 183239, 180637, 180637, 178077, 177919, 177175, 175603, 175603, 175603, 175603, 175362, 172701, 172515, 172515, 172515, 172515, 172515, 170091, 170091, 170091, 170091, 170091, 169688, 168868, 167507, 167507, 166951, 166448, 166448, 166448, 166448, 166367, 166367, 166367, 166334, 166334, 166334, 166334, 166334, 165342, 165342, 165342, 165342, 165342, 165342, 165342, 165342, 165342, 165342, 165342, 165342, 165342, 165342, 165342, 165342, 165342, 165342, 165342, 165342, 165342, 165342, 165342, 165342, 165342, 165342, 165342, 165342, 165342, 165342, 165342, 165342, 165342, 165342, 165342, 165342, 165342, 165342, 165342, 165342, 165342, 165342, 165342, 165342, 165342, 165342, 165342, 165342, 165342, 165342, 165342, 165342, 165342, 165342, 165342, 165342, 165342, 165342, 165342, 165342, 165342, 165342, 165342, 165342, 165342, 165342, 165342, 165342, 165342, 165342, 165342, 165342, 165342, 165342, 165342]
current_obj = [185682.0, 183239.0, 180637.0, 182212.0, 178077.0, 177919.0, 177175.0, 175603.0, 178027.0, 178328.0, 176402.0, 175362.0, 172701.0, 172515.0, 173519.0, 178906.0, 172609.0, 177008.0, 170091.0, 170096.0, 171389.0, 173251.0, 170217.0, 169688.0, 168868.0, 167507.0, 172680.0, 166951.0, 166448.0, 174909.0, 171368.0, 171875.0, 166367.0, 170028.0, 168084.0, 166334.0, 173186.0, 168217.0, 168198.0, 168942.0, 165342.0, 167878.0, 168770.0, 167108.0, 169476.0, 167328.0, 166516.0, 166831.0, 165880.0, 167032.0, 167307.0, 166928.0, 171299.0, 169882.0, 168634.0, 170118.0, 165768.0, 174133.0, 166516.0, 171939.0, 1.0e15, 169870.0, 165553.0, 165949.0, 165880.0, 167950.0, 167264.0, 165898.0, 167456.0, 168261.0, 166928.0, 166334.0, 166773.0, 170133.0, 182979.0, 168509.0, 169884.0, 167335.0, 167042.0, 167950.0, 167456.0, 168004.0, 170503.0, 166381.0, 173242.0, 166693.0, 170471.0, 167293.0, 168907.0, 171117.0, 170316.0, 168474.0, 165967.0, 167221.0, 171118.0, 167221.0, 165814.0, 167108.0, 168882.0, 169555.0, 167108.0, 170648.0, 168884.0, 166718.0, 165880.0, 166334.0, 168907.0, 167108.0, 168509.0, 166138.0, 168472.0, 167264.0, 175175.0, 166522.0, 166603.0, 168787.0, 0.0, 0.0, 0.0, 0.0, 0.0, 0.0, 0.0, 0.0, 0.0, 0.0, 0.0, 0.0, 0.0, 0.0, 0.0, 0.0, 0.0, 0.0, 0.0, 0.0, 0.0, 0.0, 0.0, 0.0, 0.0, 0.0, 0.0, 0.0, 0.0, 0.0, 0.0, 0.0, 0.0, 0.0, 0.0, 0.0, 0.0, 0.0, 0.0, 0.0, 0.0, 0.0, 0.0, 0.0, 0.0, 0.0, 0.0, 0.0, 0.0, 0.0, 0.0, 0.0, 0.0, 0.0, 0.0, 0.0, 0.0, 0.0, 0.0, 0.0, 0.0, 0.0, 0.0, 0.0, 0.0, 0.0, 0.0, 0.0, 0.0, 0.0, 0.0, 0.0, 0.0, 0.0, 0.0, 0.0, 0.0, 0.0, 0.0, 0.0, 0.0, 0.0, 0.0, 0.0, 0.0, 0.0, 0.0, 0.0, 0.0, 0.0, 0.0, 0.0, 0.0, 0.0, 0.0, 0.0, 0.0, 0.0, 0.0, 0.0, 0.0, 0.0, 0.0, 0.0, 0.0, 0.0, 0.0, 0.0, 0.0, 0.0, 0.0, 0.0, 0.0, 0.0, 0.0, 0.0, 0.0, 0.0, 0.0, 0.0, 0.0, 0.0, 0.0, 0.0, 0.0, 0.0, 0.0, 0.0, 0.0, 0.0, 0.0, 0.0, 0.0, 0.0, 0.0, 0.0, 0.0, 0.0, 0.0, 0.0, 0.0, 0.0, 0.0, 0.0, 0.0, 0.0, 0.0, 0.0, 0.0, 0.0, 0.0, 0.0, 0.0, 0.0, 0.0, 0.0, 0.0, 0.0, 0.0, 0.0, 0.0, 0.0, 0.0, 0.0, 0.0, 0.0, 0.0, 0.0, 0.0, 0.0, 0.0, 0.0, 0.0, 0.0, 0.0, 0.0, 0.0, 0.0, 0.0, 0.0, 0.0, 0.0, 0.0, 0.0]
cong_K= Any[2, 1, 2, 1, 1, 2, 2, 1, 1, 3, 2, 1, 1, 1, 1, 1, 1, 1, 1] 
obj_k= Any[185682, 183239, 180637, 178077, 177919, 177175, 175603, 175362, 172701, 172515, 170091, 169688, 168868, 167507, 166951, 166448, 166367, 166334, 165342] 
iter_obj = Any[1, 2, 3, 5, 6, 7, 8, 12, 13, 14, 19, 24, 25, 26, 28, 29, 33, 36, 41] 
avgClusterDiam = 2458.285714285714 
maxClusterDiam = 4731.0 
clusterDiamete = [1982.0; 1961.0; 2439.0; 2334.0; 4731.0; 2080.0; 1681.0]   
C = [0, 0, 0, 0, 0, 0, 0, 0, 0, 0, 0, 0, 0, 0, 0, 0, 0, 0, 0, 0, 0, 0, 0, 0, 0, 0, 0, 0, 0, 0, 0, 0, 0, 0, 0, 0, 0, 0, 0, 0, 0, 0, 0, 0, 1, 0, 0, 0, 0, 0, 0, 0, 0, 0, 0, 0, 0, 0, 0, 0, 0, 0, 0, 0, 0, 0, 0, 0, 0, 0, 0, 0, 0, 0, 0, 0, 0, 0, 0, 0, 0, 0, 0, 0, 1, 0, 0, 0, 0, 0, 0, 0, 0, 0, 0, 0, 0, 0, 0, 0, 0, 0, 0, 0, 0, 0, 0, 1, 0, 0, 0, 0, 0, 0, 0, 0, 0, 0, 0, 0, 0, 0, 0, 0, 0, 0, 0, 0, 0, 0, 0, 0, 0, 1, 0, 0, 0, 0, 0, 0, 0, 0, 0, 0, 0, 0, 0, 0, 0, 0, 0, 0, 0, 0, 0, 0, 0, 0, 0, 0, 0, 0, 0, 1, 0, 0, 0, 0, 0, 0, 0, 0, 0, 0, 0, 0, 0, 0, 0, 0, 0, 0, 0, 0, 0, 0, 0, 0, 0, 0, 0, 0, 0, 1, 0, 0, 0, 0, 0, 0, 0, 0, 0, 0, 0, 0, 0, 0, 0, 0, 0, 0, 0, 0, 1, 0, 0, 0, 0, 0, 0, 0, 0, 0, 0, 0, 0, 0]
E = [259, 127, 259, 259, 259, 259, 259, 127, 127, 127, 259, 127, 259, 259, 259, 127, 127, 127, 259, 87, 127, 87, 87, 150, 87, 150, 150, 298, 150, 150, 150, 87, 150, 150, 150, 298, 150, 150, 150, 87, 150, 150, 259, 259, 87, 87, 87, 87, 87, 87, 87, 87, 87, 87, 87, 87, 87, 87, 87, 87, 259, 87, 87, 87, 127, 127, 87, 87, 259, 259, 259, 127, 259, 259, 127, 127, 127, 127, 127, 87, 127, 127, 127, 127, 127, 127, 127, 127, 127, 127, 127, 127, 127, 127, 127, 127, 150, 127, 150, 150, 150, 127, 150, 150, 150, 150, 150, 150, 150, 150, 150, 150, 150, 150, 298, 150, 150, 259, 150, 150, 150, 150, 150, 259, 259, 150, 150, 298, 259, 259, 259, 259, 259, 259, 87, 87, 259, 259, 259, 259, 259, 259, 259, 259, 259, 259, 259, 259, 259, 298, 150, 150, 298, 150, 150, 298, 298, 298, 298, 298, 298, 298, 298, 298, 298, 298, 298, 298, 298, 298, 298, 298, 298, 298, 377, 298, 298, 298, 298, 298, 377, 298, 377, 377, 298, 377, 298, 298, 298, 298, 377, 377, 377, 377, 377, 377, 377, 377, 298, 377, 377, 428, 298, 428, 377, 428, 428, 428, 428, 428, 377, 428, 428, 428, 428, 428, 428, 428, 428, 428, 428, 428, 428, 428, 428, 428, 87, 259]
