n° iter       = 600 
neighborhood_structure = [1] 
Prioridad     = 10 
balance       = 0.5 
Len_N         = 3 
N° clusters   = 7 
N° estaciones = 228 
N° mejoras    = 25
N° iter completadas  = 323
1° FO         = 196317.0
FO            = 165271
Centros       = [87, 117, 150, 275, 298, 377, 428]
Objs= Any[196317.0, 180391, 180391, 176954, 174456, 173787, 173787, 173787, 173326, 173326, 173326, 173326, 173326, 173291, 173291, 171883, 171796, 171796, 171554, 171554, 171418, 171418, 170459, 170459, 170459, 170459, 170459, 170459, 170459, 169910, 169910, 169910, 169910, 169910, 169478, 169478, 169478, 169478, 169478, 169478, 169478, 169478, 169478, 169478, 169478, 169289, 169289, 169289, 169289, 168682, 168682, 168682, 168682, 167513, 167513, 167513, 167513, 167513, 167513, 167513, 167204, 167204, 167204, 167204, 167204, 167204, 167204, 167204, 167204, 167204, 167204, 167204, 167204, 167204, 167204, 167204, 167204, 167204, 167204, 166438, 166438, 166438, 166438, 166397, 166397, 166397, 166397, 166397, 166397, 166397, 166397, 166397, 166397, 166397, 166397, 166397, 166397, 166363, 166363, 166363, 166363, 166363, 166363, 166215, 166215, 166215, 166215, 166215, 166215, 165925, 165925, 165925, 165925, 165925, 165925, 165925, 165925, 165925, 165925, 165548, 165548, 165548, 165548, 165548, 165548, 165548, 165548, 165548, 165548, 165548, 165548, 165548, 165548, 165548, 165548, 165548, 165548, 165548, 165548, 165548, 165548, 165548, 165548, 165548, 165548, 165548, 165548, 165528, 165528, 165528, 165528, 165528, 165528, 165528, 165528, 165528, 165528, 165528, 165528, 165528, 165528, 165528, 165528, 165528, 165528, 165528, 165528, 165528, 165528, 165528, 165528, 165528, 165528, 165528, 165271, 165271, 165271, 165271, 165271, 165271, 165271, 165271, 165271, 165271, 165271, 165271, 165271, 165271, 165271, 165271, 165271, 165271, 165271, 165271, 165271, 165271, 165271, 165271, 165271, 165271, 165271, 165271, 165271, 165271, 165271, 165271, 165271, 165271, 165271, 165271, 165271, 165271, 165271, 165271, 165271, 165271, 165271, 165271, 165271, 165271, 165271, 165271, 165271, 165271, 165271, 165271, 165271, 165271, 165271, 165271, 165271, 165271, 165271, 165271, 165271, 165271, 165271, 165271, 165271, 165271, 165271, 165271, 165271, 165271, 165271, 165271, 165271, 165271, 165271, 165271, 165271, 165271, 165271, 165271, 165271, 165271, 165271, 165271, 165271, 165271, 165271, 165271, 165271, 165271, 165271, 165271, 165271, 165271, 165271, 165271, 165271, 165271, 165271, 165271, 165271, 165271, 165271, 165271, 165271, 165271, 165271, 165271, 165271, 165271, 165271, 165271, 165271, 165271, 165271, 165271, 165271, 165271, 165271, 165271, 165271, 165271, 165271, 165271, 165271, 165271, 165271, 165271, 165271, 165271, 165271, 165271, 165271, 165271, 165271, 165271, 165271, 165271, 165271, 165271, 165271, 165271, 165271, 165271, 165271, 165271, 165271, 165271, 165271, 165271]
current_obj = [180391.0, 183330.0, 176954.0, 174456.0, 173787.0, 173822.0, 175051.0, 173326.0, 176490.0, 175542.0, 173820.0, 175932.0, 173291.0, 174308.0, 171883.0, 171796.0, 172729.0, 171554.0, 174339.0, 171418.0, 171857.0, 170459.0, 176801.0, 1.0e15, 170953.0, 182480.0, 170595.0, 1.0e15, 169910.0, 170616.0, 174114.0, 170758.0, 170893.0, 169478.0, 170374.0, 171921.0, 171757.0, 170679.0, 170339.0, 171810.0, 169614.0, 170281.0, 173660.0, 170466.0, 169289.0, 1.0e15, 169336.0, 170303.0, 168682.0, 169127.0, 169696.0, 170182.0, 167513.0, 167709.0, 168536.0, 169270.0, 167715.0, 173814.0, 168309.0, 167204.0, 170157.0, 168704.0, 171732.0, 1.0e15, 169329.0, 168664.0, 170685.0, 167958.0, 170625.0, 169270.0, 169201.0, 168565.0, 169070.0, 171135.0, 168391.0, 178091.0, 170157.0, 170423.0, 166438.0, 170832.0, 167787.0, 170141.0, 166397.0, 167410.0, 169636.0, 167004.0, 167965.0, 169501.0, 170699.0, 166517.0, 166517.0, 168510.0, 170339.0, 168507.0, 170078.0, 168522.0, 166363.0, 166919.0, 166789.0, 168264.0, 1.0e15, 169980.0, 166215.0, 168116.0, 167717.0, 166537.0, 169780.0, 169660.0, 165925.0, 172178.0, 1.0e15, 170899.0, 1.0e15, 166073.0, 175018.0, 167527.0, 170097.0, 166325.0, 165548.0, 166364.0, 1.0e15, 168182.0, 166019.0, 166352.0, 166368.0, 168506.0, 171241.0, 166364.0, 168392.0, 169850.0, 167534.0, 1.0e15, 167775.0, 167652.0, 165772.0, 165696.0, 166924.0, 166050.0, 1.0e15, 168192.0, 170339.0, 166470.0, 168993.0, 1.0e15, 166309.0, 165559.0, 165528.0, 166702.0, 170598.0, 166877.0, 165953.0, 167479.0, 1.0e15, 165953.0, 166715.0, 171211.0, 166036.0, 166458.0, 166715.0, 167294.0, 1.0e15, 166084.0, 165676.0, 169291.0, 167017.0, 1.0e15, 166512.0, 166924.0, 170068.0, 166806.0, 173200.0, 1.0e15, 167185.0, 165271.0, 1.0e15, 165827.0, 1.0e15, 166445.0, 166806.0, 165528.0, 166288.0, 168190.0, 167730.0, 167375.0, 167777.0, 170544.0, 169277.0, 166162.0, 1.0e15, 169287.0, 166406.0, 176440.0, 171140.0, 170236.0, 170114.0, 167257.0, 169044.0, 166406.0, 168524.0, 168109.0, 173638.0, 166162.0, 168836.0, 167385.0, 184290.0, 177923.0, 168190.0, 166760.0, 169725.0, 166620.0, 165548.0, 167174.0, 167435.0, 167375.0, 166670.0, 165953.0, 168392.0, 168394.0, 166647.0, 1.0e15, 171980.0, 166620.0, 167435.0, 1.0e15, 168952.0, 165687.0, 169277.0, 166846.0, 182655.0, 167174.0, 168447.0, 167851.0, 1.0e15, 166458.0, 1.0e15, 166052.0, 166282.0, 167037.0, 166544.0, 169069.0, 165687.0, 168439.0, 168510.0, 165806.0, 168190.0, 166562.0, 166924.0, 172053.0, 166857.0, 165772.0, 166846.0, 167730.0, 165528.0, 166067.0, 1.0e15, 166288.0, 165419.0, 165573.0, 167174.0, 165878.0, 166162.0, 165687.0, 167222.0, 165878.0, 168447.0, 167257.0, 170062.0, 165878.0, 165539.0, 166544.0, 1.0e15, 166846.0, 165878.0, 165573.0, 168716.0, 165806.0, 167375.0, 166562.0, 167257.0, 168813.0, 166647.0, 166052.0, 167044.0, 169214.0, 165539.0, 166282.0, 166282.0, 167851.0, 167352.0, 168813.0, 166179.0, 165697.0, 166288.0, 1.0e15, 165806.0, 165419.0, 169287.0, 165953.0, 168190.0, 1.0e15, 168046.0, 167044.0, 166659.0, 166445.0, 1.0e15, 1.0e15, 166846.0, 169069.0, 166445.0, 1.0e15, 166052.0, 170321.0, 173507.0, 166445.0, 165827.0, 171140.0, 166647.0, 169011.0, 167647.0, 166670.0, 168510.0, 165539.0, 168144.0, 180266.0, 0.0, 0.0, 0.0, 0.0, 0.0, 0.0, 0.0, 0.0, 0.0, 0.0, 0.0, 0.0, 0.0, 0.0, 0.0, 0.0, 0.0, 0.0, 0.0, 0.0, 0.0, 0.0, 0.0, 0.0, 0.0, 0.0, 0.0, 0.0, 0.0, 0.0, 0.0, 0.0, 0.0, 0.0, 0.0, 0.0, 0.0, 0.0, 0.0, 0.0, 0.0, 0.0, 0.0, 0.0, 0.0, 0.0, 0.0, 0.0, 0.0, 0.0, 0.0, 0.0, 0.0, 0.0, 0.0, 0.0, 0.0, 0.0, 0.0, 0.0, 0.0, 0.0, 0.0, 0.0, 0.0, 0.0, 0.0, 0.0, 0.0, 0.0, 0.0, 0.0, 0.0, 0.0, 0.0, 0.0, 0.0, 0.0, 0.0, 0.0, 0.0, 0.0, 0.0, 0.0, 0.0, 0.0, 0.0, 0.0, 0.0, 0.0, 0.0, 0.0, 0.0, 0.0, 0.0, 0.0, 0.0, 0.0, 0.0, 0.0, 0.0, 0.0, 0.0, 0.0, 0.0, 0.0, 0.0, 0.0, 0.0, 0.0, 0.0, 0.0, 0.0, 0.0, 0.0, 0.0, 0.0, 0.0, 0.0, 0.0, 0.0, 0.0, 0.0, 0.0, 0.0, 0.0, 0.0, 0.0, 0.0, 0.0, 0.0, 0.0, 0.0, 0.0, 0.0, 0.0, 0.0, 0.0, 0.0, 0.0, 0.0, 0.0, 0.0, 0.0, 0.0, 0.0, 0.0, 0.0, 0.0, 0.0, 0.0, 0.0, 0.0, 0.0, 0.0, 0.0, 0.0, 0.0, 0.0, 0.0, 0.0, 0.0, 0.0, 0.0, 0.0, 0.0, 0.0, 0.0, 0.0, 0.0, 0.0, 0.0, 0.0, 0.0, 0.0, 0.0, 0.0, 0.0, 0.0, 0.0, 0.0, 0.0, 0.0, 0.0, 0.0, 0.0, 0.0, 0.0, 0.0, 0.0, 0.0, 0.0, 0.0, 0.0, 0.0, 0.0, 0.0, 0.0, 0.0, 0.0, 0.0, 0.0, 0.0, 0.0, 0.0, 0.0, 0.0, 0.0, 0.0, 0.0, 0.0, 0.0, 0.0, 0.0, 0.0, 0.0, 0.0, 0.0, 0.0, 0.0, 0.0, 0.0, 0.0, 0.0, 0.0, 0.0, 0.0, 0.0, 0.0, 0.0, 0.0, 0.0, 0.0, 0.0, 0.0, 0.0, 0.0, 0.0, 0.0, 0.0, 0.0, 0.0, 0.0, 0.0, 0.0, 0.0, 0.0, 0.0, 0.0, 0.0, 0.0, 0.0, 0.0, 0.0, 0.0, 0.0, 0.0, 0.0, 0.0, 0.0, 0.0, 0.0, 0.0, 0.0, 0.0, 0.0, 0.0, 0.0, 0.0, 0.0, 0.0, 0.0, 0.0, 0.0, 0.0, 0.0]
cong_K= Any[1, 1, 1, 1, 1, 1, 1, 1, 1, 1, 1, 1, 1, 1, 1, 1, 1, 1, 1, 1, 1, 1, 1, 1, 1] 
obj_k= Any[180391, 176954, 174456, 173787, 173326, 173291, 171883, 171796, 171554, 171418, 170459, 169910, 169478, 169289, 168682, 167513, 167204, 166438, 166397, 166363, 166215, 165925, 165548, 165528, 165271] 
iter_obj = Any[1, 3, 4, 5, 8, 13, 15, 16, 18, 20, 22, 29, 34, 45, 49, 53, 60, 79, 83, 97, 103, 109, 119, 147, 174] 
avgClusterDiam = 2553.1428571428573 
maxClusterDiam = 4731.0 
clusterDiamete = [2027.0; 2580.0; 2439.0; 2334.0; 4731.0; 2080.0; 1681.0]   
C = [0, 0, 0, 0, 0, 0, 0, 0, 0, 0, 0, 0, 0, 0, 0, 0, 0, 0, 0, 0, 0, 0, 0, 0, 0, 0, 0, 0, 0, 0, 0, 0, 0, 0, 0, 0, 0, 0, 0, 0, 0, 0, 0, 0, 1, 0, 0, 0, 0, 0, 0, 0, 0, 0, 0, 0, 0, 0, 0, 0, 0, 0, 0, 0, 0, 0, 0, 0, 0, 0, 0, 0, 0, 0, 1, 0, 0, 0, 0, 0, 0, 0, 0, 0, 0, 0, 0, 0, 0, 0, 0, 0, 0, 0, 0, 0, 0, 0, 0, 0, 0, 0, 0, 0, 0, 0, 0, 1, 0, 0, 0, 0, 0, 0, 0, 0, 0, 0, 0, 0, 0, 0, 0, 0, 0, 0, 0, 0, 0, 0, 0, 0, 0, 0, 0, 0, 0, 0, 0, 0, 0, 0, 0, 0, 0, 0, 0, 0, 1, 0, 0, 0, 0, 0, 0, 0, 0, 0, 0, 0, 0, 0, 0, 1, 0, 0, 0, 0, 0, 0, 0, 0, 0, 0, 0, 0, 0, 0, 0, 0, 0, 0, 0, 0, 0, 0, 0, 0, 0, 0, 0, 0, 0, 1, 0, 0, 0, 0, 0, 0, 0, 0, 0, 0, 0, 0, 0, 0, 0, 0, 0, 0, 0, 0, 1, 0, 0, 0, 0, 0, 0, 0, 0, 0, 0, 0, 0, 0]
E = [117, 117, 117, 117, 275, 117, 117, 117, 117, 117, 275, 117, 275, 275, 275, 117, 117, 117, 87, 87, 117, 87, 87, 150, 87, 150, 150, 298, 150, 150, 150, 87, 150, 150, 150, 298, 150, 150, 150, 87, 150, 150, 117, 117, 87, 87, 87, 87, 87, 87, 87, 87, 87, 87, 87, 87, 87, 87, 87, 87, 275, 87, 87, 87, 117, 117, 87, 87, 117, 275, 117, 117, 117, 117, 117, 117, 117, 117, 117, 87, 117, 117, 117, 117, 117, 117, 117, 117, 117, 117, 117, 117, 117, 150, 117, 117, 150, 150, 150, 150, 150, 150, 150, 150, 150, 150, 150, 150, 150, 150, 150, 150, 150, 150, 298, 150, 150, 275, 150, 150, 150, 150, 150, 275, 275, 150, 150, 298, 117, 275, 117, 275, 117, 275, 87, 87, 117, 275, 275, 275, 275, 275, 275, 275, 275, 275, 275, 275, 275, 298, 150, 150, 298, 150, 150, 298, 298, 298, 298, 298, 298, 298, 298, 298, 298, 298, 298, 298, 298, 298, 298, 298, 298, 298, 377, 298, 298, 298, 298, 298, 377, 298, 377, 377, 298, 377, 298, 298, 298, 298, 377, 377, 377, 377, 377, 377, 377, 377, 298, 377, 377, 428, 298, 428, 377, 428, 428, 428, 428, 428, 377, 428, 428, 428, 428, 428, 428, 428, 428, 428, 428, 428, 428, 428, 428, 428, 87, 275]
