n° iter       = 300 
neighborhood_structure = [3] 
Prioridad     = 10 
balance       = 0.5 
Len_N         = 9 
N° clusters   = 7 
N° estaciones = 228 
N° mejoras    = 13
N° iter completadas  = 163
1° FO         = 197434.0
FO            = 170349
Centros       = [87, 132, 150, 259, 319, 358, 411]
Objs= Any[197434.0, 197434.0, 195294, 195294, 195294, 195294, 195294, 195294, 188482, 187391, 187391, 182770, 182770, 182770, 182770, 182770, 182770, 182770, 182770, 182770, 182770, 182770, 182770, 182770, 179097, 179097, 179097, 179097, 179097, 179097, 179097, 179097, 179097, 179097, 179097, 176164, 176164, 176164, 176164, 176164, 176164, 176164, 176164, 175316, 175316, 175316, 175316, 175316, 175316, 175316, 175316, 174336, 174336, 174336, 173756, 173756, 173756, 173756, 173756, 173756, 173756, 173756, 173756, 173756, 173756, 173756, 173756, 173756, 173756, 173756, 173756, 173756, 173756, 173364, 173364, 173364, 171498, 171498, 171498, 171498, 171498, 171498, 171498, 171498, 171498, 171197, 171197, 171197, 171197, 170349, 170349, 170349, 170349, 170349, 170349, 170349, 170349, 170349, 170349, 170349, 170349, 170349, 170349, 170349, 170349, 170349, 170349, 170349, 170349, 170349, 170349, 170349, 170349, 170349, 170349, 170349, 170349, 170349, 170349, 170349, 170349, 170349, 170349, 170349, 170349, 170349, 170349, 170349, 170349, 170349, 170349, 170349, 170349, 170349, 170349, 170349, 170349, 170349, 170349, 170349, 170349, 170349, 170349, 170349, 170349, 170349, 170349, 170349, 170349, 170349, 170349, 170349, 170349, 170349, 170349, 170349, 170349, 170349, 170349, 170349, 170349, 170349, 170349, 170349]
current_obj = [201312.0, 195294.0, 1.0e15, 1.0e15, 1.0e15, 197353.0, 197979.0, 188482.0, 187391.0, 1.0e15, 182770.0, 183158.0, 200649.0, 1.0e15, 192467.0, 1.0e15, 188039.0, 1.0e15, 192542.0, 1.0e15, 185692.0, 184457.0, 198551.0, 179097.0, 209172.0, 1.0e15, 180046.0, 180456.0, 193716.0, 180318.0, 180804.0, 179539.0, 179729.0, 191345.0, 176164.0, 1.0e15, 1.0e15, 1.0e15, 1.0e15, 186613.0, 1.0e15, 186921.0, 175316.0, 175439.0, 179559.0, 186280.0, 1.0e15, 196753.0, 182726.0, 180910.0, 174336.0, 192275.0, 182869.0, 173756.0, 175217.0, 179141.0, 177331.0, 195990.0, 194669.0, 1.0e15, 1.0e15, 176579.0, 174433.0, 1.0e15, 1.0e15, 179836.0, 180285.0, 185201.0, 175754.0, 175907.0, 1.0e15, 177667.0, 173364.0, 181928.0, 188057.0, 171498.0, 179595.0, 177984.0, 173478.0, 1.0e15, 175918.0, 174121.0, 184210.0, 1.0e15, 171197.0, 1.0e15, 201527.0, 174943.0, 170349.0, 1.0e15, 182882.0, 180334.0, 175176.0, 1.0e15, 184282.0, 185995.0, 175557.0, 173344.0, 189731.0, 187094.0, 174640.0, 177623.0, 177183.0, 172510.0, 173412.0, 198898.0, 188332.0, 176197.0, 191010.0, 172717.0, 179180.0, 176650.0, 184745.0, 179218.0, 185990.0, 189794.0, 1.0e15, 186501.0, 176063.0, 173871.0, 184479.0, 178100.0, 172989.0, 176784.0, 174779.0, 1.0e15, 177101.0, 171116.0, 1.0e15, 178038.0, 174100.0, 175775.0, 1.0e15, 176610.0, 181806.0, 175576.0, 188908.0, 195731.0, 178321.0, 172904.0, 187121.0, 1.0e15, 178002.0, 177375.0, 173218.0, 178189.0, 175105.0, 178703.0, 185156.0, 188254.0, 184042.0, 197132.0, 175592.0, 1.0e15, 175331.0, 1.0e15, 178156.0, 181590.0, 175945.0, 181862.0, 1.0e15, 179237.0, 176132.0, 183583.0, 0.0, 0.0, 0.0, 0.0, 0.0, 0.0, 0.0, 0.0, 0.0, 0.0, 0.0, 0.0, 0.0, 0.0, 0.0, 0.0, 0.0, 0.0, 0.0, 0.0, 0.0, 0.0, 0.0, 0.0, 0.0, 0.0, 0.0, 0.0, 0.0, 0.0, 0.0, 0.0, 0.0, 0.0, 0.0, 0.0, 0.0, 0.0, 0.0, 0.0, 0.0, 0.0, 0.0, 0.0, 0.0, 0.0, 0.0, 0.0, 0.0, 0.0, 0.0, 0.0, 0.0, 0.0, 0.0, 0.0, 0.0, 0.0, 0.0, 0.0, 0.0, 0.0, 0.0, 0.0, 0.0, 0.0, 0.0, 0.0, 0.0, 0.0, 0.0, 0.0, 0.0, 0.0, 0.0, 0.0, 0.0, 0.0, 0.0, 0.0, 0.0, 0.0, 0.0, 0.0, 0.0, 0.0, 0.0, 0.0, 0.0, 0.0, 0.0, 0.0, 0.0, 0.0, 0.0, 0.0, 0.0, 0.0, 0.0, 0.0, 0.0, 0.0, 0.0, 0.0, 0.0, 0.0, 0.0, 0.0, 0.0, 0.0, 0.0, 0.0, 0.0, 0.0, 0.0, 0.0, 0.0, 0.0, 0.0, 0.0, 0.0, 0.0, 0.0, 0.0, 0.0, 0.0, 0.0, 0.0, 0.0, 0.0, 0.0, 0.0, 0.0, 0.0, 0.0, 0.0]
cong_K= Any[3, 3, 3, 3, 3, 3, 3, 3, 3, 3, 3, 3, 3] 
obj_k= Any[195294, 188482, 187391, 182770, 179097, 176164, 175316, 174336, 173756, 173364, 171498, 171197, 170349] 
iter_obj = Any[2, 8, 9, 11, 24, 35, 43, 51, 54, 73, 76, 85, 89] 
avgClusterDiam = 2430.1428571428573 
maxClusterDiam = 4514.0 
clusterDiamete = [1982.0; 2045.0; 2257.0; 2334.0; 4514.0; 1557.0; 2322.0]   
C = [0, 0, 0, 0, 0, 0, 0, 0, 0, 0, 0, 0, 0, 0, 0, 0, 0, 0, 0, 0, 0, 0, 0, 0, 0, 0, 0, 0, 0, 0, 0, 0, 0, 0, 0, 0, 0, 0, 0, 0, 0, 0, 0, 0, 1, 0, 0, 0, 0, 0, 0, 0, 0, 0, 0, 0, 0, 0, 0, 0, 0, 0, 0, 0, 0, 0, 0, 0, 0, 0, 0, 0, 0, 0, 0, 0, 0, 0, 0, 0, 0, 0, 0, 0, 0, 0, 0, 0, 0, 1, 0, 0, 0, 0, 0, 0, 0, 0, 0, 0, 0, 0, 0, 0, 0, 0, 0, 1, 0, 0, 0, 0, 0, 0, 0, 0, 0, 0, 0, 0, 0, 0, 0, 0, 0, 0, 0, 0, 0, 0, 0, 0, 0, 1, 0, 0, 0, 0, 0, 0, 0, 0, 0, 0, 0, 0, 0, 0, 0, 0, 0, 0, 0, 0, 0, 0, 0, 0, 0, 0, 0, 0, 0, 0, 0, 0, 0, 0, 1, 0, 0, 0, 0, 0, 0, 0, 0, 0, 0, 0, 0, 0, 0, 0, 0, 1, 0, 0, 0, 0, 0, 0, 0, 0, 0, 0, 0, 0, 0, 0, 0, 0, 0, 0, 0, 0, 0, 0, 0, 1, 0, 0, 0, 0, 0, 0, 0, 0, 0, 0, 0, 0, 0, 0, 0, 0, 0, 0]
E = [259, 259, 259, 259, 259, 259, 259, 132, 259, 259, 259, 132, 259, 259, 259, 132, 132, 132, 259, 87, 132, 87, 87, 150, 87, 150, 150, 150, 150, 150, 150, 87, 319, 150, 150, 319, 150, 150, 150, 87, 150, 150, 259, 259, 87, 87, 87, 87, 87, 87, 87, 87, 87, 87, 87, 87, 87, 87, 87, 87, 259, 87, 87, 87, 132, 132, 87, 87, 259, 259, 259, 259, 259, 259, 132, 132, 132, 132, 132, 87, 132, 132, 132, 132, 132, 132, 132, 132, 132, 132, 132, 132, 132, 132, 132, 132, 150, 132, 132, 319, 132, 132, 150, 150, 150, 132, 150, 150, 150, 150, 150, 150, 150, 150, 319, 150, 150, 259, 150, 150, 150, 150, 150, 259, 259, 150, 150, 319, 259, 259, 259, 259, 259, 259, 87, 87, 259, 259, 259, 259, 259, 259, 259, 259, 259, 259, 259, 259, 259, 150, 150, 150, 319, 150, 319, 319, 150, 319, 319, 319, 319, 319, 319, 319, 319, 319, 319, 319, 319, 319, 319, 319, 319, 319, 358, 319, 319, 319, 319, 319, 358, 319, 358, 358, 319, 358, 319, 319, 319, 358, 319, 358, 358, 358, 411, 411, 411, 358, 319, 411, 411, 411, 319, 411, 411, 411, 411, 411, 411, 411, 411, 411, 411, 411, 411, 411, 411, 411, 411, 411, 411, 411, 411, 411, 411, 411, 87, 259]
