n° iter       = 300 
neighborhood_structure = [1] 
Prioridad     = 10 
balance       = 0.5 
Len_N         = 9 
N° clusters   = 7 
N° estaciones = 228 
N° mejoras    = 19
N° iter completadas  = 142
1° FO         = 195273.0
FO            = 164622
Centros       = [87, 130, 153, 259, 319, 377, 428]
Objs= Any[195273.0, 191079, 189462, 184867, 180154, 180154, 177246, 175647, 175647, 172214, 172214, 171322, 171322, 171243, 171243, 171148, 170785, 168670, 167483, 166686, 165539, 165163, 165163, 165163, 165163, 165163, 165163, 165163, 165163, 165163, 165163, 165163, 165163, 165163, 165163, 165163, 165163, 165163, 165163, 165163, 165163, 165163, 165029, 165029, 165029, 165029, 165029, 165029, 164918, 164918, 164918, 164918, 164918, 164918, 164918, 164918, 164918, 164918, 164918, 164918, 164918, 164918, 164918, 164918, 164918, 164918, 164918, 164918, 164622, 164622, 164622, 164622, 164622, 164622, 164622, 164622, 164622, 164622, 164622, 164622, 164622, 164622, 164622, 164622, 164622, 164622, 164622, 164622, 164622, 164622, 164622, 164622, 164622, 164622, 164622, 164622, 164622, 164622, 164622, 164622, 164622, 164622, 164622, 164622, 164622, 164622, 164622, 164622, 164622, 164622, 164622, 164622, 164622, 164622, 164622, 164622, 164622, 164622, 164622, 164622, 164622, 164622, 164622, 164622, 164622, 164622, 164622, 164622, 164622, 164622, 164622, 164622, 164622, 164622, 164622, 164622, 164622, 164622, 164622, 164622, 164622, 164622, 164622]
current_obj = [191079.0, 189462.0, 184867.0, 180154.0, 1.0e15, 177246.0, 175647.0, 1.0e15, 172214.0, 178840.0, 171322.0, 172465.0, 171243.0, 173276.0, 171148.0, 170785.0, 168670.0, 167483.0, 166686.0, 165539.0, 165163.0, 166332.0, 169316.0, 167501.0, 165552.0, 166474.0, 165589.0, 166918.0, 165503.0, 165503.0, 165770.0, 167288.0, 167160.0, 166259.0, 1.0e15, 167591.0, 166512.0, 165608.0, 176247.0, 1.0e15, 166861.0, 165029.0, 165163.0, 165405.0, 165608.0, 165946.0, 166066.0, 164918.0, 166225.0, 165474.0, 166678.0, 165773.0, 165773.0, 165029.0, 165344.0, 166269.0, 165943.0, 166407.0, 165904.0, 166616.0, 166684.0, 1.0e15, 166869.0, 166267.0, 182124.0, 168157.0, 167311.0, 164622.0, 165608.0, 1.0e15, 164912.0, 1.0e15, 167541.0, 1.0e15, 165608.0, 178415.0, 167802.0, 166474.0, 164876.0, 164876.0, 164912.0, 165608.0, 166122.0, 164912.0, 165178.0, 166314.0, 166208.0, 165796.0, 164918.0, 164876.0, 165659.0, 166122.0, 1.0e15, 165659.0, 165608.0, 165524.0, 169600.0, 164918.0, 167015.0, 166097.0, 165608.0, 167452.0, 169715.0, 164876.0, 165524.0, 165718.0, 167452.0, 168303.0, 164912.0, 165971.0, 166476.0, 165067.0, 173442.0, 173611.0, 165178.0, 165048.0, 1.0e15, 165796.0, 165524.0, 164918.0, 165229.0, 167015.0, 164912.0, 165067.0, 1.0e15, 166747.0, 168257.0, 166097.0, 165067.0, 165163.0, 164912.0, 165178.0, 167205.0, 165608.0, 165163.0, 168961.0, 165178.0, 165229.0, 165608.0, 166122.0, 165791.0, 169278.0, 164918.0, 0.0, 0.0, 0.0, 0.0, 0.0, 0.0, 0.0, 0.0, 0.0, 0.0, 0.0, 0.0, 0.0, 0.0, 0.0, 0.0, 0.0, 0.0, 0.0, 0.0, 0.0, 0.0, 0.0, 0.0, 0.0, 0.0, 0.0, 0.0, 0.0, 0.0, 0.0, 0.0, 0.0, 0.0, 0.0, 0.0, 0.0, 0.0, 0.0, 0.0, 0.0, 0.0, 0.0, 0.0, 0.0, 0.0, 0.0, 0.0, 0.0, 0.0, 0.0, 0.0, 0.0, 0.0, 0.0, 0.0, 0.0, 0.0, 0.0, 0.0, 0.0, 0.0, 0.0, 0.0, 0.0, 0.0, 0.0, 0.0, 0.0, 0.0, 0.0, 0.0, 0.0, 0.0, 0.0, 0.0, 0.0, 0.0, 0.0, 0.0, 0.0, 0.0, 0.0, 0.0, 0.0, 0.0, 0.0, 0.0, 0.0, 0.0, 0.0, 0.0, 0.0, 0.0, 0.0, 0.0, 0.0, 0.0, 0.0, 0.0, 0.0, 0.0, 0.0, 0.0, 0.0, 0.0, 0.0, 0.0, 0.0, 0.0, 0.0, 0.0, 0.0, 0.0, 0.0, 0.0, 0.0, 0.0, 0.0, 0.0, 0.0, 0.0, 0.0, 0.0, 0.0, 0.0, 0.0, 0.0, 0.0, 0.0, 0.0, 0.0, 0.0, 0.0, 0.0, 0.0, 0.0, 0.0, 0.0, 0.0, 0.0, 0.0, 0.0, 0.0, 0.0, 0.0, 0.0, 0.0, 0.0, 0.0, 0.0, 0.0, 0.0, 0.0, 0.0, 0.0, 0.0]
cong_K= Any[1, 1, 1, 1, 1, 1, 1, 1, 1, 1, 1, 1, 1, 1, 1, 1, 1, 1, 1] 
obj_k= Any[191079, 189462, 184867, 180154, 177246, 175647, 172214, 171322, 171243, 171148, 170785, 168670, 167483, 166686, 165539, 165163, 165029, 164918, 164622] 
iter_obj = Any[1, 2, 3, 4, 6, 7, 9, 11, 13, 15, 16, 17, 18, 19, 20, 21, 42, 48, 68] 
avgClusterDiam = 2413.285714285714 
maxClusterDiam = 4514.0 
clusterDiamete = [1982.0; 2045.0; 2257.0; 2334.0; 4514.0; 2080.0; 1681.0]   
C = [0, 0, 0, 0, 0, 0, 0, 0, 0, 0, 0, 0, 0, 0, 0, 0, 0, 0, 0, 0, 0, 0, 0, 0, 0, 0, 0, 0, 0, 0, 0, 0, 0, 0, 0, 0, 0, 0, 0, 0, 0, 0, 0, 0, 1, 0, 0, 0, 0, 0, 0, 0, 0, 0, 0, 0, 0, 0, 0, 0, 0, 0, 0, 0, 0, 0, 0, 0, 0, 0, 0, 0, 0, 0, 0, 0, 0, 0, 0, 0, 0, 0, 0, 0, 0, 0, 0, 1, 0, 0, 0, 0, 0, 0, 0, 0, 0, 0, 0, 0, 0, 0, 0, 0, 0, 0, 0, 0, 0, 0, 1, 0, 0, 0, 0, 0, 0, 0, 0, 0, 0, 0, 0, 0, 0, 0, 0, 0, 0, 0, 0, 0, 0, 1, 0, 0, 0, 0, 0, 0, 0, 0, 0, 0, 0, 0, 0, 0, 0, 0, 0, 0, 0, 0, 0, 0, 0, 0, 0, 0, 0, 0, 0, 0, 0, 0, 0, 0, 1, 0, 0, 0, 0, 0, 0, 0, 0, 0, 0, 0, 0, 0, 0, 0, 0, 0, 0, 0, 0, 0, 0, 0, 0, 1, 0, 0, 0, 0, 0, 0, 0, 0, 0, 0, 0, 0, 0, 0, 0, 0, 0, 0, 0, 0, 1, 0, 0, 0, 0, 0, 0, 0, 0, 0, 0, 0, 0, 0]
E = [259, 259, 259, 259, 259, 259, 259, 130, 130, 259, 259, 130, 259, 259, 259, 130, 130, 130, 259, 87, 130, 87, 87, 153, 87, 153, 153, 153, 153, 153, 153, 87, 319, 153, 153, 319, 153, 153, 153, 87, 153, 153, 259, 259, 87, 87, 87, 87, 87, 87, 87, 87, 87, 87, 87, 87, 87, 87, 87, 87, 259, 87, 87, 87, 130, 130, 87, 87, 259, 259, 259, 130, 259, 259, 130, 130, 130, 130, 130, 87, 130, 130, 130, 130, 130, 130, 130, 130, 130, 130, 130, 130, 130, 130, 130, 130, 130, 130, 130, 319, 130, 130, 153, 153, 153, 130, 153, 153, 153, 153, 153, 153, 153, 153, 319, 153, 153, 259, 153, 153, 153, 153, 153, 259, 259, 153, 153, 319, 259, 259, 259, 259, 259, 259, 87, 87, 259, 259, 259, 259, 259, 259, 259, 259, 259, 259, 259, 259, 259, 153, 153, 153, 153, 153, 319, 319, 153, 319, 319, 319, 319, 319, 319, 319, 319, 319, 319, 319, 319, 319, 319, 319, 319, 319, 377, 319, 319, 319, 319, 319, 377, 319, 377, 377, 319, 377, 319, 319, 319, 319, 377, 377, 377, 377, 377, 377, 377, 377, 319, 377, 377, 428, 319, 428, 377, 428, 428, 428, 428, 428, 377, 428, 428, 428, 428, 428, 428, 428, 428, 428, 428, 428, 428, 428, 428, 428, 87, 259]
