n° iter       = 300 
neighborhood_structure = [1] 
Prioridad     = 10 
balance       = 0.5 
Len_N         = 9 
N° clusters   = 7 
N° estaciones = 228 
N° mejoras    = 18
N° iter completadas  = 134
1° FO         = 191519.0
FO            = 165271
Centros       = [87, 117, 150, 275, 298, 377, 428]
Objs= Any[191519.0, 189058, 189058, 186905, 186905, 186905, 186822, 186822, 186822, 186822, 186822, 186822, 185515, 179402, 178781, 172808, 170091, 167658, 167304, 167304, 167304, 167058, 167058, 167058, 167058, 166856, 166618, 166618, 166618, 166618, 166618, 166618, 166618, 166472, 166472, 166472, 166472, 166472, 166472, 166472, 166472, 166472, 166472, 166472, 166283, 166283, 166283, 166283, 166283, 166283, 166283, 166135, 166135, 166135, 166135, 166135, 165528, 165528, 165528, 165528, 165271, 165271, 165271, 165271, 165271, 165271, 165271, 165271, 165271, 165271, 165271, 165271, 165271, 165271, 165271, 165271, 165271, 165271, 165271, 165271, 165271, 165271, 165271, 165271, 165271, 165271, 165271, 165271, 165271, 165271, 165271, 165271, 165271, 165271, 165271, 165271, 165271, 165271, 165271, 165271, 165271, 165271, 165271, 165271, 165271, 165271, 165271, 165271, 165271, 165271, 165271, 165271, 165271, 165271, 165271, 165271, 165271, 165271, 165271, 165271, 165271, 165271, 165271, 165271, 165271, 165271, 165271, 165271, 165271, 165271, 165271, 165271, 165271, 165271, 165271]
current_obj = [189058.0, 189398.0, 186905.0, 195047.0, 186961.0, 186822.0, 192794.0, 1.0e15, 189025.0, 1.0e15, 187693.0, 185515.0, 179402.0, 178781.0, 172808.0, 170091.0, 167658.0, 167304.0, 172621.0, 168279.0, 167058.0, 168217.0, 168360.0, 1.0e15, 166856.0, 166618.0, 167104.0, 1.0e15, 168967.0, 167664.0, 167689.0, 167602.0, 166472.0, 1.0e15, 167730.0, 166958.0, 168428.0, 166618.0, 166618.0, 166716.0, 168620.0, 167538.0, 186045.0, 166283.0, 166429.0, 166315.0, 167025.0, 168483.0, 167399.0, 173089.0, 166135.0, 166628.0, 166810.0, 166790.0, 166324.0, 165528.0, 166594.0, 166644.0, 167227.0, 165271.0, 167434.0, 165419.0, 165878.0, 166282.0, 166162.0, 165878.0, 166067.0, 165419.0, 170245.0, 167385.0, 169799.0, 166406.0, 175919.0, 1.0e15, 165304.0, 166282.0, 165419.0, 165697.0, 175448.0, 165539.0, 1.0e15, 165772.0, 165687.0, 166179.0, 168716.0, 167777.0, 165419.0, 1.0e15, 166067.0, 171047.0, 1.0e15, 166362.0, 166282.0, 170062.0, 168020.0, 165878.0, 166659.0, 170939.0, 165419.0, 166544.0, 1.0e15, 165304.0, 167647.0, 165878.0, 166162.0, 166620.0, 1.0e15, 169787.0, 165953.0, 166282.0, 166362.0, 166806.0, 165697.0, 166162.0, 165528.0, 167434.0, 166162.0, 165687.0, 165772.0, 170191.0, 166406.0, 166406.0, 166857.0, 167044.0, 179485.0, 168109.0, 165878.0, 166458.0, 165419.0, 165827.0, 168497.0, 166288.0, 166620.0, 1.0e15, 166288.0, 0.0, 0.0, 0.0, 0.0, 0.0, 0.0, 0.0, 0.0, 0.0, 0.0, 0.0, 0.0, 0.0, 0.0, 0.0, 0.0, 0.0, 0.0, 0.0, 0.0, 0.0, 0.0, 0.0, 0.0, 0.0, 0.0, 0.0, 0.0, 0.0, 0.0, 0.0, 0.0, 0.0, 0.0, 0.0, 0.0, 0.0, 0.0, 0.0, 0.0, 0.0, 0.0, 0.0, 0.0, 0.0, 0.0, 0.0, 0.0, 0.0, 0.0, 0.0, 0.0, 0.0, 0.0, 0.0, 0.0, 0.0, 0.0, 0.0, 0.0, 0.0, 0.0, 0.0, 0.0, 0.0, 0.0, 0.0, 0.0, 0.0, 0.0, 0.0, 0.0, 0.0, 0.0, 0.0, 0.0, 0.0, 0.0, 0.0, 0.0, 0.0, 0.0, 0.0, 0.0, 0.0, 0.0, 0.0, 0.0, 0.0, 0.0, 0.0, 0.0, 0.0, 0.0, 0.0, 0.0, 0.0, 0.0, 0.0, 0.0, 0.0, 0.0, 0.0, 0.0, 0.0, 0.0, 0.0, 0.0, 0.0, 0.0, 0.0, 0.0, 0.0, 0.0, 0.0, 0.0, 0.0, 0.0, 0.0, 0.0, 0.0, 0.0, 0.0, 0.0, 0.0, 0.0, 0.0, 0.0, 0.0, 0.0, 0.0, 0.0, 0.0, 0.0, 0.0, 0.0, 0.0, 0.0, 0.0, 0.0, 0.0, 0.0, 0.0, 0.0, 0.0, 0.0, 0.0, 0.0, 0.0, 0.0, 0.0, 0.0, 0.0, 0.0, 0.0, 0.0, 0.0, 0.0, 0.0, 0.0, 0.0, 0.0, 0.0, 0.0, 0.0]
cong_K= Any[1, 1, 1, 1, 1, 1, 1, 1, 1, 1, 1, 1, 1, 1, 1, 1, 1, 1] 
obj_k= Any[189058, 186905, 186822, 185515, 179402, 178781, 172808, 170091, 167658, 167304, 167058, 166856, 166618, 166472, 166283, 166135, 165528, 165271] 
iter_obj = Any[1, 3, 6, 12, 13, 14, 15, 16, 17, 18, 21, 25, 26, 33, 44, 51, 56, 60] 
avgClusterDiam = 2553.1428571428573 
maxClusterDiam = 4731.0 
clusterDiamete = [2027.0; 2580.0; 2439.0; 2334.0; 4731.0; 2080.0; 1681.0]   
C = [0, 0, 0, 0, 0, 0, 0, 0, 0, 0, 0, 0, 0, 0, 0, 0, 0, 0, 0, 0, 0, 0, 0, 0, 0, 0, 0, 0, 0, 0, 0, 0, 0, 0, 0, 0, 0, 0, 0, 0, 0, 0, 0, 0, 1, 0, 0, 0, 0, 0, 0, 0, 0, 0, 0, 0, 0, 0, 0, 0, 0, 0, 0, 0, 0, 0, 0, 0, 0, 0, 0, 0, 0, 0, 1, 0, 0, 0, 0, 0, 0, 0, 0, 0, 0, 0, 0, 0, 0, 0, 0, 0, 0, 0, 0, 0, 0, 0, 0, 0, 0, 0, 0, 0, 0, 0, 0, 1, 0, 0, 0, 0, 0, 0, 0, 0, 0, 0, 0, 0, 0, 0, 0, 0, 0, 0, 0, 0, 0, 0, 0, 0, 0, 0, 0, 0, 0, 0, 0, 0, 0, 0, 0, 0, 0, 0, 0, 0, 1, 0, 0, 0, 0, 0, 0, 0, 0, 0, 0, 0, 0, 0, 0, 1, 0, 0, 0, 0, 0, 0, 0, 0, 0, 0, 0, 0, 0, 0, 0, 0, 0, 0, 0, 0, 0, 0, 0, 0, 0, 0, 0, 0, 0, 1, 0, 0, 0, 0, 0, 0, 0, 0, 0, 0, 0, 0, 0, 0, 0, 0, 0, 0, 0, 0, 1, 0, 0, 0, 0, 0, 0, 0, 0, 0, 0, 0, 0, 0]
E = [117, 117, 117, 117, 275, 117, 117, 117, 117, 117, 275, 117, 275, 275, 275, 117, 117, 117, 87, 87, 117, 87, 87, 150, 87, 150, 150, 298, 150, 150, 150, 87, 150, 150, 150, 298, 150, 150, 150, 87, 150, 150, 117, 117, 87, 87, 87, 87, 87, 87, 87, 87, 87, 87, 87, 87, 87, 87, 87, 87, 275, 87, 87, 87, 117, 117, 87, 87, 117, 275, 117, 117, 117, 117, 117, 117, 117, 117, 117, 87, 117, 117, 117, 117, 117, 117, 117, 117, 117, 117, 117, 117, 117, 150, 117, 117, 150, 150, 150, 150, 150, 150, 150, 150, 150, 150, 150, 150, 150, 150, 150, 150, 150, 150, 298, 150, 150, 275, 150, 150, 150, 150, 150, 275, 275, 150, 150, 298, 117, 275, 117, 275, 117, 275, 87, 87, 117, 275, 275, 275, 275, 275, 275, 275, 275, 275, 275, 275, 275, 298, 150, 150, 298, 150, 150, 298, 298, 298, 298, 298, 298, 298, 298, 298, 298, 298, 298, 298, 298, 298, 298, 298, 298, 298, 377, 298, 298, 298, 298, 298, 377, 298, 377, 377, 298, 377, 298, 298, 298, 298, 377, 377, 377, 377, 377, 377, 377, 377, 298, 377, 377, 428, 298, 428, 377, 428, 428, 428, 428, 428, 377, 428, 428, 428, 428, 428, 428, 428, 428, 428, 428, 428, 428, 428, 428, 428, 87, 275]
