n° iter       = 600 
neighborhood_structure = [2] 
Prioridad     = 5 
balance       = 0.2 
Len_N         = 3 
N° clusters   = 15 
N° estaciones = 452 
N° mejoras    = 31
N° iter completadas  = 180
1° FO         = 364403.0
FO            = 318931
Centros       = [20, 21, 66, 69, 96, 131, 211, 221, 271, 293, 309, 350, 358, 406, 415]
Objs= Any[364403.0, 363237, 361405, 361405, 356287, 354098, 354098, 353857, 353857, 352244, 349692, 349692, 349692, 349692, 349692, 348307, 344188, 344188, 344188, 344188, 343413, 343413, 343413, 343413, 339248, 339248, 336727, 336727, 336727, 336727, 336547, 335517, 335517, 335517, 334980, 334980, 331720, 331720, 331720, 331720, 329689, 328031, 326341, 326341, 326341, 326341, 326341, 326341, 326341, 326341, 326028, 326028, 326028, 326028, 326028, 325438, 325438, 325438, 325438, 325438, 325438, 325438, 325438, 325387, 324548, 324548, 324548, 324548, 324548, 324548, 324548, 324548, 324548, 324548, 324548, 324548, 324548, 324548, 324548, 324548, 324548, 324548, 324548, 324548, 324548, 324548, 324548, 324548, 324548, 324548, 324548, 324548, 324548, 324548, 324548, 324548, 324548, 324548, 324548, 324548, 324548, 323647, 323647, 323647, 322463, 322463, 322463, 322463, 322463, 322463, 322463, 322463, 322463, 322463, 322463, 322463, 322408, 321891, 321891, 321891, 321891, 321891, 321891, 321891, 321891, 321891, 321891, 321891, 321891, 321891, 321891, 321891, 321891, 321891, 321891, 321891, 321891, 321891, 321891, 321787, 321787, 321787, 321787, 321787, 321787, 321787, 321787, 321413, 321413, 321413, 321413, 321413, 321413, 321413, 321413, 321413, 321413, 321413, 321413, 321413, 321413, 321413, 321413, 321413, 321413, 321413, 321413, 321176, 321176, 321176, 321176, 321176, 318931, 318931, 318931, 318931, 318931, 318931, 318931, 318931, 318931]
current_obj = [363237.0, 361405.0, 363166.0, 356287.0, 354098.0, 355274.0, 353857.0, 357090.0, 352244.0, 349692.0, 350220.0, 357436.0, 350484.0, 350028.0, 348307.0, 344188.0, 349754.0, 346989.0, 346339.0, 343413.0, 344325.0, 345719.0, 346028.0, 339248.0, 340354.0, 336727.0, 337084.0, 338705.0, 338873.0, 336547.0, 335517.0, 337776.0, 337909.0, 334980.0, 336536.0, 331720.0, 336190.0, 335131.0, 333109.0, 329689.0, 328031.0, 326341.0, 332656.0, 326510.0, 329276.0, 332493.0, 328365.0, 327542.0, 331162.0, 326028.0, 331420.0, 328858.0, 327947.0, 329782.0, 325438.0, 342574.0, 325897.0, 330162.0, 327681.0, 333160.0, 327422.0, 333364.0, 325387.0, 324548.0, 329550.0, 328522.0, 330153.0, 325081.0, 326383.0, 332212.0, 327354.0, 326855.0, 329316.0, 332289.0, 331588.0, 324789.0, 330490.0, 325742.0, 328272.0, 329786.0, 331664.0, 330008.0, 326057.0, 329103.0, 335267.0, 327473.0, 329326.0, 326861.0, 326027.0, 330729.0, 333092.0, 324974.0, 333796.0, 336026.0, 325189.0, 325885.0, 325344.0, 325516.0, 326560.0, 325464.0, 323647.0, 330369.0, 326150.0, 322463.0, 325232.0, 325781.0, 333270.0, 323766.0, 327000.0, 326879.0, 327467.0, 331388.0, 323735.0, 330886.0, 328876.0, 322408.0, 321891.0, 329772.0, 322436.0, 324099.0, 328979.0, 324360.0, 331320.0, 327145.0, 328834.0, 326568.0, 326643.0, 325441.0, 336467.0, 333135.0, 326734.0, 322097.0, 327463.0, 324008.0, 324394.0, 321984.0, 325450.0, 325427.0, 321787.0, 326981.0, 327459.0, 325135.0, 326785.0, 326532.0, 323269.0, 322183.0, 321413.0, 330414.0, 327499.0, 323198.0, 325575.0, 323828.0, 326955.0, 325767.0, 323233.0, 322543.0, 326623.0, 324612.0, 324718.0, 327661.0, 324034.0, 328382.0, 327561.0, 326110.0, 325461.0, 327372.0, 321176.0, 323773.0, 326347.0, 325261.0, 328278.0, 318931.0, 327767.0, 327193.0, 320304.0, 323533.0, 322798.0, 321532.0, 321599.0, 323680.0, 327959.0, 0.0, 0.0, 0.0, 0.0, 0.0, 0.0, 0.0, 0.0, 0.0, 0.0, 0.0, 0.0, 0.0, 0.0, 0.0, 0.0, 0.0, 0.0, 0.0, 0.0, 0.0, 0.0, 0.0, 0.0, 0.0, 0.0, 0.0, 0.0, 0.0, 0.0, 0.0, 0.0, 0.0, 0.0, 0.0, 0.0, 0.0, 0.0, 0.0, 0.0, 0.0, 0.0, 0.0, 0.0, 0.0, 0.0, 0.0, 0.0, 0.0, 0.0, 0.0, 0.0, 0.0, 0.0, 0.0, 0.0, 0.0, 0.0, 0.0, 0.0, 0.0, 0.0, 0.0, 0.0, 0.0, 0.0, 0.0, 0.0, 0.0, 0.0, 0.0, 0.0, 0.0, 0.0, 0.0, 0.0, 0.0, 0.0, 0.0, 0.0, 0.0, 0.0, 0.0, 0.0, 0.0, 0.0, 0.0, 0.0, 0.0, 0.0, 0.0, 0.0, 0.0, 0.0, 0.0, 0.0, 0.0, 0.0, 0.0, 0.0, 0.0, 0.0, 0.0, 0.0, 0.0, 0.0, 0.0, 0.0, 0.0, 0.0, 0.0, 0.0, 0.0, 0.0, 0.0, 0.0, 0.0, 0.0, 0.0, 0.0, 0.0, 0.0, 0.0, 0.0, 0.0, 0.0, 0.0, 0.0, 0.0, 0.0, 0.0, 0.0, 0.0, 0.0, 0.0, 0.0, 0.0, 0.0, 0.0, 0.0, 0.0, 0.0, 0.0, 0.0, 0.0, 0.0, 0.0, 0.0, 0.0, 0.0, 0.0, 0.0, 0.0, 0.0, 0.0, 0.0, 0.0, 0.0, 0.0, 0.0, 0.0, 0.0, 0.0, 0.0, 0.0, 0.0, 0.0, 0.0, 0.0, 0.0, 0.0, 0.0, 0.0, 0.0, 0.0, 0.0, 0.0, 0.0, 0.0, 0.0, 0.0, 0.0, 0.0, 0.0, 0.0, 0.0, 0.0, 0.0, 0.0, 0.0, 0.0, 0.0, 0.0, 0.0, 0.0, 0.0, 0.0, 0.0, 0.0, 0.0, 0.0, 0.0, 0.0, 0.0, 0.0, 0.0, 0.0, 0.0, 0.0, 0.0, 0.0, 0.0, 0.0, 0.0, 0.0, 0.0, 0.0, 0.0, 0.0, 0.0, 0.0, 0.0, 0.0, 0.0, 0.0, 0.0, 0.0, 0.0, 0.0, 0.0, 0.0, 0.0, 0.0, 0.0, 0.0, 0.0, 0.0, 0.0, 0.0, 0.0, 0.0, 0.0, 0.0, 0.0, 0.0, 0.0, 0.0, 0.0, 0.0, 0.0, 0.0, 0.0, 0.0, 0.0, 0.0, 0.0, 0.0, 0.0, 0.0, 0.0, 0.0, 0.0, 0.0, 0.0, 0.0, 0.0, 0.0, 0.0, 0.0, 0.0, 0.0, 0.0, 0.0, 0.0, 0.0, 0.0, 0.0, 0.0, 0.0, 0.0, 0.0, 0.0, 0.0, 0.0, 0.0, 0.0, 0.0, 0.0, 0.0, 0.0, 0.0, 0.0, 0.0, 0.0, 0.0, 0.0, 0.0, 0.0, 0.0, 0.0, 0.0, 0.0, 0.0, 0.0, 0.0, 0.0, 0.0, 0.0, 0.0, 0.0, 0.0, 0.0, 0.0, 0.0, 0.0, 0.0, 0.0, 0.0, 0.0, 0.0, 0.0, 0.0, 0.0, 0.0, 0.0, 0.0, 0.0, 0.0, 0.0, 0.0, 0.0, 0.0, 0.0, 0.0, 0.0, 0.0, 0.0, 0.0, 0.0, 0.0, 0.0, 0.0, 0.0, 0.0, 0.0, 0.0, 0.0, 0.0, 0.0, 0.0, 0.0, 0.0, 0.0, 0.0, 0.0, 0.0, 0.0, 0.0, 0.0, 0.0, 0.0, 0.0, 0.0, 0.0, 0.0, 0.0, 0.0, 0.0, 0.0, 0.0, 0.0, 0.0, 0.0, 0.0, 0.0, 0.0, 0.0, 0.0, 0.0, 0.0, 0.0, 0.0, 0.0, 0.0, 0.0, 0.0, 0.0, 0.0, 0.0, 0.0, 0.0, 0.0, 0.0, 0.0, 0.0, 0.0, 0.0, 0.0, 0.0, 0.0, 0.0, 0.0, 0.0, 0.0, 0.0, 0.0, 0.0, 0.0, 0.0, 0.0, 0.0, 0.0, 0.0, 0.0, 0.0, 0.0, 0.0, 0.0, 0.0]
cong_K= Any[2, 2, 2, 2, 2, 2, 2, 2, 2, 2, 2, 2, 2, 2, 2, 2, 2, 2, 2, 2, 2, 2, 2, 2, 2, 2, 2, 2, 2, 2, 2] 
obj_k= Any[363237, 361405, 356287, 354098, 353857, 352244, 349692, 348307, 344188, 343413, 339248, 336727, 336547, 335517, 334980, 331720, 329689, 328031, 326341, 326028, 325438, 325387, 324548, 323647, 322463, 322408, 321891, 321787, 321413, 321176, 318931] 
iter_obj = Any[1, 2, 4, 5, 7, 9, 10, 15, 16, 20, 24, 26, 30, 31, 34, 36, 40, 41, 42, 50, 55, 63, 64, 101, 104, 116, 117, 139, 147, 167, 172] 
avgClusterDiam = 2760.5333333333333 
maxClusterDiam = 3644.0 
clusterDiamete = [2695.0; 2912.0; 3552.0; 2752.0; 2527.0; 2654.0; 3495.0; 2263.0; 2779.0; 3644.0; 2691.0; 2556.0; 2672.0; 2444.0; 1772.0]   
C = [0, 0, 0, 0, 0, 0, 0, 0, 0, 0, 0, 0, 0, 0, 0, 0, 0, 0, 0, 1, 1, 0, 0, 0, 0, 0, 0, 0, 0, 0, 0, 0, 0, 0, 0, 0, 0, 0, 0, 0, 0, 0, 0, 0, 0, 0, 0, 0, 0, 0, 0, 0, 0, 0, 0, 0, 0, 0, 0, 0, 0, 0, 0, 0, 0, 1, 0, 0, 1, 0, 0, 0, 0, 0, 0, 0, 0, 0, 0, 0, 0, 0, 0, 0, 0, 0, 0, 0, 0, 0, 0, 0, 0, 0, 0, 1, 0, 0, 0, 0, 0, 0, 0, 0, 0, 0, 0, 0, 0, 0, 0, 0, 0, 0, 0, 0, 0, 0, 0, 0, 0, 0, 0, 0, 0, 0, 0, 0, 0, 0, 1, 0, 0, 0, 0, 0, 0, 0, 0, 0, 0, 0, 0, 0, 0, 0, 0, 0, 0, 0, 0, 0, 0, 0, 0, 0, 0, 0, 0, 0, 0, 0, 0, 0, 0, 0, 0, 0, 0, 0, 0, 0, 0, 0, 0, 0, 0, 0, 0, 0, 0, 0, 0, 0, 0, 0, 0, 0, 0, 0, 0, 0, 0, 0, 0, 0, 0, 0, 0, 0, 0, 0, 0, 0, 0, 0, 0, 0, 0, 0, 1, 0, 0, 0, 0, 0, 0, 0, 0, 0, 1, 0, 0, 0, 0, 0, 0, 0, 0, 0, 0, 0, 0, 0, 0, 0, 0, 0, 0, 0, 0, 0, 0, 0, 0, 0, 0, 0, 0, 0, 0, 0, 0, 0, 0, 0, 0, 0, 0, 0, 0, 0, 0, 0, 0, 0, 0, 0, 0, 0, 1, 0, 0, 0, 0, 0, 0, 0, 0, 0, 0, 0, 0, 0, 0, 0, 0, 0, 0, 0, 0, 0, 1, 0, 0, 0, 0, 0, 0, 0, 0, 0, 0, 0, 0, 0, 0, 0, 1, 0, 0, 0, 0, 0, 0, 0, 0, 0, 0, 0, 0, 0, 0, 0, 0, 0, 0, 0, 0, 0, 0, 0, 0, 0, 0, 0, 0, 0, 0, 0, 0, 0, 0, 0, 0, 0, 0, 0, 0, 1, 0, 0, 0, 0, 0, 0, 0, 1, 0, 0, 0, 0, 0, 0, 0, 0, 0, 0, 0, 0, 0, 0, 0, 0, 0, 0, 0, 0, 0, 0, 0, 0, 0, 0, 0, 0, 0, 0, 0, 0, 0, 0, 0, 0, 0, 0, 0, 0, 0, 0, 0, 0, 0, 0, 0, 1, 0, 0, 0, 0, 0, 0, 0, 0, 1, 0, 0, 0, 0, 0, 0, 0, 0, 0, 0, 0, 0, 0, 0, 0, 0, 0, 0, 0, 0, 0, 0, 0, 0, 0, 0, 0, 0, 0, 0, 0, 0, 0, 0, 0, 0, 0]
E = [20, 21, 20, 20, 20, 20, 21, 20, 20, 271, 20, 20, 66, 66, 21, 20, 20, 20, 20, 20, 21, 21, 21, 21, 131, 271, 20, 21, 271, 271, 271, 69, 131, 21, 21, 21, 21, 69, 131, 131, 96, 131, 96, 21, 21, 69, 131, 96, 21, 21, 69, 96, 66, 69, 96, 293, 66, 69, 293, 21, 69, 66, 69, 69, 271, 66, 66, 66, 69, 69, 69, 66, 66, 309, 66, 69, 66, 66, 69, 69, 69, 96, 69, 69, 20, 20, 96, 96, 96, 96, 96, 96, 96, 96, 96, 96, 96, 96, 271, 96, 96, 96, 20, 96, 96, 96, 96, 96, 96, 96, 21, 20, 20, 20, 20, 271, 20, 20, 20, 20, 20, 96, 131, 96, 131, 131, 131, 131, 131, 131, 131, 131, 131, 293, 131, 131, 131, 131, 131, 131, 293, 69, 131, 131, 131, 69, 131, 131, 131, 69, 69, 69, 69, 69, 69, 69, 293, 131, 131, 20, 69, 69, 131, 293, 69, 66, 66, 66, 66, 66, 66, 66, 66, 271, 69, 271, 66, 66, 69, 69, 69, 293, 20, 66, 66, 211, 66, 66, 66, 66, 66, 221, 221, 21, 211, 211, 221, 221, 211, 211, 211, 211, 221, 211, 211, 221, 211, 211, 221, 221, 211, 211, 221, 221, 221, 221, 66, 211, 221, 221, 221, 211, 211, 211, 211, 66, 221, 221, 221, 221, 211, 66, 221, 211, 221, 221, 221, 221, 21, 221, 221, 211, 211, 221, 211, 211, 21, 20, 21, 66, 211, 21, 21, 20, 20, 20, 20, 211, 20, 96, 21, 96, 20, 271, 271, 271, 271, 271, 271, 20, 271, 271, 271, 271, 271, 293, 69, 293, 293, 69, 293, 293, 293, 309, 309, 309, 309, 309, 309, 309, 293, 293, 293, 293, 293, 293, 293, 293, 293, 293, 309, 358, 309, 309, 350, 309, 309, 309, 309, 309, 309, 309, 309, 309, 350, 358, 293, 293, 293, 293, 293, 293, 293, 293, 358, 350, 309, 309, 309, 309, 309, 350, 350, 350, 358, 358, 358, 358, 358, 293, 358, 358, 358, 358, 358, 350, 350, 350, 350, 350, 350, 350, 350, 350, 350, 358, 358, 358, 358, 358, 350, 350, 350, 350, 350, 350, 350, 350, 350, 415, 415, 358, 358, 358, 358, 358, 358, 358, 415, 415, 415, 415, 415, 350, 350, 350, 415, 415, 415, 415, 415, 415, 415, 415, 415, 415, 406, 406, 406, 358, 406, 406, 406, 358, 406, 406, 406, 406, 406, 406, 406, 406, 415, 415, 415, 415, 350, 415, 415, 415, 415, 415, 415, 415, 406, 406, 406, 406, 406, 406, 406, 406, 406, 415, 415, 406, 415, 415, 406, 406, 406, 406, 406, 406, 406, 406, 21, 96, 21, 271, 221, 211]
