n° iter       = 600 
neighborhood_structure = [1 2 3] 
Prioridad     = 5 
balance       = 0.2 
Len_N         = 3 
N° clusters   = 15 
N° estaciones = 452 
N° mejoras    = 41
N° iter completadas  = 476
1° FO         = 371176.0
FO            = 312319
Centros       = [12, 21, 66, 87, 137, 152, 215, 218, 275, 299, 313, 360, 382, 424, 429]
Objs= Any[371176.0, 361012, 354512, 353784, 349280, 343146, 339506, 337633, 336614, 333761, 330815, 325618, 325618, 323707, 323117, 323117, 322399, 322399, 322399, 322399, 322399, 322399, 321422, 321422, 321422, 321422, 320798, 320798, 320798, 320798, 320798, 319619, 319361, 319361, 319361, 319361, 319361, 319361, 319361, 319313, 319313, 319313, 318107, 318107, 318107, 318107, 318107, 318107, 318012, 318012, 317918, 317918, 317918, 317918, 317918, 317918, 317918, 317918, 317918, 317918, 317192, 317192, 317192, 316787, 316787, 316302, 316302, 316302, 316302, 316302, 316302, 316302, 316302, 316302, 316302, 316302, 316302, 316302, 316302, 316302, 316302, 316302, 316302, 316302, 316302, 315039, 315039, 315039, 315039, 315039, 315039, 315039, 315039, 315039, 315039, 315039, 315039, 315039, 315039, 315039, 315039, 315039, 315039, 315039, 315039, 315039, 314900, 314669, 314669, 314669, 314669, 314669, 314669, 314669, 314669, 314669, 314669, 314669, 314669, 314669, 314669, 314669, 314669, 314669, 314669, 314669, 314669, 314567, 314567, 314567, 314567, 314567, 314567, 314567, 314567, 314567, 314567, 314567, 314567, 314567, 314169, 314169, 314169, 314169, 314169, 314169, 314169, 314169, 314169, 314169, 314169, 314169, 314169, 314169, 314169, 314169, 313579, 313498, 313498, 313498, 313498, 313498, 313498, 313387, 313387, 313387, 313387, 313387, 313387, 313387, 313308, 313130, 313130, 313130, 313130, 313130, 312958, 312958, 312958, 312958, 312958, 312958, 312958, 312958, 312958, 312958, 312958, 312958, 312958, 312958, 312958, 312958, 312958, 312958, 312958, 312958, 312958, 312958, 312958, 312958, 312958, 312496, 312496, 312496, 312496, 312496, 312496, 312496, 312496, 312496, 312496, 312496, 312496, 312496, 312496, 312496, 312496, 312496, 312496, 312496, 312496, 312496, 312496, 312496, 312496, 312496, 312496, 312496, 312496, 312496, 312496, 312496, 312496, 312496, 312496, 312496, 312496, 312496, 312496, 312496, 312496, 312496, 312496, 312496, 312496, 312496, 312496, 312496, 312496, 312496, 312496, 312496, 312496, 312496, 312496, 312496, 312496, 312496, 312496, 312496, 312496, 312496, 312496, 312412, 312412, 312412, 312412, 312412, 312412, 312412, 312412, 312412, 312412, 312412, 312412, 312412, 312412, 312412, 312412, 312412, 312412, 312412, 312412, 312412, 312412, 312412, 312412, 312412, 312412, 312412, 312412, 312412, 312412, 312412, 312412, 312367, 312367, 312367, 312367, 312367, 312367, 312367, 312367, 312367, 312367, 312367, 312367, 312367, 312367, 312367, 312367, 312331, 312331, 312331, 312331, 312331, 312331, 312331, 312331, 312331, 312331, 312331, 312331, 312331, 312331, 312331, 312331, 312319, 312319, 312319, 312319, 312319, 312319, 312319, 312319, 312319, 312319, 312319, 312319, 312319, 312319, 312319, 312319, 312319, 312319, 312319, 312319, 312319, 312319, 312319, 312319, 312319, 312319, 312319, 312319, 312319, 312319, 312319, 312319, 312319, 312319, 312319, 312319, 312319, 312319, 312319, 312319, 312319, 312319, 312319, 312319, 312319, 312319, 312319, 312319, 312319, 312319, 312319, 312319, 312319, 312319, 312319, 312319, 312319, 312319, 312319, 312319, 312319, 312319, 312319, 312319, 312319, 312319, 312319, 312319, 312319, 312319, 312319, 312319, 312319, 312319, 312319, 312319, 312319, 312319, 312319, 312319, 312319, 312319, 312319, 312319, 312319, 312319, 312319, 312319, 312319, 312319, 312319, 312319, 312319, 312319, 312319, 312319, 312319, 312319, 312319, 312319, 312319, 312319, 312319, 312319, 312319, 312319, 312319, 312319, 312319, 312319, 312319, 312319, 312319, 312319, 312319, 312319, 312319, 312319, 312319, 312319, 312319, 312319, 312319, 312319, 312319, 312319, 312319, 312319, 312319, 312319, 312319, 312319, 312319, 312319, 312319, 312319, 312319, 312319, 312319, 312319, 312319, 312319, 312319, 312319, 312319, 312319, 312319, 312319, 312319, 312319]
current_obj = [361012.0, 354512.0, 353784.0, 349280.0, 343146.0, 339506.0, 337633.0, 336614.0, 333761.0, 330815.0, 325618.0, 326176.0, 323707.0, 323117.0, 323816.0, 322399.0, 323064.0, 324044.0, 322578.0, 322882.0, 322719.0, 321422.0, 322117.0, 321894.0, 322393.0, 320798.0, 324263.0, 321807.0, 321083.0, 321711.0, 319619.0, 319361.0, 320765.0, 321960.0, 320138.0, 322495.0, 320258.0, 319621.0, 319313.0, 322684.0, 319851.0, 318107.0, 319094.0, 319619.0, 322627.0, 319732.0, 319732.0, 318012.0, 319200.0, 317918.0, 318732.0, 319256.0, 318167.0, 318012.0, 320179.0, 320321.0, 319128.0, 320074.0, 319543.0, 317192.0, 321141.0, 318295.0, 316787.0, 318616.0, 316302.0, 316907.0, 320458.0, 317907.0, 320556.0, 316542.0, 320253.0, 318555.0, 319236.0, 318326.0, 317287.0, 318827.0, 317866.0, 316836.0, 316385.0, 317564.0, 317017.0, 320458.0, 316778.0, 318426.0, 315039.0, 316096.0, 317388.0, 318461.0, 316183.0, 315655.0, 315960.0, 316091.0, 317624.0, 316650.0, 316347.0, 319778.0, 317971.0, 315962.0, 316302.0, 319795.0, 317891.0, 316503.0, 316302.0, 316325.0, 316364.0, 314900.0, 314669.0, 316043.0, 318011.0, 317774.0, 314685.0, 315289.0, 316003.0, 316072.0, 314972.0, 314732.0, 315839.0, 316642.0, 316738.0, 315319.0, 315289.0, 319245.0, 315615.0, 315921.0, 318692.0, 315423.0, 314567.0, 315609.0, 315742.0, 315395.0, 315619.0, 315426.0, 315289.0, 315143.0, 315960.0, 316589.0, 315822.0, 314928.0, 315490.0, 314169.0, 315162.0, 316589.0, 315424.0, 317101.0, 314472.0, 317576.0, 314634.0, 317227.0, 317357.0, 314311.0, 314839.0, 316168.0, 314729.0, 314256.0, 315659.0, 313579.0, 313498.0, 314173.0, 314070.0, 317373.0, 315795.0, 317161.0, 313387.0, 316878.0, 314978.0, 314354.0, 313862.0, 314601.0, 314887.0, 313308.0, 313130.0, 319749.0, 316580.0, 316693.0, 314798.0, 312958.0, 316516.0, 314506.0, 313529.0, 316206.0, 314310.0, 314883.0, 314870.0, 313506.0, 316273.0, 313530.0, 313825.0, 313513.0, 316932.0, 315414.0, 313895.0, 313695.0, 313100.0, 315525.0, 314924.0, 315779.0, 314643.0, 314563.0, 314445.0, 313270.0, 312496.0, 314293.0, 313615.0, 316108.0, 315334.0, 312575.0, 314101.0, 313653.0, 317907.0, 314811.0, 312674.0, 315334.0, 313589.0, 313293.0, 316231.0, 315309.0, 313423.0, 313706.0, 315550.0, 315216.0, 315089.0, 315011.0, 314320.0, 316451.0, 313205.0, 314437.0, 312925.0, 313687.0, 312644.0, 312644.0, 314806.0, 314039.0, 313214.0, 313112.0, 312512.0, 312976.0, 312638.0, 315245.0, 313938.0, 313653.0, 312894.0, 313464.0, 312898.0, 313202.0, 313214.0, 312799.0, 314806.0, 314623.0, 313190.0, 313153.0, 313067.0, 312805.0, 313136.0, 315479.0, 317541.0, 317767.0, 315616.0, 315216.0, 315309.0, 316130.0, 313938.0, 314523.0, 312412.0, 314859.0, 313022.0, 315330.0, 314161.0, 314995.0, 316046.0, 317293.0, 312892.0, 312721.0, 314638.0, 313446.0, 313596.0, 313051.0, 313557.0, 313569.0, 313969.0, 315491.0, 314016.0, 313289.0, 313856.0, 317313.0, 312496.0, 313314.0, 315225.0, 312554.0, 316007.0, 315590.0, 312452.0, 316200.0, 312783.0, 314123.0, 312367.0, 312769.0, 314304.0, 315925.0, 316257.0, 315110.0, 313679.0, 314050.0, 318399.0, 316308.0, 314682.0, 316158.0, 312744.0, 314677.0, 315060.0, 315240.0, 312331.0, 312960.0, 312406.0, 315297.0, 313037.0, 317074.0, 313859.0, 315080.0, 315258.0, 314199.0, 315141.0, 314007.0, 313910.0, 313979.0, 313417.0, 313476.0, 312319.0, 315295.0, 317345.0, 315347.0, 312372.0, 313298.0, 312398.0, 314122.0, 314812.0, 313998.0, 315569.0, 312610.0, 316055.0, 313028.0, 313189.0, 312890.0, 312685.0, 314801.0, 315147.0, 317122.0, 313166.0, 314080.0, 313300.0, 312864.0, 312610.0, 312372.0, 314303.0, 316052.0, 312372.0, 312742.0, 317196.0, 312394.0, 312470.0, 314641.0, 314135.0, 312420.0, 317075.0, 313025.0, 313966.0, 315011.0, 316487.0, 314869.0, 313018.0, 312331.0, 313742.0, 315011.0, 313027.0, 312799.0, 313461.0, 312987.0, 312619.0, 315569.0, 313300.0, 316980.0, 313995.0, 313025.0, 312355.0, 314324.0, 315011.0, 315176.0, 312781.0, 314244.0, 313870.0, 313516.0, 315649.0, 313341.0, 312781.0, 315160.0, 312438.0, 315852.0, 313025.0, 312676.0, 316517.0, 317536.0, 313028.0, 313265.0, 313144.0, 315555.0, 312721.0, 312717.0, 319259.0, 315555.0, 313188.0, 315068.0, 314041.0, 314762.0, 315761.0, 315011.0, 316951.0, 313804.0, 320197.0, 312721.0, 314256.0, 313080.0, 314135.0, 314041.0, 313298.0, 316494.0, 316774.0, 315091.0, 312864.0, 315187.0, 313300.0, 313998.0, 316887.0, 315482.0, 316142.0, 317840.0, 313651.0, 313367.0, 312955.0, 313298.0, 313966.0, 313037.0, 313850.0, 314634.0, 314852.0, 312372.0, 313765.0, 313699.0, 314212.0, 313950.0, 315572.0, 312799.0, 313431.0, 313476.0, 312948.0, 312441.0, 312955.0, 315179.0, 313966.0, 313116.0, 313025.0, 312802.0, 312781.0, 313391.0, 313353.0, 312799.0, 314160.0, 312400.0, 312331.0, 313341.0, 313474.0, 312748.0, 313353.0, 313085.0, 312948.0, 314256.0, 318192.0, 314324.0, 315982.0, 0.0, 0.0, 0.0, 0.0, 0.0, 0.0, 0.0, 0.0, 0.0, 0.0, 0.0, 0.0, 0.0, 0.0, 0.0, 0.0, 0.0, 0.0, 0.0, 0.0, 0.0, 0.0, 0.0, 0.0, 0.0, 0.0, 0.0, 0.0, 0.0, 0.0, 0.0, 0.0, 0.0, 0.0, 0.0, 0.0, 0.0, 0.0, 0.0, 0.0, 0.0, 0.0, 0.0, 0.0, 0.0, 0.0, 0.0, 0.0, 0.0, 0.0, 0.0, 0.0, 0.0, 0.0, 0.0, 0.0, 0.0, 0.0, 0.0, 0.0, 0.0, 0.0, 0.0, 0.0, 0.0, 0.0, 0.0, 0.0, 0.0, 0.0, 0.0, 0.0, 0.0, 0.0, 0.0, 0.0, 0.0, 0.0, 0.0, 0.0, 0.0, 0.0, 0.0, 0.0, 0.0, 0.0, 0.0, 0.0, 0.0, 0.0, 0.0, 0.0, 0.0, 0.0, 0.0, 0.0, 0.0, 0.0, 0.0, 0.0, 0.0, 0.0, 0.0, 0.0, 0.0, 0.0, 0.0, 0.0, 0.0, 0.0, 0.0, 0.0, 0.0, 0.0, 0.0, 0.0, 0.0, 0.0, 0.0, 0.0, 0.0, 0.0, 0.0]
cong_K= Any[3, 3, 3, 1, 3, 1, 1, 1, 1, 1, 1, 1, 1, 1, 1, 1, 1, 1, 1, 1, 1, 1, 1, 1, 1, 1, 1, 1, 1, 1, 3, 1, 1, 1, 1, 1, 1, 1, 1, 1, 1] 
obj_k= Any[361012, 354512, 353784, 349280, 343146, 339506, 337633, 336614, 333761, 330815, 325618, 323707, 323117, 322399, 321422, 320798, 319619, 319361, 319313, 318107, 318012, 317918, 317192, 316787, 316302, 315039, 314900, 314669, 314567, 314169, 313579, 313498, 313387, 313308, 313130, 312958, 312496, 312412, 312367, 312331, 312319] 
iter_obj = Any[1, 2, 3, 4, 5, 6, 7, 8, 9, 10, 11, 13, 14, 16, 22, 26, 31, 32, 39, 42, 48, 50, 60, 63, 65, 85, 106, 107, 127, 140, 156, 157, 163, 170, 171, 176, 201, 263, 295, 311, 327] 
avgClusterDiam = 2604.0666666666666 
maxClusterDiam = 3775.0 
clusterDiamete = [2695.0; 3106.0; 3775.0; 2430.0; 2398.0; 2752.0; 2263.0; 3033.0; 2779.0; 3579.0; 2023.0; 3015.0; 1818.0; 2093.0; 1302.0]   
C = [0, 0, 0, 0, 0, 0, 0, 0, 0, 0, 0, 1, 0, 0, 0, 0, 0, 0, 0, 0, 1, 0, 0, 0, 0, 0, 0, 0, 0, 0, 0, 0, 0, 0, 0, 0, 0, 0, 0, 0, 0, 0, 0, 0, 0, 0, 0, 0, 0, 0, 0, 0, 0, 0, 0, 0, 0, 0, 0, 0, 0, 0, 0, 0, 0, 1, 0, 0, 0, 0, 0, 0, 0, 0, 0, 0, 0, 0, 0, 0, 0, 0, 0, 0, 0, 0, 1, 0, 0, 0, 0, 0, 0, 0, 0, 0, 0, 0, 0, 0, 0, 0, 0, 0, 0, 0, 0, 0, 0, 0, 0, 0, 0, 0, 0, 0, 0, 0, 0, 0, 0, 0, 0, 0, 0, 0, 0, 0, 0, 0, 0, 0, 0, 0, 0, 0, 1, 0, 0, 0, 0, 0, 0, 0, 0, 0, 0, 0, 0, 0, 0, 1, 0, 0, 0, 0, 0, 0, 0, 0, 0, 0, 0, 0, 0, 0, 0, 0, 0, 0, 0, 0, 0, 0, 0, 0, 0, 0, 0, 0, 0, 0, 0, 0, 0, 0, 0, 0, 0, 0, 0, 0, 0, 0, 0, 0, 0, 0, 0, 0, 0, 0, 0, 0, 0, 0, 0, 0, 0, 0, 0, 0, 0, 0, 1, 0, 0, 1, 0, 0, 0, 0, 0, 0, 0, 0, 0, 0, 0, 0, 0, 0, 0, 0, 0, 0, 0, 0, 0, 0, 0, 0, 0, 0, 0, 0, 0, 0, 0, 0, 0, 0, 0, 0, 0, 0, 0, 0, 0, 0, 0, 0, 0, 0, 0, 0, 0, 0, 0, 0, 0, 0, 0, 0, 1, 0, 0, 0, 0, 0, 0, 0, 0, 0, 0, 0, 0, 0, 0, 0, 0, 0, 0, 0, 0, 0, 0, 0, 1, 0, 0, 0, 0, 0, 0, 0, 0, 0, 0, 0, 0, 0, 1, 0, 0, 0, 0, 0, 0, 0, 0, 0, 0, 0, 0, 0, 0, 0, 0, 0, 0, 0, 0, 0, 0, 0, 0, 0, 0, 0, 0, 0, 0, 0, 0, 0, 0, 0, 0, 0, 0, 0, 0, 0, 0, 0, 0, 0, 0, 1, 0, 0, 0, 0, 0, 0, 0, 0, 0, 0, 0, 0, 0, 0, 0, 0, 0, 0, 0, 0, 0, 1, 0, 0, 0, 0, 0, 0, 0, 0, 0, 0, 0, 0, 0, 0, 0, 0, 0, 0, 0, 0, 0, 0, 0, 0, 0, 0, 0, 0, 0, 0, 0, 0, 0, 0, 0, 0, 0, 0, 0, 0, 0, 1, 0, 0, 0, 0, 1, 0, 0, 0, 0, 0, 0, 0, 0, 0, 0, 0, 0, 0, 0, 0, 0, 0, 0, 0, 0, 0, 0, 0]
E = [12, 21, 12, 12, 12, 12, 21, 12, 12, 275, 12, 12, 66, 66, 21, 12, 12, 12, 12, 12, 21, 21, 21, 21, 12, 275, 12, 21, 275, 275, 275, 152, 137, 21, 21, 21, 21, 66, 137, 137, 87, 21, 87, 21, 21, 152, 152, 87, 21, 21, 152, 87, 66, 152, 87, 299, 66, 66, 299, 21, 152, 66, 152, 152, 275, 66, 66, 66, 152, 152, 152, 66, 66, 299, 66, 152, 66, 21, 66, 152, 152, 87, 152, 152, 12, 12, 87, 87, 87, 87, 87, 87, 87, 87, 87, 87, 87, 87, 275, 87, 87, 87, 12, 87, 87, 87, 87, 87, 87, 87, 12, 12, 12, 12, 12, 275, 12, 12, 137, 137, 137, 87, 137, 137, 137, 137, 137, 137, 137, 137, 137, 137, 137, 137, 137, 137, 137, 137, 152, 137, 137, 152, 137, 137, 137, 152, 137, 137, 137, 152, 152, 152, 152, 152, 152, 152, 299, 137, 137, 12, 152, 152, 137, 152, 152, 66, 66, 66, 66, 66, 66, 66, 66, 275, 152, 275, 66, 66, 152, 152, 66, 299, 12, 66, 66, 218, 66, 66, 66, 66, 66, 218, 215, 21, 218, 218, 215, 215, 218, 218, 218, 215, 215, 215, 218, 215, 21, 218, 215, 215, 218, 218, 215, 215, 215, 215, 66, 218, 215, 215, 215, 218, 218, 218, 218, 66, 215, 215, 215, 215, 218, 66, 215, 218, 215, 215, 215, 215, 21, 215, 215, 215, 215, 215, 218, 218, 21, 12, 21, 66, 21, 21, 21, 12, 12, 12, 12, 218, 12, 87, 21, 87, 12, 275, 275, 275, 275, 275, 275, 87, 275, 275, 275, 275, 275, 299, 152, 152, 299, 152, 299, 299, 299, 299, 66, 66, 66, 313, 313, 313, 299, 299, 299, 299, 299, 299, 299, 299, 299, 299, 299, 360, 313, 313, 313, 313, 313, 313, 313, 313, 313, 313, 313, 313, 313, 313, 299, 299, 299, 299, 299, 299, 299, 299, 313, 360, 313, 313, 313, 313, 313, 313, 313, 313, 360, 360, 360, 360, 299, 299, 360, 360, 360, 360, 313, 382, 313, 313, 313, 313, 313, 313, 382, 382, 382, 360, 360, 360, 360, 360, 382, 313, 382, 313, 382, 382, 382, 382, 382, 382, 382, 360, 360, 360, 360, 360, 360, 360, 382, 382, 382, 382, 382, 382, 382, 382, 382, 382, 382, 382, 382, 382, 424, 424, 424, 424, 424, 424, 360, 360, 360, 360, 424, 360, 360, 429, 429, 429, 429, 429, 424, 424, 424, 424, 382, 424, 382, 382, 382, 382, 382, 424, 424, 424, 424, 424, 429, 429, 429, 429, 429, 429, 424, 424, 424, 424, 424, 424, 424, 424, 424, 429, 429, 429, 429, 429, 21, 87, 21, 275, 218, 218]
