n° iter       = 600 
neighborhood_structure = [3] 
Prioridad     = 5 
balance       = 0.2 
Len_N         = 3 
N° clusters   = 15 
N° estaciones = 452 
N° mejoras    = 14
N° iter completadas  = 163
1° FO         = 357135.0
FO            = 318726
Centros       = [19, 22, 66, 96, 140, 152, 214, 223, 269, 293, 308, 358, 382, 431, 433]
Objs= Any[357135.0, 351093, 351093, 351093, 349444, 349444, 344784, 344784, 344784, 344784, 344784, 335667, 335667, 329910, 329910, 329910, 326676, 326676, 324788, 324788, 324788, 324788, 324788, 324788, 324788, 324788, 324788, 324788, 324788, 324788, 324648, 324648, 324648, 324648, 324648, 324648, 324648, 324648, 324648, 324648, 324648, 324648, 324648, 324648, 324648, 324648, 324648, 324648, 324648, 324648, 324648, 324648, 324648, 324648, 324648, 324648, 324648, 324648, 324648, 324648, 324648, 324648, 324648, 322484, 322484, 322484, 322048, 322048, 322048, 322048, 322048, 321612, 321235, 321235, 321235, 321235, 321235, 321235, 321235, 321235, 321235, 321235, 321235, 321235, 321235, 321235, 321235, 321235, 321235, 321235, 321235, 321235, 321235, 321235, 321235, 321235, 321235, 321235, 321235, 321235, 321235, 321235, 319736, 319736, 319736, 319736, 319736, 319736, 319736, 319736, 319736, 319736, 319736, 319736, 319736, 319736, 319736, 319736, 319736, 319736, 319736, 318726, 318726, 318726, 318726, 318726, 318726, 318726, 318726, 318726, 318726, 318726, 318726, 318726, 318726, 318726, 318726, 318726, 318726, 318726, 318726, 318726, 318726, 318726, 318726, 318726, 318726, 318726, 318726, 318726, 318726, 318726, 318726, 318726, 318726, 318726, 318726, 318726, 318726, 318726, 318726, 318726, 318726, 318726]
current_obj = [351093.0, 354055.0, 351337.0, 349444.0, 350757.0, 344784.0, 350778.0, 347021.0, 345946.0, 345531.0, 335667.0, 340787.0, 329910.0, 333760.0, 333593.0, 326676.0, 334683.0, 324788.0, 326509.0, 337019.0, 332602.0, 326348.0, 333194.0, 329368.0, 332132.0, 326780.0, 332238.0, 333852.0, 327183.0, 324648.0, 332601.0, 328571.0, 330212.0, 331149.0, 333992.0, 327333.0, 327649.0, 328232.0, 330499.0, 331066.0, 328233.0, 328082.0, 328625.0, 329698.0, 330736.0, 325184.0, 327651.0, 330091.0, 333931.0, 326403.0, 331582.0, 333363.0, 326190.0, 329990.0, 328121.0, 336861.0, 335367.0, 333867.0, 325005.0, 334067.0, 332159.0, 325833.0, 322484.0, 323562.0, 332250.0, 322048.0, 329447.0, 327775.0, 327537.0, 332080.0, 321612.0, 321235.0, 330496.0, 329725.0, 328512.0, 323073.0, 327606.0, 330447.0, 328764.0, 322415.0, 326658.0, 333587.0, 327431.0, 330907.0, 328137.0, 329766.0, 331528.0, 322711.0, 323163.0, 323167.0, 329061.0, 328647.0, 328941.0, 330349.0, 326783.0, 322188.0, 336175.0, 331206.0, 334211.0, 333470.0, 330700.0, 319736.0, 324160.0, 324710.0, 324280.0, 329441.0, 331627.0, 326355.0, 329740.0, 325331.0, 326832.0, 327576.0, 324697.0, 328128.0, 329889.0, 322606.0, 320836.0, 323999.0, 327472.0, 324841.0, 318726.0, 321024.0, 327749.0, 323713.0, 325250.0, 330798.0, 325953.0, 329611.0, 329221.0, 330018.0, 328204.0, 322871.0, 320296.0, 323761.0, 322543.0, 327762.0, 329439.0, 326845.0, 321675.0, 321479.0, 333558.0, 336904.0, 326783.0, 331345.0, 324639.0, 324189.0, 324511.0, 324858.0, 322009.0, 327982.0, 328634.0, 326410.0, 326184.0, 327138.0, 324236.0, 326321.0, 335395.0, 327971.0, 326192.0, 323987.0, 326393.0, 333363.0, 328290.0, 323216.0, 0.0, 0.0, 0.0, 0.0, 0.0, 0.0, 0.0, 0.0, 0.0, 0.0, 0.0, 0.0, 0.0, 0.0, 0.0, 0.0, 0.0, 0.0, 0.0, 0.0, 0.0, 0.0, 0.0, 0.0, 0.0, 0.0, 0.0, 0.0, 0.0, 0.0, 0.0, 0.0, 0.0, 0.0, 0.0, 0.0, 0.0, 0.0, 0.0, 0.0, 0.0, 0.0, 0.0, 0.0, 0.0, 0.0, 0.0, 0.0, 0.0, 0.0, 0.0, 0.0, 0.0, 0.0, 0.0, 0.0, 0.0, 0.0, 0.0, 0.0, 0.0, 0.0, 0.0, 0.0, 0.0, 0.0, 0.0, 0.0, 0.0, 0.0, 0.0, 0.0, 0.0, 0.0, 0.0, 0.0, 0.0, 0.0, 0.0, 0.0, 0.0, 0.0, 0.0, 0.0, 0.0, 0.0, 0.0, 0.0, 0.0, 0.0, 0.0, 0.0, 0.0, 0.0, 0.0, 0.0, 0.0, 0.0, 0.0, 0.0, 0.0, 0.0, 0.0, 0.0, 0.0, 0.0, 0.0, 0.0, 0.0, 0.0, 0.0, 0.0, 0.0, 0.0, 0.0, 0.0, 0.0, 0.0, 0.0, 0.0, 0.0, 0.0, 0.0, 0.0, 0.0, 0.0, 0.0, 0.0, 0.0, 0.0, 0.0, 0.0, 0.0, 0.0, 0.0, 0.0, 0.0, 0.0, 0.0, 0.0, 0.0, 0.0, 0.0, 0.0, 0.0, 0.0, 0.0, 0.0, 0.0, 0.0, 0.0, 0.0, 0.0, 0.0, 0.0, 0.0, 0.0, 0.0, 0.0, 0.0, 0.0, 0.0, 0.0, 0.0, 0.0, 0.0, 0.0, 0.0, 0.0, 0.0, 0.0, 0.0, 0.0, 0.0, 0.0, 0.0, 0.0, 0.0, 0.0, 0.0, 0.0, 0.0, 0.0, 0.0, 0.0, 0.0, 0.0, 0.0, 0.0, 0.0, 0.0, 0.0, 0.0, 0.0, 0.0, 0.0, 0.0, 0.0, 0.0, 0.0, 0.0, 0.0, 0.0, 0.0, 0.0, 0.0, 0.0, 0.0, 0.0, 0.0, 0.0, 0.0, 0.0, 0.0, 0.0, 0.0, 0.0, 0.0, 0.0, 0.0, 0.0, 0.0, 0.0, 0.0, 0.0, 0.0, 0.0, 0.0, 0.0, 0.0, 0.0, 0.0, 0.0, 0.0, 0.0, 0.0, 0.0, 0.0, 0.0, 0.0, 0.0, 0.0, 0.0, 0.0, 0.0, 0.0, 0.0, 0.0, 0.0, 0.0, 0.0, 0.0, 0.0, 0.0, 0.0, 0.0, 0.0, 0.0, 0.0, 0.0, 0.0, 0.0, 0.0, 0.0, 0.0, 0.0, 0.0, 0.0, 0.0, 0.0, 0.0, 0.0, 0.0, 0.0, 0.0, 0.0, 0.0, 0.0, 0.0, 0.0, 0.0, 0.0, 0.0, 0.0, 0.0, 0.0, 0.0, 0.0, 0.0, 0.0, 0.0, 0.0, 0.0, 0.0, 0.0, 0.0, 0.0, 0.0, 0.0, 0.0, 0.0, 0.0, 0.0, 0.0, 0.0, 0.0, 0.0, 0.0, 0.0, 0.0, 0.0, 0.0, 0.0, 0.0, 0.0, 0.0, 0.0, 0.0, 0.0, 0.0, 0.0, 0.0, 0.0, 0.0, 0.0, 0.0, 0.0, 0.0, 0.0, 0.0, 0.0, 0.0, 0.0, 0.0, 0.0, 0.0, 0.0, 0.0, 0.0, 0.0, 0.0, 0.0, 0.0, 0.0, 0.0, 0.0, 0.0, 0.0, 0.0, 0.0, 0.0, 0.0, 0.0, 0.0, 0.0, 0.0, 0.0, 0.0, 0.0, 0.0, 0.0, 0.0, 0.0, 0.0, 0.0, 0.0, 0.0, 0.0, 0.0, 0.0, 0.0, 0.0, 0.0, 0.0, 0.0, 0.0, 0.0, 0.0, 0.0, 0.0, 0.0, 0.0, 0.0, 0.0, 0.0, 0.0, 0.0, 0.0, 0.0, 0.0, 0.0, 0.0, 0.0, 0.0, 0.0, 0.0, 0.0, 0.0, 0.0, 0.0, 0.0, 0.0, 0.0, 0.0, 0.0, 0.0, 0.0, 0.0, 0.0, 0.0, 0.0, 0.0, 0.0, 0.0, 0.0, 0.0, 0.0, 0.0, 0.0, 0.0, 0.0, 0.0, 0.0, 0.0, 0.0, 0.0, 0.0, 0.0, 0.0, 0.0, 0.0, 0.0, 0.0, 0.0, 0.0, 0.0]
cong_K= Any[3, 3, 3, 3, 3, 3, 3, 3, 3, 3, 3, 3, 3, 3] 
obj_k= Any[351093, 349444, 344784, 335667, 329910, 326676, 324788, 324648, 322484, 322048, 321612, 321235, 319736, 318726] 
iter_obj = Any[1, 4, 6, 11, 13, 16, 18, 30, 63, 66, 71, 72, 102, 121] 
avgClusterDiam = 2454.0 
maxClusterDiam = 3775.0 
clusterDiamete = [2324.0; 2238.0; 3775.0; 2430.0; 2020.0; 2416.0; 2263.0; 3033.0; 2779.0; 3482.0; 2115.0; 2838.0; 2032.0; 1500.0; 1565.0]   
C = [0, 0, 0, 0, 0, 0, 0, 0, 0, 0, 0, 0, 0, 0, 0, 0, 0, 0, 1, 0, 0, 1, 0, 0, 0, 0, 0, 0, 0, 0, 0, 0, 0, 0, 0, 0, 0, 0, 0, 0, 0, 0, 0, 0, 0, 0, 0, 0, 0, 0, 0, 0, 0, 0, 0, 0, 0, 0, 0, 0, 0, 0, 0, 0, 0, 1, 0, 0, 0, 0, 0, 0, 0, 0, 0, 0, 0, 0, 0, 0, 0, 0, 0, 0, 0, 0, 0, 0, 0, 0, 0, 0, 0, 0, 0, 1, 0, 0, 0, 0, 0, 0, 0, 0, 0, 0, 0, 0, 0, 0, 0, 0, 0, 0, 0, 0, 0, 0, 0, 0, 0, 0, 0, 0, 0, 0, 0, 0, 0, 0, 0, 0, 0, 0, 0, 0, 0, 0, 0, 1, 0, 0, 0, 0, 0, 0, 0, 0, 0, 0, 0, 1, 0, 0, 0, 0, 0, 0, 0, 0, 0, 0, 0, 0, 0, 0, 0, 0, 0, 0, 0, 0, 0, 0, 0, 0, 0, 0, 0, 0, 0, 0, 0, 0, 0, 0, 0, 0, 0, 0, 0, 0, 0, 0, 0, 0, 0, 0, 0, 0, 0, 0, 0, 0, 0, 0, 0, 0, 0, 0, 0, 0, 0, 1, 0, 0, 0, 0, 0, 0, 0, 0, 1, 0, 0, 0, 0, 0, 0, 0, 0, 0, 0, 0, 0, 0, 0, 0, 0, 0, 0, 0, 0, 0, 0, 0, 0, 0, 0, 0, 0, 0, 0, 0, 0, 0, 0, 0, 0, 0, 0, 0, 0, 0, 0, 0, 0, 0, 1, 0, 0, 0, 0, 0, 0, 0, 0, 0, 0, 0, 0, 0, 0, 0, 0, 0, 0, 0, 0, 0, 0, 0, 1, 0, 0, 0, 0, 0, 0, 0, 0, 0, 0, 0, 0, 0, 0, 1, 0, 0, 0, 0, 0, 0, 0, 0, 0, 0, 0, 0, 0, 0, 0, 0, 0, 0, 0, 0, 0, 0, 0, 0, 0, 0, 0, 0, 0, 0, 0, 0, 0, 0, 0, 0, 0, 0, 0, 0, 0, 0, 0, 0, 0, 0, 0, 0, 0, 1, 0, 0, 0, 0, 0, 0, 0, 0, 0, 0, 0, 0, 0, 0, 0, 0, 0, 0, 0, 0, 0, 0, 0, 1, 0, 0, 0, 0, 0, 0, 0, 0, 0, 0, 0, 0, 0, 0, 0, 0, 0, 0, 0, 0, 0, 0, 0, 0, 0, 0, 0, 0, 0, 0, 0, 0, 0, 0, 0, 0, 0, 0, 0, 0, 0, 0, 0, 0, 0, 0, 0, 0, 1, 0, 1, 0, 0, 0, 0, 0, 0, 0, 0, 0, 0, 0, 0, 0, 0, 0, 0, 0, 0, 0]
E = [19, 22, 19, 19, 19, 19, 22, 19, 19, 269, 19, 19, 66, 66, 22, 19, 19, 19, 19, 19, 22, 22, 22, 22, 19, 269, 19, 22, 269, 269, 269, 22, 19, 22, 22, 22, 22, 66, 19, 22, 96, 22, 96, 22, 22, 152, 152, 96, 22, 66, 152, 96, 66, 152, 96, 293, 66, 66, 293, 22, 152, 66, 152, 152, 269, 66, 66, 152, 152, 152, 152, 66, 66, 293, 66, 152, 66, 66, 66, 152, 152, 96, 152, 152, 19, 19, 96, 96, 96, 96, 96, 96, 96, 96, 96, 96, 96, 96, 269, 96, 96, 96, 19, 96, 96, 96, 96, 96, 96, 96, 19, 96, 19, 19, 19, 269, 19, 19, 19, 19, 19, 96, 19, 140, 19, 140, 140, 140, 140, 140, 140, 140, 140, 140, 140, 140, 140, 140, 140, 140, 140, 152, 140, 140, 140, 152, 140, 140, 140, 152, 140, 152, 152, 152, 152, 152, 293, 140, 140, 19, 152, 152, 140, 152, 152, 66, 66, 66, 66, 66, 66, 66, 66, 269, 152, 269, 66, 66, 152, 152, 66, 293, 19, 66, 66, 223, 66, 66, 66, 66, 66, 223, 214, 22, 223, 223, 214, 214, 223, 223, 223, 223, 214, 214, 223, 214, 0, 223, 214, 223, 223, 223, 214, 214, 214, 223, 66, 223, 214, 214, 214, 223, 223, 223, 223, 66, 214, 223, 214, 214, 223, 66, 223, 223, 214, 214, 214, 223, 22, 214, 214, 214, 214, 214, 223, 22, 66, 22, 22, 66, 22, 66, 22, 19, 19, 19, 19, 223, 19, 96, 22, 96, 19, 269, 269, 269, 269, 269, 269, 96, 269, 269, 269, 269, 269, 293, 152, 152, 293, 152, 293, 293, 293, 308, 66, 66, 66, 308, 308, 308, 293, 293, 293, 293, 293, 293, 293, 293, 293, 293, 308, 358, 308, 308, 308, 308, 308, 308, 308, 308, 308, 308, 308, 308, 308, 308, 293, 293, 293, 293, 293, 293, 293, 293, 358, 358, 308, 308, 308, 308, 308, 308, 308, 382, 358, 358, 358, 358, 293, 358, 358, 358, 358, 358, 358, 382, 308, 308, 308, 382, 308, 308, 382, 382, 382, 358, 358, 358, 358, 358, 382, 308, 382, 308, 382, 382, 382, 382, 382, 382, 382, 358, 358, 358, 358, 358, 358, 358, 382, 382, 382, 382, 382, 382, 382, 382, 382, 382, 382, 382, 382, 382, 382, 433, 382, 382, 358, 358, 358, 358, 358, 431, 358, 358, 431, 431, 431, 431, 431, 431, 433, 431, 433, 382, 382, 382, 382, 382, 382, 382, 382, 433, 433, 433, 433, 433, 433, 431, 431, 431, 431, 431, 433, 433, 433, 433, 433, 433, 433, 433, 433, 431, 431, 431, 431, 431, 22, 96, 66, 269, 223, 223]
