n° iter       = 600 
neighborhood_structure = [3] 
Prioridad     = 5 
balance       = 0.2 
Len_N         = 3 
N° clusters   = 15 
N° estaciones = 452 
N° mejoras    = 25
N° iter completadas  = 547
1° FO         = 357867.0
FO            = 318695
Centros       = [9, 53, 70, 87, 115, 141, 208, 221, 274, 299, 307, 344, 353, 415, 427]
Objs= Any[357867.0, 357867.0, 354750, 354750, 353628, 350974, 345492, 345492, 345492, 344134, 342647, 339030, 339030, 339030, 339030, 339030, 339030, 339030, 339030, 339030, 339030, 339030, 339030, 339030, 339030, 339030, 339030, 338698, 338698, 338698, 338698, 338335, 338335, 338335, 338335, 338335, 338335, 338335, 338335, 338179, 338179, 335692, 335692, 335692, 333959, 331150, 331150, 331150, 331150, 331150, 331150, 331150, 331150, 331150, 329008, 329008, 329008, 329008, 329008, 329008, 329008, 329008, 329008, 329008, 329008, 329008, 329008, 329008, 329008, 329008, 329008, 329008, 329008, 329008, 329008, 329008, 329008, 329008, 329008, 329008, 329008, 328345, 328345, 328345, 328345, 328345, 328345, 328345, 328345, 328345, 328345, 328345, 328345, 328345, 328345, 328345, 328345, 328345, 328345, 328345, 328345, 328345, 328345, 327837, 327837, 327837, 327837, 327837, 327837, 326067, 326067, 326067, 326067, 326067, 326067, 326067, 326067, 324127, 324127, 324127, 324127, 323971, 322212, 322212, 322212, 322212, 322212, 322212, 322212, 322212, 322212, 322212, 322212, 322212, 322212, 322212, 322212, 322212, 322212, 322212, 322212, 322212, 322212, 322212, 322212, 322212, 322212, 322212, 322212, 322212, 322212, 322212, 322212, 322212, 322212, 322212, 322212, 322212, 322212, 322212, 322212, 322212, 322212, 322212, 322212, 322212, 322212, 321969, 321969, 321969, 321969, 321969, 321969, 321969, 321969, 321969, 321969, 321969, 321969, 321969, 321969, 321969, 321969, 321969, 321969, 321969, 321969, 321969, 321969, 321969, 321969, 321969, 321475, 321475, 321475, 321475, 321475, 321475, 321475, 321475, 321475, 321475, 321475, 321475, 321475, 321475, 321475, 321475, 321475, 321475, 321475, 321475, 321475, 321475, 321475, 321475, 321475, 321475, 321475, 321475, 321475, 321475, 321475, 321475, 321475, 321475, 321475, 321475, 321475, 321475, 321475, 321475, 321475, 321475, 321475, 321475, 321475, 321475, 321475, 321475, 321475, 321475, 321475, 321475, 321475, 321475, 321475, 321475, 321475, 321475, 321475, 321475, 321475, 321475, 321475, 321475, 321475, 320274, 320274, 320274, 320274, 320274, 320274, 320274, 320274, 320274, 320274, 320274, 320274, 320274, 320274, 320274, 320274, 320274, 320274, 320274, 320274, 320274, 320274, 320274, 320274, 320274, 320274, 320274, 320274, 320274, 320274, 320274, 320274, 320274, 320274, 320274, 320274, 320274, 320274, 320274, 320274, 320274, 320274, 320274, 320274, 320274, 320274, 320274, 320274, 320274, 320274, 320274, 320274, 320274, 320274, 320274, 320274, 320274, 320274, 320274, 320274, 320274, 320274, 320274, 320274, 320274, 320274, 320274, 320274, 320274, 320274, 320274, 320274, 320274, 320274, 320274, 320274, 320274, 320274, 320274, 320274, 320274, 320274, 320274, 320274, 320274, 320274, 320274, 320274, 320274, 320274, 320274, 320274, 320274, 320274, 320274, 320274, 320274, 320274, 320274, 320274, 320274, 320274, 320274, 320274, 320274, 320274, 320274, 320274, 320274, 320274, 320274, 320274, 320274, 320274, 320274, 320274, 319588, 319588, 319588, 319588, 319588, 319588, 319588, 319588, 319588, 319588, 319588, 319588, 319588, 319588, 319588, 319588, 319588, 319588, 319588, 319588, 319588, 319588, 319588, 319588, 319588, 318695, 318695, 318695, 318695, 318695, 318695, 318695, 318695, 318695, 318695, 318695, 318695, 318695, 318695, 318695, 318695, 318695, 318695, 318695, 318695, 318695, 318695, 318695, 318695, 318695, 318695, 318695, 318695, 318695, 318695, 318695, 318695, 318695, 318695, 318695, 318695, 318695, 318695, 318695, 318695, 318695, 318695, 318695, 318695, 318695, 318695, 318695, 318695, 318695, 318695, 318695, 318695, 318695, 318695, 318695, 318695, 318695, 318695, 318695, 318695, 318695, 318695, 318695, 318695, 318695, 318695, 318695, 318695, 318695, 318695, 318695, 318695, 318695, 318695, 318695, 318695, 318695, 318695, 318695, 318695, 318695, 318695, 318695, 318695, 318695, 318695, 318695, 318695, 318695, 318695, 318695, 318695, 318695, 318695, 318695, 318695, 318695, 318695, 318695, 318695, 318695, 318695, 318695, 318695, 318695, 318695, 318695, 318695, 318695, 318695, 318695, 318695, 318695, 318695, 318695, 318695, 318695, 318695, 318695, 318695, 318695, 318695, 318695, 318695, 318695, 318695, 318695, 318695, 318695, 318695, 318695, 318695, 318695, 318695, 318695, 318695, 318695, 318695, 318695, 318695, 318695, 318695, 318695, 318695, 318695, 318695, 318695, 318695, 318695, 318695]
current_obj = [358977.0, 354750.0, 359052.0, 353628.0, 350974.0, 345492.0, 346970.0, 346148.0, 344134.0, 342647.0, 339030.0, 339416.0, 341312.0, 339214.0, 341162.0, 339078.0, 345748.0, 342556.0, 346417.0, 341516.0, 344128.0, 341224.0, 344724.0, 346113.0, 339216.0, 345130.0, 338698.0, 341277.0, 342969.0, 344940.0, 338335.0, 342730.0, 341635.0, 338879.0, 339906.0, 341625.0, 338699.0, 342311.0, 338179.0, 339689.0, 335692.0, 338832.0, 342571.0, 333959.0, 331150.0, 341621.0, 331633.0, 336590.0, 332917.0, 333315.0, 335421.0, 333886.0, 335829.0, 329008.0, 333402.0, 337166.0, 334974.0, 339712.0, 334508.0, 341596.0, 330209.0, 342343.0, 334376.0, 333808.0, 332501.0, 333866.0, 331926.0, 332665.0, 333601.0, 333493.0, 335597.0, 337773.0, 337291.0, 333009.0, 334571.0, 329069.0, 334356.0, 331438.0, 332160.0, 330400.0, 328345.0, 338540.0, 334435.0, 330918.0, 331587.0, 331538.0, 334147.0, 329032.0, 330951.0, 332254.0, 335157.0, 336006.0, 333847.0, 330553.0, 331340.0, 330060.0, 331786.0, 339687.0, 335124.0, 339807.0, 334683.0, 330861.0, 327837.0, 337077.0, 333155.0, 335318.0, 339355.0, 329855.0, 326067.0, 327609.0, 329854.0, 335558.0, 331099.0, 328612.0, 329327.0, 339988.0, 324127.0, 331831.0, 329459.0, 332106.0, 323971.0, 322212.0, 328926.0, 331530.0, 332278.0, 328484.0, 329877.0, 326127.0, 323449.0, 327880.0, 332728.0, 329578.0, 334185.0, 330050.0, 331186.0, 329473.0, 331076.0, 331735.0, 327753.0, 330935.0, 331326.0, 333389.0, 328276.0, 327597.0, 325224.0, 327432.0, 332266.0, 325655.0, 327704.0, 326775.0, 326620.0, 332410.0, 333182.0, 330046.0, 338501.0, 329929.0, 332358.0, 331509.0, 332970.0, 328990.0, 327936.0, 331349.0, 331682.0, 327390.0, 324218.0, 330023.0, 321969.0, 333079.0, 332032.0, 335185.0, 328752.0, 337762.0, 324981.0, 335621.0, 330711.0, 326524.0, 329130.0, 331734.0, 335734.0, 324823.0, 337102.0, 327909.0, 330467.0, 329894.0, 326233.0, 336480.0, 325609.0, 326637.0, 329602.0, 329194.0, 324866.0, 321475.0, 332186.0, 326321.0, 333164.0, 331263.0, 331359.0, 332969.0, 324410.0, 328023.0, 329483.0, 324173.0, 330547.0, 335509.0, 328977.0, 329386.0, 332376.0, 330104.0, 330092.0, 324621.0, 327416.0, 331489.0, 333873.0, 326087.0, 324994.0, 330761.0, 325706.0, 327208.0, 327802.0, 329269.0, 329518.0, 330262.0, 333807.0, 330761.0, 324477.0, 327457.0, 325037.0, 325652.0, 327903.0, 326666.0, 329786.0, 328896.0, 337157.0, 328374.0, 324589.0, 329480.0, 330608.0, 334877.0, 325822.0, 338395.0, 330012.0, 326788.0, 324439.0, 328267.0, 328761.0, 328996.0, 333411.0, 325038.0, 329916.0, 324990.0, 328643.0, 326582.0, 328809.0, 334192.0, 329250.0, 324112.0, 320274.0, 329192.0, 325771.0, 328050.0, 334714.0, 331900.0, 336742.0, 324040.0, 326263.0, 331137.0, 330728.0, 333431.0, 329533.0, 325881.0, 324574.0, 327625.0, 330068.0, 325418.0, 322896.0, 333695.0, 324921.0, 322981.0, 321120.0, 325152.0, 327051.0, 323386.0, 324872.0, 325720.0, 330076.0, 323448.0, 333093.0, 331073.0, 328583.0, 325309.0, 329322.0, 327945.0, 322467.0, 329556.0, 328592.0, 328421.0, 322733.0, 324612.0, 328120.0, 333069.0, 324130.0, 345315.0, 329941.0, 325661.0, 323014.0, 326861.0, 332155.0, 324978.0, 329509.0, 328412.0, 323702.0, 326462.0, 323872.0, 326566.0, 333246.0, 326210.0, 328582.0, 325381.0, 328880.0, 326407.0, 330834.0, 325613.0, 327195.0, 339179.0, 324162.0, 329220.0, 334588.0, 326506.0, 332364.0, 328481.0, 326169.0, 322099.0, 328090.0, 321067.0, 323865.0, 332242.0, 324342.0, 321001.0, 327973.0, 321305.0, 332861.0, 324486.0, 324436.0, 321460.0, 325097.0, 325346.0, 322833.0, 333372.0, 330687.0, 331574.0, 327726.0, 334068.0, 329720.0, 326891.0, 331329.0, 330979.0, 330136.0, 338590.0, 325184.0, 326712.0, 329878.0, 320814.0, 329778.0, 324687.0, 324765.0, 328036.0, 326323.0, 327783.0, 326748.0, 325921.0, 323533.0, 324755.0, 319588.0, 325075.0, 322168.0, 325351.0, 323491.0, 325920.0, 333761.0, 332056.0, 324135.0, 327858.0, 324032.0, 334855.0, 326183.0, 329595.0, 324091.0, 323296.0, 331257.0, 324860.0, 323840.0, 326448.0, 323754.0, 326039.0, 320330.0, 331915.0, 326493.0, 318695.0, 326291.0, 324655.0, 324279.0, 326279.0, 331664.0, 325996.0, 333366.0, 321761.0, 326839.0, 332920.0, 329035.0, 324258.0, 322231.0, 322525.0, 335026.0, 325560.0, 324143.0, 332943.0, 334420.0, 332696.0, 325247.0, 322830.0, 329901.0, 322800.0, 326130.0, 322576.0, 322553.0, 321795.0, 328252.0, 323510.0, 325711.0, 323203.0, 329177.0, 325682.0, 324699.0, 326815.0, 320698.0, 330768.0, 328115.0, 330064.0, 325087.0, 326716.0, 328983.0, 326356.0, 325101.0, 324450.0, 321905.0, 326852.0, 324755.0, 323683.0, 328640.0, 325354.0, 326536.0, 327595.0, 327265.0, 325112.0, 322826.0, 321096.0, 321470.0, 330543.0, 324261.0, 330667.0, 331695.0, 330705.0, 326926.0, 329714.0, 320410.0, 324460.0, 323204.0, 328896.0, 329305.0, 327313.0, 323412.0, 326751.0, 327945.0, 324421.0, 319835.0, 319707.0, 331695.0, 328235.0, 327998.0, 329313.0, 319062.0, 319397.0, 322666.0, 324242.0, 325570.0, 322983.0, 329798.0, 320797.0, 323359.0, 324330.0, 326577.0, 326733.0, 326968.0, 324443.0, 329788.0, 323504.0, 333641.0, 325618.0, 325989.0, 327109.0, 325524.0, 323728.0, 323623.0, 327588.0, 327436.0, 324853.0, 331284.0, 321766.0, 328542.0, 326937.0, 324715.0, 329349.0, 331375.0, 325953.0, 323264.0, 328171.0, 320085.0, 323028.0, 322806.0, 323740.0, 329373.0, 330542.0, 329545.0, 323835.0, 325080.0, 323159.0, 322783.0, 326702.0, 326407.0, 329185.0, 324874.0, 325648.0, 326531.0, 324680.0, 326600.0, 322158.0, 329126.0, 328350.0, 325742.0, 326207.0, 323252.0, 324083.0, 331458.0, 329615.0, 324842.0, 330118.0, 327933.0, 330027.0, 0.0, 0.0, 0.0, 0.0, 0.0, 0.0, 0.0, 0.0, 0.0, 0.0, 0.0, 0.0, 0.0, 0.0, 0.0, 0.0, 0.0, 0.0, 0.0, 0.0, 0.0, 0.0, 0.0, 0.0, 0.0, 0.0, 0.0, 0.0, 0.0, 0.0, 0.0, 0.0, 0.0, 0.0, 0.0, 0.0, 0.0, 0.0, 0.0, 0.0, 0.0, 0.0, 0.0, 0.0, 0.0, 0.0, 0.0, 0.0, 0.0, 0.0, 0.0, 0.0]
cong_K= Any[3, 3, 3, 3, 3, 3, 3, 3, 3, 3, 3, 3, 3, 3, 3, 3, 3, 3, 3, 3, 3, 3, 3, 3, 3] 
obj_k= Any[354750, 353628, 350974, 345492, 344134, 342647, 339030, 338698, 338335, 338179, 335692, 333959, 331150, 329008, 328345, 327837, 326067, 324127, 323971, 322212, 321969, 321475, 320274, 319588, 318695] 
iter_obj = Any[2, 4, 5, 6, 9, 10, 11, 27, 31, 39, 41, 44, 45, 54, 81, 103, 109, 117, 121, 122, 167, 192, 257, 373, 398] 
avgClusterDiam = 2668.2 
maxClusterDiam = 3995.0 
clusterDiamete = [2637.0; 3995.0; 2509.0; 2527.0; 2340.0; 2389.0; 3495.0; 2263.0; 2779.0; 3579.0; 2003.0; 2974.0; 2317.0; 1772.0; 2444.0]   
C = [0, 0, 0, 0, 0, 0, 0, 0, 1, 0, 0, 0, 0, 0, 0, 0, 0, 0, 0, 0, 0, 0, 0, 0, 0, 0, 0, 0, 0, 0, 0, 0, 0, 0, 0, 0, 0, 0, 0, 0, 0, 0, 0, 0, 0, 0, 0, 0, 0, 0, 0, 0, 1, 0, 0, 0, 0, 0, 0, 0, 0, 0, 0, 0, 0, 0, 0, 0, 0, 1, 0, 0, 0, 0, 0, 0, 0, 0, 0, 0, 0, 0, 0, 0, 0, 0, 1, 0, 0, 0, 0, 0, 0, 0, 0, 0, 0, 0, 0, 0, 0, 0, 0, 0, 0, 0, 0, 0, 0, 0, 0, 0, 0, 0, 1, 0, 0, 0, 0, 0, 0, 0, 0, 0, 0, 0, 0, 0, 0, 0, 0, 0, 0, 0, 0, 0, 0, 0, 0, 0, 1, 0, 0, 0, 0, 0, 0, 0, 0, 0, 0, 0, 0, 0, 0, 0, 0, 0, 0, 0, 0, 0, 0, 0, 0, 0, 0, 0, 0, 0, 0, 0, 0, 0, 0, 0, 0, 0, 0, 0, 0, 0, 0, 0, 0, 0, 0, 0, 0, 0, 0, 0, 0, 0, 0, 0, 0, 0, 0, 0, 0, 0, 0, 0, 0, 0, 0, 1, 0, 0, 0, 0, 0, 0, 0, 0, 0, 0, 0, 0, 1, 0, 0, 0, 0, 0, 0, 0, 0, 0, 0, 0, 0, 0, 0, 0, 0, 0, 0, 0, 0, 0, 0, 0, 0, 0, 0, 0, 0, 0, 0, 0, 0, 0, 0, 0, 0, 0, 0, 0, 0, 0, 0, 0, 0, 0, 0, 0, 0, 0, 0, 0, 0, 1, 0, 0, 0, 0, 0, 0, 0, 0, 0, 0, 0, 0, 0, 0, 0, 0, 0, 0, 0, 0, 0, 0, 0, 0, 1, 0, 0, 0, 0, 0, 0, 0, 1, 0, 0, 0, 0, 0, 0, 0, 0, 0, 0, 0, 0, 0, 0, 0, 0, 0, 0, 0, 0, 0, 0, 0, 0, 0, 0, 0, 0, 0, 0, 0, 0, 0, 0, 0, 0, 1, 0, 0, 0, 0, 0, 0, 0, 0, 1, 0, 0, 0, 0, 0, 0, 0, 0, 0, 0, 0, 0, 0, 0, 0, 0, 0, 0, 0, 0, 0, 0, 0, 0, 0, 0, 0, 0, 0, 0, 0, 0, 0, 0, 0, 0, 0, 0, 0, 0, 0, 0, 0, 0, 0, 0, 0, 0, 0, 0, 0, 0, 0, 0, 0, 0, 0, 0, 0, 0, 0, 1, 0, 0, 0, 0, 0, 0, 0, 0, 0, 0, 0, 1, 0, 0, 0, 0, 0, 0, 0, 0, 0, 0, 0, 0, 0, 0, 0, 0, 0, 0, 0, 0, 0, 0, 0, 0, 0]
E = [9, 9, 115, 9, 9, 115, 9, 115, 9, 274, 115, 115, 53, 53, 9, 9, 115, 115, 115, 115, 9, 9, 9, 9, 9, 274, 115, 53, 274, 274, 274, 9, 115, 9, 9, 53, 53, 70, 70, 9, 87, 9, 87, 53, 53, 70, 141, 87, 53, 53, 70, 87, 53, 70, 87, 299, 53, 70, 299, 53, 70, 53, 70, 70, 274, 53, 53, 299, 70, 70, 70, 53, 53, 299, 53, 70, 53, 53, 70, 70, 70, 87, 70, 70, 115, 115, 87, 87, 87, 87, 87, 87, 87, 87, 87, 87, 87, 87, 274, 87, 87, 87, 9, 87, 87, 87, 87, 87, 87, 87, 9, 115, 115, 115, 115, 115, 115, 115, 115, 115, 115, 87, 115, 87, 115, 141, 115, 141, 141, 141, 141, 141, 141, 141, 141, 141, 141, 141, 141, 141, 141, 70, 141, 141, 141, 70, 141, 141, 141, 70, 141, 70, 70, 70, 141, 70, 299, 141, 141, 9, 70, 70, 141, 70, 70, 53, 53, 70, 307, 53, 53, 53, 70, 274, 70, 274, 53, 53, 70, 70, 70, 307, 9, 53, 53, 208, 53, 53, 53, 53, 53, 221, 221, 9, 208, 208, 221, 221, 208, 208, 208, 208, 221, 208, 208, 221, 53, 208, 221, 221, 208, 208, 221, 221, 221, 208, 53, 208, 221, 221, 221, 208, 208, 208, 208, 53, 221, 221, 221, 221, 208, 9, 221, 208, 221, 221, 221, 221, 9, 221, 221, 208, 208, 221, 208, 208, 9, 9, 9, 53, 9, 53, 9, 115, 9, 115, 9, 208, 115, 87, 53, 87, 115, 115, 274, 274, 274, 274, 274, 115, 274, 274, 274, 274, 274, 299, 141, 70, 299, 141, 299, 299, 299, 307, 307, 307, 53, 307, 307, 344, 299, 299, 299, 299, 299, 299, 299, 299, 299, 299, 307, 344, 307, 307, 307, 307, 307, 307, 307, 307, 307, 307, 307, 307, 353, 307, 299, 299, 299, 299, 344, 299, 299, 299, 299, 353, 307, 307, 307, 307, 307, 353, 307, 353, 353, 344, 299, 344, 344, 299, 344, 344, 344, 344, 353, 353, 353, 353, 353, 353, 353, 353, 353, 353, 353, 344, 344, 344, 344, 344, 353, 353, 353, 353, 353, 353, 353, 353, 353, 415, 353, 353, 344, 344, 344, 344, 344, 415, 415, 415, 415, 353, 353, 353, 353, 353, 415, 415, 415, 415, 415, 415, 415, 415, 415, 415, 415, 427, 427, 344, 427, 427, 427, 344, 427, 427, 427, 427, 427, 427, 427, 427, 415, 415, 415, 415, 353, 415, 415, 415, 415, 415, 415, 415, 427, 427, 427, 427, 427, 427, 427, 427, 427, 415, 415, 427, 415, 415, 427, 427, 427, 427, 427, 427, 427, 427, 53, 87, 53, 274, 221, 208]
