n° iter       = 600 
neighborhood_structure = [2] 
Prioridad     = 5 
balance       = 0.2 
Len_N         = 1 
N° clusters   = 15 
N° estaciones = 452 
N° mejoras    = 22
N° iter completadas  = 171
1° FO         = 388181.0
FO            = 334807
Centros       = [5, 69, 82, 105, 135, 212, 256, 258, 292, 309, 361, 374, 408, 413, 451]
Objs= Any[388181.0, 387857, 387857, 374044, 371899, 364720, 359203, 359203, 359203, 356661, 356661, 356661, 351102, 351102, 348231, 348231, 348231, 348231, 348231, 348231, 348231, 348231, 348231, 347884, 347884, 347884, 347884, 347884, 347884, 347884, 347884, 347884, 347884, 347884, 347884, 347884, 347884, 347483, 347483, 347483, 347483, 347483, 347483, 347483, 347483, 347483, 347483, 347483, 347483, 347483, 347483, 347483, 347483, 347328, 347328, 347328, 347328, 347328, 347328, 346019, 346019, 346019, 346019, 344366, 344366, 344366, 344366, 344366, 344366, 344366, 344366, 344366, 344366, 344366, 344366, 342976, 342910, 342910, 342910, 339850, 339850, 339850, 339850, 339850, 339850, 339850, 339850, 339850, 339850, 339850, 339850, 339850, 339850, 339850, 339850, 339850, 339850, 339850, 339850, 339787, 339787, 338519, 338519, 338519, 338519, 338519, 338519, 338519, 338519, 338519, 338519, 338519, 338519, 338519, 338519, 338519, 338519, 336198, 336198, 336198, 336198, 336198, 336198, 336198, 336198, 336198, 336198, 336198, 335877, 335877, 335877, 335877, 335877, 335877, 335877, 335877, 334952, 334952, 334952, 334952, 334952, 334952, 334952, 334952, 334952, 334952, 334952, 334952, 334952, 334952, 334952, 334952, 334952, 334952, 334952, 334952, 334952, 334952, 334952, 334952, 334952, 334952, 334952, 334952, 334952, 334952, 334952, 334807, 334807, 334807, 334807, 334807]
current_obj = [387857.0, 393093.0, 374044.0, 371899.0, 364720.0, 359203.0, 359588.0, 362449.0, 356661.0, 360429.0, 361931.0, 351102.0, 363786.0, 348231.0, 354260.0, 351357.0, 361818.0, 353883.0, 359876.0, 350583.0, 351359.0, 354590.0, 347884.0, 362128.0, 350082.0, 352327.0, 354693.0, 350096.0, 353267.0, 355123.0, 354954.0, 349488.0, 348516.0, 348165.0, 354841.0, 353541.0, 347483.0, 365967.0, 361816.0, 354900.0, 359860.0, 353642.0, 362355.0, 368675.0, 347535.0, 352365.0, 349676.0, 348075.0, 356231.0, 352785.0, 355325.0, 371221.0, 347328.0, 355615.0, 350727.0, 356109.0, 347568.0, 355457.0, 346019.0, 346846.0, 346335.0, 349853.0, 344366.0, 349071.0, 359201.0, 355064.0, 353869.0, 344890.0, 346333.0, 349115.0, 353347.0, 351652.0, 354491.0, 353918.0, 342976.0, 342910.0, 346670.0, 346894.0, 339850.0, 346358.0, 340929.0, 348255.0, 358349.0, 349228.0, 350025.0, 342912.0, 343466.0, 345557.0, 358289.0, 374771.0, 343377.0, 347756.0, 343916.0, 344802.0, 353743.0, 341102.0, 352640.0, 340696.0, 339787.0, 341762.0, 338519.0, 347487.0, 350522.0, 340227.0, 347797.0, 344419.0, 341843.0, 344834.0, 349921.0, 341764.0, 340322.0, 347939.0, 343306.0, 352384.0, 343206.0, 349481.0, 336198.0, 346980.0, 344626.0, 343039.0, 349076.0, 340348.0, 350494.0, 338069.0, 350927.0, 339264.0, 338101.0, 335877.0, 340102.0, 343093.0, 338000.0, 347187.0, 337016.0, 338276.0, 342165.0, 334952.0, 336867.0, 344139.0, 336391.0, 342852.0, 339219.0, 339064.0, 341818.0, 337612.0, 335568.0, 336835.0, 342202.0, 348447.0, 340379.0, 336915.0, 341767.0, 340848.0, 350370.0, 339625.0, 346898.0, 335552.0, 350825.0, 342001.0, 335391.0, 341107.0, 343654.0, 344260.0, 343415.0, 337680.0, 337959.0, 338251.0, 334807.0, 336777.0, 336721.0, 347371.0, 338262.0, 335937.0, 0.0, 0.0, 0.0, 0.0, 0.0, 0.0, 0.0, 0.0, 0.0, 0.0, 0.0, 0.0, 0.0, 0.0, 0.0, 0.0, 0.0, 0.0, 0.0, 0.0, 0.0, 0.0, 0.0, 0.0, 0.0, 0.0, 0.0, 0.0, 0.0, 0.0, 0.0, 0.0, 0.0, 0.0, 0.0, 0.0, 0.0, 0.0, 0.0, 0.0, 0.0, 0.0, 0.0, 0.0, 0.0, 0.0, 0.0, 0.0, 0.0, 0.0, 0.0, 0.0, 0.0, 0.0, 0.0, 0.0, 0.0, 0.0, 0.0, 0.0, 0.0, 0.0, 0.0, 0.0, 0.0, 0.0, 0.0, 0.0, 0.0, 0.0, 0.0, 0.0, 0.0, 0.0, 0.0, 0.0, 0.0, 0.0, 0.0, 0.0, 0.0, 0.0, 0.0, 0.0, 0.0, 0.0, 0.0, 0.0, 0.0, 0.0, 0.0, 0.0, 0.0, 0.0, 0.0, 0.0, 0.0, 0.0, 0.0, 0.0, 0.0, 0.0, 0.0, 0.0, 0.0, 0.0, 0.0, 0.0, 0.0, 0.0, 0.0, 0.0, 0.0, 0.0, 0.0, 0.0, 0.0, 0.0, 0.0, 0.0, 0.0, 0.0, 0.0, 0.0, 0.0, 0.0, 0.0, 0.0, 0.0, 0.0, 0.0, 0.0, 0.0, 0.0, 0.0, 0.0, 0.0, 0.0, 0.0, 0.0, 0.0, 0.0, 0.0, 0.0, 0.0, 0.0, 0.0, 0.0, 0.0, 0.0, 0.0, 0.0, 0.0, 0.0, 0.0, 0.0, 0.0, 0.0, 0.0, 0.0, 0.0, 0.0, 0.0, 0.0, 0.0, 0.0, 0.0, 0.0, 0.0, 0.0, 0.0, 0.0, 0.0, 0.0, 0.0, 0.0, 0.0, 0.0, 0.0, 0.0, 0.0, 0.0, 0.0, 0.0, 0.0, 0.0, 0.0, 0.0, 0.0, 0.0, 0.0, 0.0, 0.0, 0.0, 0.0, 0.0, 0.0, 0.0, 0.0, 0.0, 0.0, 0.0, 0.0, 0.0, 0.0, 0.0, 0.0, 0.0, 0.0, 0.0, 0.0, 0.0, 0.0, 0.0, 0.0, 0.0, 0.0, 0.0, 0.0, 0.0, 0.0, 0.0, 0.0, 0.0, 0.0, 0.0, 0.0, 0.0, 0.0, 0.0, 0.0, 0.0, 0.0, 0.0, 0.0, 0.0, 0.0, 0.0, 0.0, 0.0, 0.0, 0.0, 0.0, 0.0, 0.0, 0.0, 0.0, 0.0, 0.0, 0.0, 0.0, 0.0, 0.0, 0.0, 0.0, 0.0, 0.0, 0.0, 0.0, 0.0, 0.0, 0.0, 0.0, 0.0, 0.0, 0.0, 0.0, 0.0, 0.0, 0.0, 0.0, 0.0, 0.0, 0.0, 0.0, 0.0, 0.0, 0.0, 0.0, 0.0, 0.0, 0.0, 0.0, 0.0, 0.0, 0.0, 0.0, 0.0, 0.0, 0.0, 0.0, 0.0, 0.0, 0.0, 0.0, 0.0, 0.0, 0.0, 0.0, 0.0, 0.0, 0.0, 0.0, 0.0, 0.0, 0.0, 0.0, 0.0, 0.0, 0.0, 0.0, 0.0, 0.0, 0.0, 0.0, 0.0, 0.0, 0.0, 0.0, 0.0, 0.0, 0.0, 0.0, 0.0, 0.0, 0.0, 0.0, 0.0, 0.0, 0.0, 0.0, 0.0, 0.0, 0.0, 0.0, 0.0, 0.0, 0.0, 0.0, 0.0, 0.0, 0.0, 0.0, 0.0, 0.0, 0.0, 0.0, 0.0, 0.0, 0.0, 0.0, 0.0, 0.0, 0.0, 0.0, 0.0, 0.0, 0.0, 0.0, 0.0, 0.0, 0.0, 0.0, 0.0, 0.0, 0.0, 0.0, 0.0, 0.0, 0.0, 0.0, 0.0, 0.0, 0.0, 0.0, 0.0, 0.0, 0.0, 0.0, 0.0, 0.0, 0.0, 0.0, 0.0, 0.0, 0.0, 0.0, 0.0, 0.0, 0.0, 0.0, 0.0, 0.0, 0.0, 0.0, 0.0, 0.0, 0.0, 0.0, 0.0, 0.0, 0.0, 0.0, 0.0, 0.0, 0.0, 0.0, 0.0, 0.0, 0.0, 0.0, 0.0, 0.0, 0.0, 0.0, 0.0, 0.0, 0.0, 0.0, 0.0, 0.0, 0.0, 0.0, 0.0, 0.0, 0.0, 0.0, 0.0]
cong_K= Any[2, 2, 2, 2, 2, 2, 2, 2, 2, 2, 2, 2, 2, 2, 2, 2, 2, 2, 2, 2, 2, 2] 
obj_k= Any[387857, 374044, 371899, 364720, 359203, 356661, 351102, 348231, 347884, 347483, 347328, 346019, 344366, 342976, 342910, 339850, 339787, 338519, 336198, 335877, 334952, 334807] 
iter_obj = Any[1, 3, 4, 5, 6, 9, 12, 14, 23, 37, 53, 59, 63, 75, 76, 79, 99, 101, 117, 128, 136, 167] 
avgClusterDiam = 2662.2 
maxClusterDiam = 3579.0 
clusterDiamete = [2637.0; 2752.0; 2467.0; 2081.0; 2542.0; 3495.0; 2661.0; 3291.0; 3579.0; 3204.0; 2412.0; 2838.0; 1500.0; 2211.0; 2263.0]   
C = [0, 0, 0, 0, 1, 0, 0, 0, 0, 0, 0, 0, 0, 0, 0, 0, 0, 0, 0, 0, 0, 0, 0, 0, 0, 0, 0, 0, 0, 0, 0, 0, 0, 0, 0, 0, 0, 0, 0, 0, 0, 0, 0, 0, 0, 0, 0, 0, 0, 0, 0, 0, 0, 0, 0, 0, 0, 0, 0, 0, 0, 0, 0, 0, 0, 0, 0, 0, 1, 0, 0, 0, 0, 0, 0, 0, 0, 0, 0, 0, 0, 1, 0, 0, 0, 0, 0, 0, 0, 0, 0, 0, 0, 0, 0, 0, 0, 0, 0, 0, 0, 0, 0, 0, 1, 0, 0, 0, 0, 0, 0, 0, 0, 0, 0, 0, 0, 0, 0, 0, 0, 0, 0, 0, 0, 0, 0, 0, 0, 0, 0, 0, 0, 0, 1, 0, 0, 0, 0, 0, 0, 0, 0, 0, 0, 0, 0, 0, 0, 0, 0, 0, 0, 0, 0, 0, 0, 0, 0, 0, 0, 0, 0, 0, 0, 0, 0, 0, 0, 0, 0, 0, 0, 0, 0, 0, 0, 0, 0, 0, 0, 0, 0, 0, 0, 0, 0, 0, 0, 0, 0, 0, 0, 0, 0, 0, 0, 0, 0, 0, 0, 0, 0, 0, 0, 0, 0, 0, 0, 0, 0, 1, 0, 0, 0, 0, 0, 0, 0, 0, 0, 0, 0, 0, 0, 0, 0, 0, 0, 0, 0, 0, 0, 0, 0, 0, 0, 0, 0, 0, 0, 0, 0, 0, 0, 0, 0, 0, 0, 0, 0, 0, 0, 0, 0, 1, 0, 1, 0, 0, 0, 0, 0, 0, 0, 0, 0, 0, 0, 0, 0, 0, 0, 0, 0, 0, 0, 0, 0, 0, 0, 0, 0, 0, 0, 0, 0, 0, 0, 0, 0, 1, 0, 0, 0, 0, 0, 0, 0, 0, 0, 0, 0, 0, 0, 0, 0, 0, 1, 0, 0, 0, 0, 0, 0, 0, 0, 0, 0, 0, 0, 0, 0, 0, 0, 0, 0, 0, 0, 0, 0, 0, 0, 0, 0, 0, 0, 0, 0, 0, 0, 0, 0, 0, 0, 0, 0, 0, 0, 0, 0, 0, 0, 0, 0, 0, 0, 0, 0, 0, 1, 0, 0, 0, 0, 0, 0, 0, 0, 0, 0, 0, 0, 1, 0, 0, 0, 0, 0, 0, 0, 0, 0, 0, 0, 0, 0, 0, 0, 0, 0, 0, 0, 0, 0, 0, 0, 0, 0, 0, 0, 0, 0, 0, 0, 0, 0, 1, 0, 0, 0, 0, 1, 0, 0, 0, 0, 0, 0, 0, 0, 0, 0, 0, 0, 0, 0, 0, 0, 0, 0, 0, 0, 0, 0, 0, 0, 0, 0, 0, 0, 0, 0, 0, 0, 0, 0, 0, 0, 0, 1, 0]
E = [5, 5, 256, 5, 5, 5, 258, 256, 5, 256, 256, 256, 258, 0, 5, 5, 135, 5, 5, 256, 258, 5, 5, 5, 5, 256, 256, 258, 82, 256, 256, 69, 256, 5, 5, 258, 258, 69, 69, 5, 82, 5, 82, 258, 258, 69, 69, 82, 258, 258, 69, 82, 258, 69, 82, 292, 258, 0, 292, 258, 69, 258, 69, 69, 82, 258, 258, 292, 69, 69, 69, 258, 0, 309, 258, 69, 258, 258, 69, 69, 69, 82, 69, 69, 5, 256, 82, 82, 82, 105, 82, 82, 82, 105, 105, 82, 105, 82, 82, 105, 105, 105, 5, 105, 105, 105, 82, 105, 105, 82, 5, 82, 256, 82, 256, 256, 135, 135, 135, 135, 135, 82, 135, 135, 135, 135, 135, 135, 135, 135, 135, 135, 135, 135, 135, 135, 135, 135, 69, 135, 292, 69, 135, 135, 69, 69, 135, 135, 135, 69, 69, 69, 69, 69, 69, 69, 292, 135, 135, 5, 69, 69, 69, 69, 69, 258, 258, 258, 69, 258, 0, 258, 69, 256, 69, 256, 258, 258, 69, 69, 69, 292, 5, 258, 258, 0, 258, 258, 258, 258, 258, 451, 451, 5, 212, 212, 451, 451, 212, 212, 212, 212, 451, 212, 212, 451, 0, 212, 451, 451, 212, 212, 451, 451, 451, 451, 258, 212, 451, 451, 451, 212, 212, 212, 212, 258, 451, 451, 451, 451, 212, 5, 451, 212, 451, 451, 451, 451, 5, 451, 451, 212, 212, 451, 212, 212, 5, 5, 5, 258, 212, 258, 258, 256, 5, 256, 5, 212, 256, 82, 258, 82, 256, 256, 256, 256, 82, 82, 256, 82, 256, 256, 256, 256, 256, 292, 69, 292, 292, 69, 0, 292, 292, 292, 0, 309, 309, 309, 0, 0, 292, 292, 292, 292, 292, 292, 292, 292, 292, 292, 292, 374, 309, 309, 309, 309, 309, 309, 309, 309, 309, 309, 309, 309, 309, 361, 292, 292, 292, 292, 292, 292, 292, 292, 361, 374, 309, 309, 309, 309, 309, 309, 309, 361, 0, 361, 0, 374, 0, 292, 374, 374, 374, 374, 361, 361, 361, 361, 0, 361, 309, 309, 361, 361, 361, 361, 374, 374, 374, 374, 361, 361, 361, 361, 361, 361, 361, 361, 361, 361, 361, 361, 374, 374, 374, 374, 374, 0, 413, 413, 361, 361, 361, 361, 361, 361, 361, 0, 0, 0, 413, 413, 413, 413, 413, 413, 413, 413, 0, 374, 374, 408, 374, 374, 408, 408, 408, 408, 408, 408, 408, 408, 413, 413, 413, 413, 361, 413, 413, 413, 413, 413, 413, 413, 413, 413, 413, 408, 408, 408, 408, 408, 413, 413, 413, 413, 413, 413, 413, 413, 413, 408, 408, 408, 408, 408, 258, 82, 258, 256, 451, 212]
