n° iter       = 600 
neighborhood_structure = [1 2 3] 
Prioridad     = 5 
balance       = 0.2 
Len_N         = 1 
N° clusters   = 15 
N° estaciones = 452 
N° mejoras    = 40
N° iter completadas  = 594
1° FO         = 394673.0
FO            = 311620
Centros       = [12, 66, 87, 137, 152, 215, 218, 261, 264, 299, 313, 358, 367, 414, 428]
Objs= Any[394673.0, 394673.0, 369956, 369599, 369211, 360640, 359694, 359694, 355309, 350312, 350312, 344438, 342815, 339973, 334179, 332122, 332122, 332122, 332122, 332122, 331780, 331780, 329927, 328788, 328788, 328788, 328788, 328788, 328788, 328788, 328788, 328788, 328788, 328788, 328788, 328788, 328788, 328788, 328788, 328788, 328788, 328266, 328266, 328266, 328266, 328266, 328266, 328266, 328266, 328266, 328266, 326224, 326224, 326224, 325594, 325594, 325594, 324687, 324687, 324516, 323506, 323506, 323340, 323274, 323142, 323142, 323142, 323142, 322327, 322327, 322327, 322327, 322151, 321996, 321996, 321996, 321996, 321996, 321996, 320762, 320762, 320762, 320762, 320762, 320762, 320762, 320762, 320762, 320762, 320762, 320762, 320762, 320762, 320762, 320762, 320762, 320762, 320762, 320762, 320762, 320762, 320762, 318963, 317860, 317860, 317860, 317860, 317860, 317860, 316284, 316284, 316284, 316284, 316284, 316284, 313889, 313889, 313889, 313889, 313054, 313054, 313054, 313054, 313054, 313054, 313054, 313054, 313054, 313054, 313054, 313054, 313054, 313054, 313054, 313054, 313054, 312787, 312787, 312787, 312787, 312787, 312787, 312787, 312787, 312787, 312787, 312787, 312787, 312787, 312787, 312787, 312787, 312787, 312787, 312787, 312787, 312787, 312571, 312571, 312571, 312571, 312571, 312571, 312571, 312571, 312571, 312571, 312571, 312571, 312571, 312571, 312571, 312571, 312571, 312571, 312571, 312571, 312571, 312571, 312571, 312571, 312571, 312571, 312571, 312571, 312571, 312571, 312571, 312571, 312571, 312571, 312571, 312571, 312571, 312571, 312571, 312571, 312518, 312518, 312518, 312518, 312518, 312518, 312518, 312518, 312518, 312518, 312518, 312518, 312467, 312467, 312467, 312467, 312467, 312467, 312467, 312467, 312467, 312467, 312467, 312467, 312467, 312467, 312467, 312467, 312467, 312467, 312467, 312467, 312467, 312467, 312467, 312467, 312467, 312467, 312467, 312467, 312467, 312467, 312467, 312467, 312467, 312467, 312467, 312467, 312467, 312467, 312467, 312467, 312467, 312467, 312467, 312467, 312467, 312467, 312467, 312467, 312467, 312467, 312467, 312467, 312467, 312467, 312467, 312467, 312467, 312467, 312467, 312467, 312467, 312467, 312467, 312467, 312467, 312467, 312467, 312467, 312467, 312467, 312402, 312402, 312402, 312402, 312402, 312402, 312402, 312402, 312402, 312402, 312402, 312402, 312402, 312402, 312402, 312402, 312402, 312402, 312402, 312402, 312402, 312402, 312402, 312402, 312402, 312402, 312402, 312402, 312402, 312402, 312402, 312402, 312402, 312402, 312402, 312402, 312402, 312402, 312402, 312402, 312402, 312402, 312402, 312402, 312402, 312402, 312402, 312402, 312402, 312402, 312402, 312402, 312402, 312402, 312402, 312402, 312402, 312402, 312402, 312402, 311665, 311665, 311665, 311665, 311665, 311665, 311665, 311665, 311665, 311665, 311665, 311665, 311665, 311665, 311665, 311665, 311665, 311665, 311665, 311665, 311665, 311665, 311665, 311665, 311665, 311665, 311665, 311665, 311665, 311665, 311665, 311665, 311665, 311665, 311665, 311665, 311665, 311665, 311665, 311665, 311665, 311665, 311665, 311665, 311665, 311665, 311665, 311665, 311665, 311665, 311665, 311665, 311665, 311665, 311665, 311665, 311665, 311665, 311665, 311665, 311665, 311665, 311665, 311665, 311665, 311665, 311665, 311665, 311665, 311665, 311665, 311665, 311665, 311665, 311665, 311665, 311665, 311665, 311665, 311665, 311665, 311665, 311665, 311665, 311665, 311665, 311665, 311665, 311665, 311665, 311665, 311665, 311665, 311665, 311665, 311665, 311665, 311665, 311665, 311665, 311665, 311665, 311665, 311665, 311665, 311665, 311620, 311620, 311620, 311620, 311620, 311620, 311620, 311620, 311620, 311620, 311620, 311620, 311620, 311620, 311620, 311620, 311620, 311620, 311620, 311620, 311620, 311620, 311620, 311620, 311620, 311620, 311620, 311620, 311620, 311620, 311620, 311620, 311620, 311620, 311620, 311620, 311620, 311620, 311620, 311620, 311620, 311620, 311620, 311620, 311620, 311620, 311620, 311620, 311620, 311620, 311620, 311620, 311620, 311620, 311620, 311620, 311620, 311620, 311620, 311620, 311620, 311620, 311620, 311620, 311620, 311620, 311620, 311620, 311620, 311620, 311620, 311620, 311620, 311620, 311620, 311620, 311620, 311620, 311620, 311620, 311620, 311620, 311620, 311620, 311620, 311620, 311620, 311620, 311620, 311620, 311620, 311620, 311620, 311620, 311620, 311620, 311620, 311620, 311620, 311620, 311620, 311620, 311620, 311620, 311620, 311620, 311620, 311620, 311620, 311620, 311620, 311620, 311620, 311620, 311620, 311620, 311620, 311620, 311620, 311620, 311620, 311620, 311620, 311620, 311620, 311620, 311620, 311620, 311620, 311620, 311620, 311620, 311620, 311620, 311620, 311620, 311620, 311620, 311620, 311620, 311620, 311620, 311620, 311620, 311620, 311620, 311620, 311620, 311620, 311620]
current_obj = [399375.0, 369956.0, 369599.0, 369211.0, 360640.0, 359694.0, 364416.0, 355309.0, 350312.0, 353270.0, 344438.0, 342815.0, 339973.0, 334179.0, 332122.0, 333685.0, 334465.0, 338289.0, 336522.0, 331780.0, 336519.0, 329927.0, 328788.0, 329382.0, 331631.0, 337261.0, 332138.0, 334335.0, 329408.0, 334985.0, 333316.0, 329408.0, 329255.0, 331060.0, 331681.0, 332669.0, 329255.0, 331342.0, 330249.0, 330206.0, 328266.0, 334481.0, 335304.0, 330918.0, 330877.0, 332234.0, 328985.0, 332566.0, 329259.0, 332348.0, 326224.0, 326325.0, 328650.0, 325594.0, 326896.0, 329454.0, 324687.0, 324736.0, 324516.0, 323506.0, 328545.0, 323340.0, 323274.0, 323142.0, 327341.0, 324384.0, 329442.0, 322327.0, 326224.0, 324430.0, 324429.0, 322151.0, 321996.0, 323439.0, 323010.0, 325328.0, 329241.0, 323684.0, 320762.0, 322412.0, 321432.0, 326046.0, 322364.0, 321212.0, 321277.0, 320868.0, 327312.0, 322835.0, 324772.0, 321803.0, 322382.0, 324040.0, 324041.0, 325634.0, 321545.0, 325206.0, 326027.0, 321869.0, 325098.0, 323113.0, 322565.0, 318963.0, 317860.0, 319056.0, 318536.0, 326472.0, 328346.0, 319499.0, 316284.0, 318639.0, 326259.0, 320106.0, 319497.0, 318286.0, 313889.0, 320205.0, 319388.0, 315008.0, 313054.0, 314646.0, 313913.0, 313712.0, 314646.0, 320098.0, 322569.0, 320894.0, 317907.0, 317442.0, 313582.0, 319227.0, 317902.0, 315599.0, 319121.0, 313860.0, 320038.0, 312787.0, 313762.0, 320243.0, 313518.0, 316374.0, 319159.0, 316291.0, 317197.0, 313403.0, 318495.0, 313656.0, 315950.0, 313632.0, 321723.0, 313392.0, 314408.0, 317523.0, 313097.0, 323506.0, 318225.0, 325776.0, 312571.0, 316041.0, 315957.0, 316764.0, 312788.0, 314664.0, 314304.0, 315934.0, 317734.0, 313881.0, 316375.0, 317540.0, 314600.0, 316645.0, 316081.0, 320231.0, 315463.0, 313585.0, 315196.0, 315589.0, 313720.0, 317842.0, 315579.0, 312987.0, 317519.0, 316081.0, 314753.0, 314262.0, 321530.0, 317614.0, 318181.0, 314956.0, 316516.0, 314114.0, 314901.0, 317794.0, 316343.0, 317334.0, 316034.0, 313324.0, 312518.0, 314449.0, 319794.0, 314560.0, 314862.0, 313820.0, 314226.0, 319463.0, 318981.0, 313860.0, 315803.0, 316063.0, 312467.0, 314993.0, 313898.0, 316331.0, 317736.0, 320855.0, 316531.0, 327131.0, 319998.0, 315436.0, 316310.0, 314062.0, 314560.0, 317719.0, 319430.0, 317035.0, 316322.0, 316045.0, 317539.0, 315033.0, 314385.0, 315879.0, 314518.0, 316526.0, 316472.0, 314226.0, 312551.0, 312719.0, 316084.0, 315273.0, 316408.0, 313876.0, 313209.0, 313746.0, 314473.0, 313304.0, 320211.0, 316742.0, 325252.0, 313235.0, 319678.0, 313796.0, 314996.0, 313096.0, 313084.0, 320886.0, 317435.0, 314227.0, 316531.0, 314783.0, 318110.0, 315130.0, 313356.0, 314087.0, 316290.0, 316304.0, 319287.0, 317514.0, 318172.0, 318155.0, 317861.0, 315156.0, 316878.0, 314797.0, 314560.0, 320159.0, 316742.0, 314283.0, 313233.0, 315401.0, 312402.0, 317233.0, 312793.0, 313266.0, 317811.0, 314244.0, 320415.0, 318002.0, 314788.0, 319203.0, 315147.0, 313747.0, 317013.0, 317754.0, 316051.0, 313241.0, 315174.0, 320781.0, 317903.0, 319502.0, 319237.0, 318922.0, 314364.0, 321433.0, 313725.0, 314843.0, 313239.0, 321855.0, 314962.0, 312545.0, 318056.0, 314048.0, 319573.0, 314370.0, 317060.0, 313892.0, 316738.0, 316376.0, 315261.0, 316748.0, 319989.0, 316694.0, 317207.0, 317505.0, 313871.0, 319819.0, 315830.0, 317526.0, 319009.0, 313111.0, 317734.0, 315942.0, 317233.0, 319903.0, 321301.0, 312620.0, 317796.0, 320026.0, 315261.0, 313144.0, 311665.0, 316012.0, 316213.0, 312281.0, 323231.0, 314062.0, 316522.0, 322248.0, 314889.0, 317276.0, 312294.0, 316240.0, 314285.0, 314065.0, 318831.0, 317046.0, 312565.0, 317898.0, 314141.0, 316935.0, 312007.0, 313229.0, 312474.0, 314285.0, 319590.0, 316396.0, 322765.0, 318043.0, 317026.0, 318783.0, 313344.0, 316766.0, 313187.0, 313028.0, 321246.0, 312199.0, 312422.0, 314666.0, 321762.0, 315137.0, 315216.0, 314009.0, 312422.0, 315694.0, 316296.0, 316240.0, 317567.0, 313340.0, 314375.0, 312398.0, 313886.0, 312852.0, 314575.0, 324616.0, 321621.0, 320533.0, 313238.0, 313703.0, 319495.0, 314191.0, 314040.0, 314285.0, 311821.0, 313070.0, 312742.0, 315802.0, 312502.0, 317123.0, 320090.0, 319139.0, 313050.0, 312423.0, 311807.0, 315627.0, 313028.0, 319357.0, 314997.0, 317269.0, 315077.0, 312431.0, 316666.0, 320067.0, 317650.0, 316128.0, 321767.0, 316802.0, 316537.0, 314678.0, 316008.0, 314916.0, 311970.0, 312984.0, 318392.0, 318785.0, 312094.0, 316160.0, 315678.0, 314458.0, 315170.0, 315075.0, 316040.0, 317435.0, 318515.0, 313050.0, 313170.0, 312428.0, 311620.0, 312373.0, 313773.0, 312011.0, 317309.0, 314350.0, 311685.0, 316693.0, 321038.0, 316480.0, 313288.0, 313800.0, 317448.0, 316480.0, 316113.0, 317206.0, 317146.0, 312249.0, 312582.0, 313800.0, 319049.0, 312814.0, 316232.0, 312581.0, 320517.0, 312862.0, 314392.0, 317363.0, 311763.0, 313811.0, 318072.0, 316195.0, 313299.0, 312824.0, 319338.0, 315503.0, 319774.0, 315522.0, 318286.0, 316328.0, 315998.0, 318154.0, 315473.0, 314836.0, 316421.0, 314862.0, 312930.0, 317879.0, 312274.0, 314866.0, 313179.0, 314596.0, 321971.0, 319643.0, 312459.0, 316032.0, 314240.0, 320820.0, 315524.0, 321016.0, 315113.0, 311844.0, 316772.0, 311997.0, 313461.0, 315716.0, 318763.0, 313179.0, 314675.0, 314675.0, 311665.0, 313930.0, 314493.0, 315927.0, 317794.0, 316706.0, 314438.0, 317651.0, 313434.0, 320910.0, 314065.0, 316379.0, 314681.0, 312109.0, 319606.0, 323675.0, 316487.0, 314240.0, 312304.0, 315792.0, 314402.0, 313204.0, 311888.0, 315330.0, 317626.0, 317206.0, 312373.0, 320449.0, 314222.0, 315757.0, 316358.0, 321136.0, 312373.0, 314638.0, 312625.0, 314042.0, 312779.0, 313976.0, 314830.0, 317940.0, 313544.0, 312986.0, 311763.0, 314705.0, 312352.0, 319566.0, 312673.0, 316520.0, 313595.0, 316215.0, 313995.0, 313338.0, 315273.0, 316219.0, 311997.0, 315532.0, 320802.0, 317684.0, 315461.0, 314493.0, 312011.0, 318417.0, 313338.0, 317081.0, 312814.0, 321418.0, 312333.0, 315576.0, 318285.0, 313557.0, 314657.0, 313080.0, 312320.0, 313995.0, 313131.0, 317259.0, 318286.0, 321913.0, 311760.0, 317652.0, 312205.0, 0.0, 0.0, 0.0, 0.0, 0.0]
cong_K= Any[3, 1, 3, 2, 2, 1, 3, 3, 1, 1, 3, 1, 1, 1, 1, 1, 1, 3, 1, 2, 1, 1, 1, 1, 2, 1, 1, 2, 1, 1, 2, 1, 1, 1, 1, 1, 1, 2, 1, 1] 
obj_k= Any[369956, 369599, 369211, 360640, 359694, 355309, 350312, 344438, 342815, 339973, 334179, 332122, 331780, 329927, 328788, 328266, 326224, 325594, 324687, 324516, 323506, 323340, 323274, 323142, 322327, 322151, 321996, 320762, 318963, 317860, 316284, 313889, 313054, 312787, 312571, 312518, 312467, 312402, 311665, 311620] 
iter_obj = Any[2, 3, 4, 5, 6, 8, 9, 11, 12, 13, 14, 15, 20, 22, 23, 41, 51, 54, 57, 59, 60, 62, 63, 64, 68, 72, 73, 79, 102, 103, 109, 115, 119, 136, 157, 197, 209, 279, 339, 445] 
avgClusterDiam = 2607.2 
maxClusterDiam = 3775.0 
clusterDiamete = [2695.0; 3775.0; 2430.0; 2398.0; 2752.0; 2263.0; 3033.0; 3106.0; 2779.0; 3579.0; 1909.0; 3015.0; 2162.0; 1663.0; 1549.0]   
C = [0, 0, 0, 0, 0, 0, 0, 0, 0, 0, 0, 1, 0, 0, 0, 0, 0, 0, 0, 0, 0, 0, 0, 0, 0, 0, 0, 0, 0, 0, 0, 0, 0, 0, 0, 0, 0, 0, 0, 0, 0, 0, 0, 0, 0, 0, 0, 0, 0, 0, 0, 0, 0, 0, 0, 0, 0, 0, 0, 0, 0, 0, 0, 0, 0, 1, 0, 0, 0, 0, 0, 0, 0, 0, 0, 0, 0, 0, 0, 0, 0, 0, 0, 0, 0, 0, 1, 0, 0, 0, 0, 0, 0, 0, 0, 0, 0, 0, 0, 0, 0, 0, 0, 0, 0, 0, 0, 0, 0, 0, 0, 0, 0, 0, 0, 0, 0, 0, 0, 0, 0, 0, 0, 0, 0, 0, 0, 0, 0, 0, 0, 0, 0, 0, 0, 0, 1, 0, 0, 0, 0, 0, 0, 0, 0, 0, 0, 0, 0, 0, 0, 1, 0, 0, 0, 0, 0, 0, 0, 0, 0, 0, 0, 0, 0, 0, 0, 0, 0, 0, 0, 0, 0, 0, 0, 0, 0, 0, 0, 0, 0, 0, 0, 0, 0, 0, 0, 0, 0, 0, 0, 0, 0, 0, 0, 0, 0, 0, 0, 0, 0, 0, 0, 0, 0, 0, 0, 0, 0, 0, 0, 0, 0, 0, 1, 0, 0, 1, 0, 0, 0, 0, 0, 0, 0, 0, 0, 0, 0, 0, 0, 0, 0, 0, 0, 0, 0, 0, 0, 0, 0, 0, 0, 0, 0, 0, 0, 0, 0, 0, 0, 0, 0, 0, 0, 0, 0, 0, 0, 0, 1, 0, 0, 1, 0, 0, 0, 0, 0, 0, 0, 0, 0, 0, 0, 0, 0, 0, 0, 0, 0, 0, 0, 0, 0, 0, 0, 0, 0, 0, 0, 0, 0, 0, 0, 0, 0, 0, 1, 0, 0, 0, 0, 0, 0, 0, 0, 0, 0, 0, 0, 0, 1, 0, 0, 0, 0, 0, 0, 0, 0, 0, 0, 0, 0, 0, 0, 0, 0, 0, 0, 0, 0, 0, 0, 0, 0, 0, 0, 0, 0, 0, 0, 0, 0, 0, 0, 0, 0, 0, 0, 0, 0, 0, 0, 0, 0, 1, 0, 0, 0, 0, 0, 0, 0, 0, 1, 0, 0, 0, 0, 0, 0, 0, 0, 0, 0, 0, 0, 0, 0, 0, 0, 0, 0, 0, 0, 0, 0, 0, 0, 0, 0, 0, 0, 0, 0, 0, 0, 0, 0, 0, 0, 0, 0, 0, 0, 0, 0, 0, 0, 0, 0, 1, 0, 0, 0, 0, 0, 0, 0, 0, 0, 0, 0, 0, 0, 1, 0, 0, 0, 0, 0, 0, 0, 0, 0, 0, 0, 0, 0, 0, 0, 0, 0, 0, 0, 0, 0, 0, 0, 0]
E = [12, 261, 12, 12, 12, 12, 261, 12, 12, 264, 12, 12, 66, 66, 261, 12, 12, 12, 12, 12, 261, 261, 261, 261, 12, 264, 12, 261, 264, 264, 264, 152, 137, 261, 261, 261, 261, 66, 137, 137, 87, 261, 87, 261, 261, 152, 152, 87, 261, 261, 152, 87, 66, 152, 87, 299, 66, 66, 299, 261, 152, 66, 152, 152, 264, 66, 66, 66, 152, 152, 152, 66, 66, 299, 66, 152, 66, 261, 66, 152, 152, 87, 152, 152, 12, 12, 87, 87, 87, 87, 87, 87, 87, 87, 87, 87, 87, 87, 264, 87, 87, 87, 12, 87, 87, 87, 87, 87, 87, 87, 12, 12, 12, 12, 12, 264, 12, 12, 137, 137, 137, 87, 137, 137, 137, 137, 137, 137, 137, 137, 137, 137, 137, 137, 137, 137, 137, 137, 152, 137, 137, 152, 137, 137, 137, 152, 137, 137, 137, 152, 152, 152, 152, 152, 152, 152, 299, 137, 137, 12, 152, 152, 137, 152, 152, 66, 66, 66, 66, 66, 66, 66, 66, 264, 152, 264, 66, 66, 152, 152, 66, 299, 12, 66, 66, 218, 66, 66, 66, 66, 66, 218, 215, 261, 218, 218, 215, 215, 218, 218, 218, 215, 215, 215, 218, 215, 261, 218, 215, 215, 218, 218, 215, 215, 215, 215, 66, 218, 215, 215, 215, 218, 218, 218, 218, 66, 215, 215, 215, 215, 218, 66, 215, 218, 215, 215, 215, 215, 261, 215, 215, 215, 215, 215, 218, 218, 261, 12, 261, 66, 261, 261, 261, 12, 12, 12, 12, 218, 12, 87, 261, 87, 12, 264, 264, 264, 264, 264, 264, 87, 264, 264, 264, 264, 264, 299, 152, 152, 299, 152, 299, 299, 299, 299, 66, 66, 66, 313, 313, 313, 299, 299, 299, 299, 299, 299, 299, 299, 299, 299, 299, 358, 313, 313, 313, 313, 313, 313, 313, 313, 313, 313, 313, 313, 313, 358, 299, 299, 299, 299, 299, 299, 299, 299, 358, 367, 313, 313, 313, 313, 313, 313, 313, 367, 358, 358, 358, 358, 299, 299, 358, 358, 358, 358, 358, 358, 313, 313, 313, 367, 367, 313, 367, 367, 367, 358, 358, 358, 358, 358, 367, 367, 367, 367, 367, 367, 367, 367, 367, 367, 367, 358, 358, 358, 358, 358, 358, 414, 414, 414, 367, 367, 367, 367, 367, 367, 367, 367, 414, 414, 414, 414, 414, 414, 414, 414, 414, 414, 358, 358, 358, 428, 358, 358, 358, 428, 428, 428, 428, 428, 428, 428, 414, 414, 414, 414, 367, 367, 414, 414, 414, 414, 414, 414, 414, 428, 428, 428, 428, 428, 428, 428, 414, 414, 414, 414, 414, 414, 414, 428, 428, 428, 428, 428, 428, 428, 261, 87, 261, 264, 218, 218]
