n° iter       = 600 
neighborhood_structure = [2] 
Prioridad     = 5 
balance       = 0.2 
Len_N         = 9 
N° clusters   = 15 
N° estaciones = 452 
N° mejoras    = 25
N° iter completadas  = 174
1° FO         = 370247.0
FO            = 315584
Centros       = [12, 28, 55, 66, 76, 134, 211, 221, 270, 293, 309, 358, 368, 414, 428]
Objs= Any[370247.0, 361555, 355670, 350339, 344810, 342343, 340323, 340323, 340120, 335038, 335038, 335038, 333971, 327664, 327664, 327664, 326791, 326791, 326752, 325277, 325277, 325277, 325277, 325277, 325277, 325277, 324591, 324591, 324591, 324591, 324591, 324591, 324591, 324591, 324591, 324591, 324591, 324591, 324591, 324591, 324349, 324349, 324349, 324349, 324349, 324349, 324349, 324349, 324349, 324349, 324349, 324349, 324349, 324349, 324349, 322175, 322175, 322175, 322175, 322175, 321304, 321304, 320613, 320613, 320613, 319754, 319754, 319754, 319754, 319754, 319754, 319754, 319754, 319632, 319632, 319632, 319632, 319632, 317996, 317996, 317996, 317996, 317996, 317996, 317996, 317996, 317996, 317996, 317996, 317996, 317996, 317958, 317958, 317958, 317958, 317958, 317958, 317958, 317958, 317958, 317958, 317958, 317958, 317958, 317958, 317958, 317958, 317074, 317074, 317074, 317074, 317074, 317074, 317074, 317074, 317074, 317074, 317074, 317074, 317074, 317074, 317074, 317074, 317074, 317074, 317074, 317074, 317074, 317074, 317074, 317074, 317074, 317074, 317074, 317074, 317074, 317074, 317074, 317074, 317074, 317074, 317074, 317074, 317074, 317074, 317074, 317074, 317074, 317074, 317074, 317074, 317074, 317074, 317074, 317074, 317074, 317074, 317074, 317074, 317074, 317074, 317074, 316862, 315584, 315584, 315584, 315584, 315584, 315584, 315584, 315584, 315584, 315584, 315584, 315584]
current_obj = [361555.0, 355670.0, 350339.0, 344810.0, 342343.0, 340323.0, 340325.0, 340120.0, 335038.0, 335607.0, 335109.0, 333971.0, 327664.0, 329140.0, 328410.0, 326791.0, 328538.0, 326752.0, 325277.0, 327381.0, 326664.0, 327667.0, 327652.0, 325538.0, 326893.0, 324591.0, 327978.0, 326754.0, 328841.0, 328784.0, 325907.0, 329413.0, 330469.0, 325444.0, 326019.0, 327063.0, 326313.0, 326744.0, 328302.0, 324349.0, 328591.0, 327735.0, 324697.0, 326283.0, 326120.0, 326813.0, 324376.0, 327168.0, 327941.0, 329993.0, 327516.0, 327646.0, 325927.0, 327507.0, 322175.0, 325912.0, 323556.0, 325303.0, 322416.0, 321304.0, 324001.0, 320613.0, 320629.0, 322443.0, 319754.0, 323239.0, 320411.0, 321468.0, 319887.0, 321927.0, 322950.0, 321949.0, 319632.0, 322438.0, 322619.0, 323024.0, 319742.0, 317996.0, 322590.0, 321324.0, 319391.0, 318047.0, 320439.0, 318427.0, 321909.0, 320195.0, 319815.0, 322658.0, 321863.0, 323495.0, 317958.0, 318370.0, 322885.0, 320467.0, 324646.0, 317998.0, 319977.0, 318503.0, 319306.0, 321420.0, 319278.0, 318513.0, 319036.0, 322665.0, 321526.0, 323255.0, 317074.0, 320821.0, 318368.0, 318684.0, 318231.0, 317561.0, 321305.0, 323533.0, 323742.0, 317595.0, 320111.0, 318318.0, 319072.0, 318144.0, 319085.0, 317501.0, 317571.0, 321528.0, 319849.0, 318243.0, 318322.0, 319869.0, 318361.0, 319666.0, 317982.0, 317393.0, 324390.0, 320713.0, 318893.0, 318565.0, 318175.0, 321136.0, 320417.0, 320454.0, 318224.0, 319639.0, 318036.0, 318353.0, 320364.0, 320981.0, 319542.0, 319498.0, 318064.0, 322231.0, 320483.0, 317839.0, 317726.0, 319277.0, 317769.0, 318034.0, 322983.0, 319559.0, 319674.0, 318097.0, 318143.0, 316862.0, 315584.0, 319042.0, 319076.0, 318910.0, 316317.0, 317951.0, 319700.0, 316298.0, 316341.0, 316688.0, 318474.0, 317165.0, 318290.0, 0.0, 0.0, 0.0, 0.0, 0.0, 0.0, 0.0, 0.0, 0.0, 0.0, 0.0, 0.0, 0.0, 0.0, 0.0, 0.0, 0.0, 0.0, 0.0, 0.0, 0.0, 0.0, 0.0, 0.0, 0.0, 0.0, 0.0, 0.0, 0.0, 0.0, 0.0, 0.0, 0.0, 0.0, 0.0, 0.0, 0.0, 0.0, 0.0, 0.0, 0.0, 0.0, 0.0, 0.0, 0.0, 0.0, 0.0, 0.0, 0.0, 0.0, 0.0, 0.0, 0.0, 0.0, 0.0, 0.0, 0.0, 0.0, 0.0, 0.0, 0.0, 0.0, 0.0, 0.0, 0.0, 0.0, 0.0, 0.0, 0.0, 0.0, 0.0, 0.0, 0.0, 0.0, 0.0, 0.0, 0.0, 0.0, 0.0, 0.0, 0.0, 0.0, 0.0, 0.0, 0.0, 0.0, 0.0, 0.0, 0.0, 0.0, 0.0, 0.0, 0.0, 0.0, 0.0, 0.0, 0.0, 0.0, 0.0, 0.0, 0.0, 0.0, 0.0, 0.0, 0.0, 0.0, 0.0, 0.0, 0.0, 0.0, 0.0, 0.0, 0.0, 0.0, 0.0, 0.0, 0.0, 0.0, 0.0, 0.0, 0.0, 0.0, 0.0, 0.0, 0.0, 0.0, 0.0, 0.0, 0.0, 0.0, 0.0, 0.0, 0.0, 0.0, 0.0, 0.0, 0.0, 0.0, 0.0, 0.0, 0.0, 0.0, 0.0, 0.0, 0.0, 0.0, 0.0, 0.0, 0.0, 0.0, 0.0, 0.0, 0.0, 0.0, 0.0, 0.0, 0.0, 0.0, 0.0, 0.0, 0.0, 0.0, 0.0, 0.0, 0.0, 0.0, 0.0, 0.0, 0.0, 0.0, 0.0, 0.0, 0.0, 0.0, 0.0, 0.0, 0.0, 0.0, 0.0, 0.0, 0.0, 0.0, 0.0, 0.0, 0.0, 0.0, 0.0, 0.0, 0.0, 0.0, 0.0, 0.0, 0.0, 0.0, 0.0, 0.0, 0.0, 0.0, 0.0, 0.0, 0.0, 0.0, 0.0, 0.0, 0.0, 0.0, 0.0, 0.0, 0.0, 0.0, 0.0, 0.0, 0.0, 0.0, 0.0, 0.0, 0.0, 0.0, 0.0, 0.0, 0.0, 0.0, 0.0, 0.0, 0.0, 0.0, 0.0, 0.0, 0.0, 0.0, 0.0, 0.0, 0.0, 0.0, 0.0, 0.0, 0.0, 0.0, 0.0, 0.0, 0.0, 0.0, 0.0, 0.0, 0.0, 0.0, 0.0, 0.0, 0.0, 0.0, 0.0, 0.0, 0.0, 0.0, 0.0, 0.0, 0.0, 0.0, 0.0, 0.0, 0.0, 0.0, 0.0, 0.0, 0.0, 0.0, 0.0, 0.0, 0.0, 0.0, 0.0, 0.0, 0.0, 0.0, 0.0, 0.0, 0.0, 0.0, 0.0, 0.0, 0.0, 0.0, 0.0, 0.0, 0.0, 0.0, 0.0, 0.0, 0.0, 0.0, 0.0, 0.0, 0.0, 0.0, 0.0, 0.0, 0.0, 0.0, 0.0, 0.0, 0.0, 0.0, 0.0, 0.0, 0.0, 0.0, 0.0, 0.0, 0.0, 0.0, 0.0, 0.0, 0.0, 0.0, 0.0, 0.0, 0.0, 0.0, 0.0, 0.0, 0.0, 0.0, 0.0, 0.0, 0.0, 0.0, 0.0, 0.0, 0.0, 0.0, 0.0, 0.0, 0.0, 0.0, 0.0, 0.0, 0.0, 0.0, 0.0, 0.0, 0.0, 0.0, 0.0, 0.0, 0.0, 0.0, 0.0, 0.0, 0.0, 0.0, 0.0, 0.0, 0.0, 0.0, 0.0, 0.0, 0.0, 0.0, 0.0, 0.0, 0.0, 0.0, 0.0, 0.0, 0.0, 0.0, 0.0, 0.0, 0.0, 0.0, 0.0, 0.0, 0.0, 0.0, 0.0, 0.0, 0.0, 0.0, 0.0, 0.0, 0.0, 0.0, 0.0, 0.0, 0.0, 0.0, 0.0, 0.0, 0.0, 0.0, 0.0, 0.0, 0.0, 0.0, 0.0, 0.0, 0.0, 0.0, 0.0, 0.0, 0.0, 0.0, 0.0, 0.0, 0.0, 0.0, 0.0, 0.0, 0.0, 0.0, 0.0, 0.0, 0.0, 0.0, 0.0, 0.0, 0.0, 0.0, 0.0, 0.0, 0.0, 0.0, 0.0, 0.0, 0.0]
cong_K= Any[2, 2, 2, 2, 2, 2, 2, 2, 2, 2, 2, 2, 2, 2, 2, 2, 2, 2, 2, 2, 2, 2, 2, 2, 2] 
obj_k= Any[361555, 355670, 350339, 344810, 342343, 340323, 340120, 335038, 333971, 327664, 326791, 326752, 325277, 324591, 324349, 322175, 321304, 320613, 319754, 319632, 317996, 317958, 317074, 316862, 315584] 
iter_obj = Any[1, 2, 3, 4, 5, 6, 8, 9, 12, 13, 16, 18, 19, 26, 40, 55, 60, 62, 65, 73, 78, 91, 107, 162, 163] 
avgClusterDiam = 2685.266666666667 
maxClusterDiam = 3933.0 
clusterDiamete = [2848.0; 2011.0; 2667.0; 3775.0; 2452.0; 2739.0; 3495.0; 2263.0; 2334.0; 3933.0; 3204.0; 3319.0; 2027.0; 1663.0; 1549.0]   
C = [0, 0, 0, 0, 0, 0, 0, 0, 0, 0, 0, 1, 0, 0, 0, 0, 0, 0, 0, 0, 0, 0, 0, 0, 0, 0, 0, 1, 0, 0, 0, 0, 0, 0, 0, 0, 0, 0, 0, 0, 0, 0, 0, 0, 0, 0, 0, 0, 0, 0, 0, 0, 0, 0, 1, 0, 0, 0, 0, 0, 0, 0, 0, 0, 0, 1, 0, 0, 0, 0, 0, 0, 0, 0, 0, 1, 0, 0, 0, 0, 0, 0, 0, 0, 0, 0, 0, 0, 0, 0, 0, 0, 0, 0, 0, 0, 0, 0, 0, 0, 0, 0, 0, 0, 0, 0, 0, 0, 0, 0, 0, 0, 0, 0, 0, 0, 0, 0, 0, 0, 0, 0, 0, 0, 0, 0, 0, 0, 0, 0, 0, 0, 0, 1, 0, 0, 0, 0, 0, 0, 0, 0, 0, 0, 0, 0, 0, 0, 0, 0, 0, 0, 0, 0, 0, 0, 0, 0, 0, 0, 0, 0, 0, 0, 0, 0, 0, 0, 0, 0, 0, 0, 0, 0, 0, 0, 0, 0, 0, 0, 0, 0, 0, 0, 0, 0, 0, 0, 0, 0, 0, 0, 0, 0, 0, 0, 0, 0, 0, 0, 0, 0, 0, 0, 0, 0, 0, 0, 0, 0, 1, 0, 0, 0, 0, 0, 0, 0, 0, 0, 1, 0, 0, 0, 0, 0, 0, 0, 0, 0, 0, 0, 0, 0, 0, 0, 0, 0, 0, 0, 0, 0, 0, 0, 0, 0, 0, 0, 0, 0, 0, 0, 0, 0, 0, 0, 0, 0, 0, 0, 0, 0, 0, 0, 0, 0, 0, 0, 0, 1, 0, 0, 0, 0, 0, 0, 0, 0, 0, 0, 0, 0, 0, 0, 0, 0, 0, 0, 0, 0, 0, 0, 1, 0, 0, 0, 0, 0, 0, 0, 0, 0, 0, 0, 0, 0, 0, 0, 1, 0, 0, 0, 0, 0, 0, 0, 0, 0, 0, 0, 0, 0, 0, 0, 0, 0, 0, 0, 0, 0, 0, 0, 0, 0, 0, 0, 0, 0, 0, 0, 0, 0, 0, 0, 0, 0, 0, 0, 0, 0, 0, 0, 0, 0, 0, 0, 0, 1, 0, 0, 0, 0, 0, 0, 0, 0, 0, 1, 0, 0, 0, 0, 0, 0, 0, 0, 0, 0, 0, 0, 0, 0, 0, 0, 0, 0, 0, 0, 0, 0, 0, 0, 0, 0, 0, 0, 0, 0, 0, 0, 0, 0, 0, 0, 0, 0, 0, 0, 0, 0, 0, 0, 0, 1, 0, 0, 0, 0, 0, 0, 0, 0, 0, 0, 0, 0, 0, 1, 0, 0, 0, 0, 0, 0, 0, 0, 0, 0, 0, 0, 0, 0, 0, 0, 0, 0, 0, 0, 0, 0, 0, 0]
E = [12, 28, 12, 12, 12, 12, 28, 12, 12, 270, 12, 12, 66, 66, 28, 28, 12, 12, 12, 12, 28, 28, 28, 28, 12, 270, 12, 28, 270, 270, 270, 76, 134, 28, 28, 28, 28, 76, 134, 134, 55, 28, 55, 28, 76, 293, 134, 270, 28, 28, 76, 55, 66, 76, 55, 293, 66, 76, 293, 28, 76, 66, 76, 76, 55, 66, 66, 66, 76, 76, 76, 66, 66, 309, 66, 76, 66, 66, 76, 76, 76, 55, 76, 76, 12, 12, 55, 55, 55, 55, 55, 55, 55, 55, 55, 55, 55, 270, 270, 55, 55, 55, 12, 55, 55, 55, 55, 55, 55, 55, 12, 270, 270, 12, 12, 270, 12, 12, 12, 134, 134, 55, 134, 134, 134, 134, 134, 134, 134, 134, 134, 134, 134, 134, 134, 134, 134, 134, 134, 134, 134, 76, 134, 134, 134, 76, 134, 134, 134, 76, 134, 76, 76, 76, 134, 76, 293, 134, 134, 12, 76, 76, 134, 76, 76, 66, 66, 66, 76, 66, 66, 66, 76, 12, 76, 55, 66, 66, 76, 76, 76, 293, 12, 66, 66, 211, 66, 66, 66, 66, 66, 221, 221, 28, 211, 211, 221, 221, 211, 211, 211, 211, 221, 211, 211, 221, 211, 211, 221, 221, 211, 211, 221, 221, 221, 221, 66, 211, 221, 221, 221, 211, 211, 211, 211, 66, 221, 221, 221, 221, 211, 66, 221, 211, 221, 221, 221, 221, 28, 221, 221, 211, 211, 221, 211, 211, 12, 12, 28, 66, 211, 28, 28, 12, 12, 12, 12, 211, 270, 55, 28, 55, 12, 270, 270, 270, 270, 55, 270, 270, 270, 270, 270, 270, 270, 293, 134, 293, 293, 134, 293, 293, 293, 309, 66, 309, 66, 309, 309, 358, 293, 293, 293, 293, 293, 293, 293, 293, 293, 293, 293, 358, 309, 309, 309, 309, 309, 309, 309, 309, 309, 309, 309, 309, 309, 358, 293, 293, 293, 293, 293, 293, 293, 358, 358, 358, 309, 309, 309, 309, 309, 368, 309, 368, 368, 358, 358, 358, 358, 293, 358, 358, 358, 358, 368, 368, 368, 368, 368, 368, 309, 309, 368, 368, 368, 358, 358, 358, 358, 358, 368, 368, 368, 368, 368, 368, 368, 368, 368, 368, 368, 358, 358, 358, 358, 358, 358, 358, 414, 414, 368, 368, 368, 368, 368, 368, 368, 368, 368, 414, 414, 414, 414, 414, 414, 414, 414, 414, 358, 358, 358, 428, 358, 358, 358, 428, 428, 428, 428, 428, 428, 428, 414, 414, 414, 414, 368, 368, 414, 414, 414, 414, 414, 414, 414, 428, 428, 428, 428, 428, 428, 428, 414, 414, 414, 414, 414, 414, 414, 428, 428, 428, 428, 428, 428, 428, 28, 55, 66, 270, 221, 211]
