n° iter       = 600 
neighborhood_structure = [2] 
Prioridad     = 5 
balance       = 0.2 
Len_N         = 9 
N° clusters   = 15 
N° estaciones = 452 
N° mejoras    = 27
N° iter completadas  = 392
1° FO         = 362503.0
FO            = 312669
Centros       = [11, 21, 66, 87, 140, 152, 215, 218, 275, 299, 313, 360, 382, 424, 429]
Objs= Any[362503.0, 352141, 345977, 343479, 339745, 339745, 339745, 336271, 335397, 335397, 333453, 333453, 333453, 333453, 333453, 333453, 328378, 328378, 328378, 328378, 328378, 328378, 328156, 327038, 326153, 326153, 326153, 326153, 326153, 326153, 326153, 326153, 326153, 326153, 326153, 326153, 326153, 325464, 324537, 324537, 324138, 319953, 319953, 319123, 319123, 319123, 319123, 319123, 319123, 318658, 318658, 318658, 318658, 318658, 318658, 318658, 318278, 318278, 318278, 318278, 318278, 318278, 318278, 318278, 318278, 318278, 318278, 318278, 318278, 318278, 318278, 318278, 318278, 318278, 318278, 318278, 318278, 318278, 318278, 318278, 318278, 318278, 318278, 318278, 318278, 318278, 318278, 318278, 318278, 318025, 318025, 317886, 317886, 317886, 317886, 317886, 317886, 317886, 317886, 317886, 317886, 317886, 317886, 317886, 317886, 317886, 317329, 317329, 317329, 316802, 316802, 316802, 316802, 316802, 316802, 316802, 316802, 316802, 316802, 316802, 316802, 316802, 316802, 316802, 316802, 316802, 316802, 316802, 316802, 316802, 315434, 315434, 315434, 315434, 315434, 315434, 315434, 315434, 315434, 315434, 315434, 315434, 315434, 315434, 315434, 315434, 315434, 315434, 315434, 315434, 315434, 315434, 315434, 315434, 315434, 315434, 315434, 315434, 315434, 315434, 314591, 314591, 314591, 314591, 314591, 314591, 314591, 314591, 314591, 314591, 314591, 314591, 314591, 314591, 314591, 314591, 314591, 314591, 314591, 314591, 314591, 314591, 314591, 314591, 314591, 314591, 314591, 314591, 314591, 314110, 314110, 314110, 314110, 314110, 314110, 314110, 314110, 314110, 314110, 314110, 314110, 314110, 314110, 314110, 314110, 314110, 314110, 314110, 314110, 314110, 314110, 314110, 314110, 314110, 314110, 314110, 314110, 314110, 314110, 314110, 314110, 314110, 314110, 314110, 314110, 314110, 314110, 313356, 313356, 313356, 313356, 313356, 313356, 313356, 313356, 313356, 313356, 313356, 313356, 313356, 313356, 313356, 313356, 312669, 312669, 312669, 312669, 312669, 312669, 312669, 312669, 312669, 312669, 312669, 312669, 312669, 312669, 312669, 312669, 312669, 312669, 312669, 312669, 312669, 312669, 312669, 312669, 312669, 312669, 312669, 312669, 312669, 312669, 312669, 312669, 312669, 312669, 312669, 312669, 312669, 312669, 312669, 312669, 312669, 312669, 312669, 312669, 312669, 312669, 312669, 312669, 312669, 312669, 312669, 312669, 312669, 312669, 312669, 312669, 312669, 312669, 312669, 312669, 312669, 312669, 312669, 312669, 312669, 312669, 312669, 312669, 312669, 312669, 312669, 312669, 312669, 312669, 312669, 312669, 312669, 312669, 312669, 312669, 312669, 312669, 312669, 312669, 312669, 312669, 312669, 312669, 312669, 312669, 312669, 312669, 312669, 312669, 312669, 312669, 312669, 312669, 312669, 312669, 312669, 312669, 312669, 312669, 312669, 312669, 312669, 312669, 312669, 312669, 312669, 312669, 312669, 312669, 312669, 312669, 312669, 312669, 312669, 312669, 312669, 312669, 312669, 312669, 312669, 312669, 312669, 312669, 312669, 312669, 312669, 312669, 312669, 312669, 312669, 312669, 312669, 312669, 312669, 312669, 312669, 312669, 312669, 312669, 312669, 312669, 312669, 312669, 312669, 312669]
current_obj = [352141.0, 345977.0, 343479.0, 339745.0, 341218.0, 340460.0, 336271.0, 335397.0, 337982.0, 333453.0, 334675.0, 334752.0, 334096.0, 335691.0, 333883.0, 328378.0, 331721.0, 328638.0, 329941.0, 328741.0, 333912.0, 328156.0, 327038.0, 326153.0, 327692.0, 327251.0, 327695.0, 327324.0, 327060.0, 329604.0, 326349.0, 328194.0, 326592.0, 326328.0, 326236.0, 327861.0, 325464.0, 324537.0, 325874.0, 324138.0, 319953.0, 322186.0, 319123.0, 321059.0, 320870.0, 320868.0, 321204.0, 322125.0, 318658.0, 323417.0, 319339.0, 320864.0, 320726.0, 322398.0, 321550.0, 318278.0, 319405.0, 319838.0, 324170.0, 322877.0, 322032.0, 321342.0, 320385.0, 319010.0, 320271.0, 326138.0, 322934.0, 319532.0, 321926.0, 318693.0, 321173.0, 319983.0, 322426.0, 322111.0, 322433.0, 319375.0, 318609.0, 321527.0, 322601.0, 318979.0, 321434.0, 320426.0, 319156.0, 318747.0, 320068.0, 321748.0, 320370.0, 318681.0, 318025.0, 320768.0, 317886.0, 323724.0, 321453.0, 321635.0, 318487.0, 319154.0, 319620.0, 320942.0, 323154.0, 319224.0, 324531.0, 319179.0, 319996.0, 321542.0, 319205.0, 317329.0, 318927.0, 320034.0, 316802.0, 321531.0, 320688.0, 317822.0, 320951.0, 320013.0, 317679.0, 319400.0, 318805.0, 320042.0, 318383.0, 319956.0, 321907.0, 317129.0, 318585.0, 317033.0, 321502.0, 317311.0, 317841.0, 320980.0, 319601.0, 315434.0, 315801.0, 320461.0, 318314.0, 317930.0, 318412.0, 317530.0, 317709.0, 316941.0, 316494.0, 320535.0, 317687.0, 317140.0, 318584.0, 317110.0, 317293.0, 320510.0, 315789.0, 316740.0, 318234.0, 319313.0, 316954.0, 320065.0, 320059.0, 316350.0, 320732.0, 316869.0, 318942.0, 318302.0, 315819.0, 314591.0, 314687.0, 318117.0, 318462.0, 315649.0, 317680.0, 314715.0, 318064.0, 316754.0, 317556.0, 318673.0, 320262.0, 316867.0, 315767.0, 319285.0, 320103.0, 319157.0, 316434.0, 317749.0, 316532.0, 315409.0, 315121.0, 315653.0, 318641.0, 319680.0, 315530.0, 317526.0, 316590.0, 315662.0, 314110.0, 316841.0, 315683.0, 317272.0, 319956.0, 318046.0, 319425.0, 317606.0, 317874.0, 316864.0, 315979.0, 319145.0, 316735.0, 315439.0, 318906.0, 315095.0, 323638.0, 316627.0, 315622.0, 320682.0, 319676.0, 318062.0, 323263.0, 316397.0, 316555.0, 314844.0, 316770.0, 316915.0, 319396.0, 315659.0, 321696.0, 317106.0, 317545.0, 315997.0, 318500.0, 317961.0, 317795.0, 323054.0, 313356.0, 322577.0, 316375.0, 316456.0, 316450.0, 317639.0, 314596.0, 314939.0, 315697.0, 315317.0, 316903.0, 315642.0, 317137.0, 314091.0, 316823.0, 315075.0, 312669.0, 315242.0, 313691.0, 317791.0, 317147.0, 315700.0, 315285.0, 316753.0, 317204.0, 317960.0, 315268.0, 314066.0, 314992.0, 317828.0, 316787.0, 314123.0, 314080.0, 315167.0, 314629.0, 316245.0, 313843.0, 316939.0, 314576.0, 314646.0, 316028.0, 316179.0, 317245.0, 316488.0, 315499.0, 316365.0, 314576.0, 317648.0, 315517.0, 316274.0, 316612.0, 318760.0, 313794.0, 312961.0, 313516.0, 315709.0, 317456.0, 317899.0, 313828.0, 313724.0, 314124.0, 317961.0, 313394.0, 314989.0, 317804.0, 314143.0, 313854.0, 315136.0, 312674.0, 315747.0, 317031.0, 316351.0, 314643.0, 313599.0, 316024.0, 317180.0, 315612.0, 316898.0, 314646.0, 318542.0, 315289.0, 314604.0, 317162.0, 317361.0, 318574.0, 316614.0, 315844.0, 315565.0, 313575.0, 312966.0, 317113.0, 313614.0, 317531.0, 317169.0, 313804.0, 315490.0, 314578.0, 316112.0, 314859.0, 315816.0, 318367.0, 318890.0, 315093.0, 314323.0, 314441.0, 317601.0, 315249.0, 315420.0, 317192.0, 315228.0, 313774.0, 318234.0, 312830.0, 316952.0, 314348.0, 313615.0, 317609.0, 316639.0, 315642.0, 314499.0, 315816.0, 314174.0, 317413.0, 317245.0, 320588.0, 316885.0, 313841.0, 316161.0, 316180.0, 315145.0, 315991.0, 316005.0, 313607.0, 315436.0, 314442.0, 314378.0, 318168.0, 315882.0, 314646.0, 315987.0, 317157.0, 318317.0, 313672.0, 314738.0, 315401.0, 318637.0, 313623.0, 315852.0, 313525.0, 319253.0, 318474.0, 314940.0, 320109.0, 315650.0, 314509.0, 313864.0, 317352.0, 314363.0, 315749.0, 314122.0, 314273.0, 318009.0, 314008.0, 315375.0, 320300.0, 316459.0, 315013.0, 0.0, 0.0, 0.0, 0.0, 0.0, 0.0, 0.0, 0.0, 0.0, 0.0, 0.0, 0.0, 0.0, 0.0, 0.0, 0.0, 0.0, 0.0, 0.0, 0.0, 0.0, 0.0, 0.0, 0.0, 0.0, 0.0, 0.0, 0.0, 0.0, 0.0, 0.0, 0.0, 0.0, 0.0, 0.0, 0.0, 0.0, 0.0, 0.0, 0.0, 0.0, 0.0, 0.0, 0.0, 0.0, 0.0, 0.0, 0.0, 0.0, 0.0, 0.0, 0.0, 0.0, 0.0, 0.0, 0.0, 0.0, 0.0, 0.0, 0.0, 0.0, 0.0, 0.0, 0.0, 0.0, 0.0, 0.0, 0.0, 0.0, 0.0, 0.0, 0.0, 0.0, 0.0, 0.0, 0.0, 0.0, 0.0, 0.0, 0.0, 0.0, 0.0, 0.0, 0.0, 0.0, 0.0, 0.0, 0.0, 0.0, 0.0, 0.0, 0.0, 0.0, 0.0, 0.0, 0.0, 0.0, 0.0, 0.0, 0.0, 0.0, 0.0, 0.0, 0.0, 0.0, 0.0, 0.0, 0.0, 0.0, 0.0, 0.0, 0.0, 0.0, 0.0, 0.0, 0.0, 0.0, 0.0, 0.0, 0.0, 0.0, 0.0, 0.0, 0.0, 0.0, 0.0, 0.0, 0.0, 0.0, 0.0, 0.0, 0.0, 0.0, 0.0, 0.0, 0.0, 0.0, 0.0, 0.0, 0.0, 0.0, 0.0, 0.0, 0.0, 0.0, 0.0, 0.0, 0.0, 0.0, 0.0, 0.0, 0.0, 0.0, 0.0, 0.0, 0.0, 0.0, 0.0, 0.0, 0.0, 0.0, 0.0, 0.0, 0.0, 0.0, 0.0, 0.0, 0.0, 0.0, 0.0, 0.0, 0.0, 0.0, 0.0, 0.0, 0.0, 0.0, 0.0, 0.0, 0.0, 0.0, 0.0, 0.0, 0.0, 0.0, 0.0, 0.0, 0.0, 0.0, 0.0, 0.0, 0.0, 0.0, 0.0, 0.0, 0.0, 0.0, 0.0, 0.0, 0.0, 0.0, 0.0, 0.0, 0.0, 0.0, 0.0, 0.0]
cong_K= Any[2, 2, 2, 2, 2, 2, 2, 2, 2, 2, 2, 2, 2, 2, 2, 2, 2, 2, 2, 2, 2, 2, 2, 2, 2, 2, 2] 
obj_k= Any[352141, 345977, 343479, 339745, 336271, 335397, 333453, 328378, 328156, 327038, 326153, 325464, 324537, 324138, 319953, 319123, 318658, 318278, 318025, 317886, 317329, 316802, 315434, 314591, 314110, 313356, 312669] 
iter_obj = Any[1, 2, 3, 4, 7, 8, 10, 16, 22, 23, 24, 37, 38, 40, 41, 43, 49, 56, 89, 91, 106, 109, 130, 160, 189, 227, 243] 
avgClusterDiam = 2522.733333333333 
maxClusterDiam = 3775.0 
clusterDiamete = [3025.0; 2011.0; 3775.0; 2595.0; 2223.0; 2752.0; 2263.0; 3033.0; 2334.0; 3579.0; 2023.0; 3015.0; 1818.0; 2093.0; 1302.0]   
C = [0, 0, 0, 0, 0, 0, 0, 0, 0, 0, 1, 0, 0, 0, 0, 0, 0, 0, 0, 0, 1, 0, 0, 0, 0, 0, 0, 0, 0, 0, 0, 0, 0, 0, 0, 0, 0, 0, 0, 0, 0, 0, 0, 0, 0, 0, 0, 0, 0, 0, 0, 0, 0, 0, 0, 0, 0, 0, 0, 0, 0, 0, 0, 0, 0, 1, 0, 0, 0, 0, 0, 0, 0, 0, 0, 0, 0, 0, 0, 0, 0, 0, 0, 0, 0, 0, 1, 0, 0, 0, 0, 0, 0, 0, 0, 0, 0, 0, 0, 0, 0, 0, 0, 0, 0, 0, 0, 0, 0, 0, 0, 0, 0, 0, 0, 0, 0, 0, 0, 0, 0, 0, 0, 0, 0, 0, 0, 0, 0, 0, 0, 0, 0, 0, 0, 0, 0, 0, 0, 1, 0, 0, 0, 0, 0, 0, 0, 0, 0, 0, 0, 1, 0, 0, 0, 0, 0, 0, 0, 0, 0, 0, 0, 0, 0, 0, 0, 0, 0, 0, 0, 0, 0, 0, 0, 0, 0, 0, 0, 0, 0, 0, 0, 0, 0, 0, 0, 0, 0, 0, 0, 0, 0, 0, 0, 0, 0, 0, 0, 0, 0, 0, 0, 0, 0, 0, 0, 0, 0, 0, 0, 0, 0, 0, 1, 0, 0, 1, 0, 0, 0, 0, 0, 0, 0, 0, 0, 0, 0, 0, 0, 0, 0, 0, 0, 0, 0, 0, 0, 0, 0, 0, 0, 0, 0, 0, 0, 0, 0, 0, 0, 0, 0, 0, 0, 0, 0, 0, 0, 0, 0, 0, 0, 0, 0, 0, 0, 0, 0, 0, 0, 0, 0, 0, 1, 0, 0, 0, 0, 0, 0, 0, 0, 0, 0, 0, 0, 0, 0, 0, 0, 0, 0, 0, 0, 0, 0, 0, 1, 0, 0, 0, 0, 0, 0, 0, 0, 0, 0, 0, 0, 0, 1, 0, 0, 0, 0, 0, 0, 0, 0, 0, 0, 0, 0, 0, 0, 0, 0, 0, 0, 0, 0, 0, 0, 0, 0, 0, 0, 0, 0, 0, 0, 0, 0, 0, 0, 0, 0, 0, 0, 0, 0, 0, 0, 0, 0, 0, 0, 1, 0, 0, 0, 0, 0, 0, 0, 0, 0, 0, 0, 0, 0, 0, 0, 0, 0, 0, 0, 0, 0, 1, 0, 0, 0, 0, 0, 0, 0, 0, 0, 0, 0, 0, 0, 0, 0, 0, 0, 0, 0, 0, 0, 0, 0, 0, 0, 0, 0, 0, 0, 0, 0, 0, 0, 0, 0, 0, 0, 0, 0, 0, 0, 1, 0, 0, 0, 0, 1, 0, 0, 0, 0, 0, 0, 0, 0, 0, 0, 0, 0, 0, 0, 0, 0, 0, 0, 0, 0, 0, 0, 0]
E = [11, 11, 11, 11, 11, 11, 21, 11, 11, 275, 11, 11, 66, 66, 21, 11, 11, 11, 11, 11, 21, 21, 21, 21, 11, 275, 11, 21, 275, 275, 275, 152, 152, 21, 21, 21, 21, 66, 140, 140, 87, 21, 87, 21, 21, 152, 152, 87, 21, 21, 152, 87, 66, 66, 87, 299, 66, 66, 299, 21, 152, 66, 152, 152, 87, 66, 66, 66, 152, 152, 152, 66, 66, 299, 66, 152, 66, 66, 66, 152, 152, 87, 152, 152, 11, 11, 87, 87, 87, 87, 87, 87, 87, 87, 87, 87, 87, 87, 275, 87, 87, 87, 11, 87, 87, 87, 87, 87, 87, 87, 11, 11, 275, 11, 11, 275, 11, 11, 11, 11, 11, 87, 140, 140, 11, 140, 140, 140, 140, 140, 140, 140, 140, 140, 140, 140, 140, 140, 140, 140, 140, 152, 140, 140, 140, 152, 140, 140, 140, 152, 140, 152, 152, 152, 152, 152, 299, 140, 140, 11, 152, 152, 140, 152, 152, 66, 66, 66, 66, 66, 66, 66, 66, 275, 152, 275, 66, 66, 152, 152, 66, 299, 11, 66, 66, 218, 66, 66, 66, 66, 66, 218, 215, 21, 218, 218, 215, 215, 218, 218, 218, 215, 215, 215, 218, 215, 218, 218, 215, 215, 218, 218, 215, 215, 215, 215, 66, 218, 215, 215, 215, 218, 218, 218, 218, 66, 215, 215, 215, 215, 218, 66, 215, 218, 215, 215, 215, 215, 21, 215, 215, 215, 215, 215, 218, 218, 11, 11, 21, 66, 218, 21, 21, 11, 11, 11, 11, 218, 275, 87, 21, 87, 11, 275, 275, 275, 275, 87, 275, 87, 275, 275, 275, 275, 275, 299, 152, 152, 299, 152, 299, 299, 299, 299, 66, 66, 66, 313, 313, 313, 299, 299, 299, 299, 299, 299, 299, 299, 299, 299, 299, 360, 313, 313, 313, 313, 313, 313, 313, 313, 313, 313, 313, 313, 313, 313, 299, 299, 299, 299, 299, 299, 299, 299, 313, 360, 313, 313, 313, 313, 313, 313, 313, 313, 360, 360, 360, 360, 299, 299, 360, 360, 360, 360, 313, 382, 313, 313, 313, 313, 313, 313, 382, 382, 382, 360, 360, 360, 360, 360, 382, 313, 382, 313, 382, 382, 382, 382, 382, 382, 382, 360, 360, 360, 360, 360, 360, 360, 382, 382, 382, 382, 382, 382, 382, 382, 382, 382, 382, 382, 382, 382, 424, 424, 424, 424, 424, 424, 360, 360, 360, 360, 424, 360, 360, 429, 429, 429, 429, 429, 424, 424, 424, 424, 382, 424, 382, 382, 382, 382, 382, 424, 424, 424, 424, 424, 429, 429, 429, 429, 429, 429, 424, 424, 424, 424, 424, 424, 424, 424, 424, 429, 429, 429, 429, 429, 21, 87, 21, 275, 218, 218]
