n° iter       = 600 
neighborhood_structure = [3] 
Prioridad     = 5 
balance       = 0.2 
Len_N         = 9 
N° clusters   = 15 
N° estaciones = 452 
N° mejoras    = 27
N° iter completadas  = 600
1° FO         = 358745.0
FO            = 315914
Centros       = [14, 20, 66, 81, 87, 143, 212, 215, 273, 282, 314, 354, 360, 415, 428]
Objs= Any[358745.0, 358173, 348340, 342707, 337144, 335776, 335776, 334430, 332648, 331919, 331919, 330397, 330397, 330397, 330397, 330397, 330397, 330397, 330397, 329799, 329076, 329076, 329076, 329076, 329076, 329076, 329076, 327236, 327236, 327236, 327236, 327236, 327236, 327236, 325112, 325112, 325112, 325112, 323857, 323857, 323857, 323857, 323857, 323857, 322285, 322285, 322285, 322285, 322285, 322285, 322285, 322285, 322285, 322285, 322285, 322285, 322285, 322285, 322285, 322285, 322259, 322259, 322259, 322259, 322259, 322259, 322259, 322259, 322259, 322259, 322259, 322259, 322259, 322259, 322259, 322259, 322259, 322259, 322042, 322042, 322042, 322042, 322042, 322042, 321450, 321450, 320240, 320240, 320240, 320240, 320240, 320240, 320240, 320240, 320240, 320240, 320240, 320034, 320034, 320034, 320034, 320034, 320034, 320034, 320034, 320034, 318813, 318813, 318813, 318813, 318813, 318813, 318813, 318813, 318813, 318813, 318813, 318813, 318813, 318813, 318813, 318813, 318813, 318813, 318813, 318813, 318813, 318813, 318813, 318813, 318813, 318813, 318813, 318813, 318813, 318813, 318813, 318813, 318813, 318813, 318813, 318813, 318813, 318813, 318813, 318813, 318813, 318813, 318813, 318813, 318813, 318813, 318813, 318813, 318813, 318813, 318813, 318813, 318813, 318813, 318813, 318813, 318813, 318813, 318813, 318813, 318813, 318813, 318813, 318813, 318813, 318813, 318813, 318813, 318813, 318813, 318813, 318813, 318813, 318813, 318813, 318813, 318813, 318813, 318813, 318813, 318813, 318813, 318813, 318813, 318813, 318813, 318813, 318813, 318813, 318796, 318796, 318796, 318796, 318796, 318796, 318796, 318796, 318796, 318796, 318796, 318796, 318796, 318796, 318796, 318796, 318796, 318796, 318796, 318796, 318796, 318796, 318796, 318796, 318796, 318796, 318796, 318796, 318796, 318796, 318796, 318796, 318796, 318796, 318796, 318796, 318796, 318796, 318796, 318796, 318796, 318796, 318796, 318796, 318796, 318796, 318796, 318796, 318796, 318796, 318796, 318796, 318796, 318796, 318796, 318796, 318796, 318796, 318796, 318796, 318796, 318796, 318796, 318796, 318796, 318796, 318796, 318796, 318796, 318796, 318796, 318796, 318796, 318796, 318796, 318796, 318796, 318796, 318796, 318796, 318796, 318796, 318796, 318796, 318796, 318796, 318796, 318796, 318796, 318796, 318796, 318796, 318796, 318796, 318796, 318796, 318796, 318796, 318796, 318796, 318796, 318796, 318796, 318796, 318796, 318796, 318796, 318796, 318796, 318796, 318796, 318796, 318796, 318796, 318796, 318796, 318796, 318796, 318796, 318796, 318796, 318796, 318796, 318796, 318796, 318796, 318796, 318796, 318796, 318796, 318796, 318796, 318796, 318796, 318796, 318796, 318796, 318796, 318796, 318796, 318796, 318796, 318796, 317168, 317168, 317168, 317168, 317168, 317168, 317168, 317168, 317168, 317168, 317168, 317168, 317168, 317168, 317168, 317168, 317168, 317168, 317168, 316561, 316561, 316561, 316561, 316561, 316561, 316561, 316561, 316561, 316561, 316561, 316561, 316561, 316561, 316561, 316561, 316561, 316561, 316561, 316561, 316561, 316561, 316561, 316561, 316561, 316561, 316561, 316561, 316561, 316561, 316561, 316561, 316561, 316561, 316561, 316561, 316561, 316561, 316561, 316561, 316561, 316561, 316561, 316561, 316561, 316561, 316561, 316561, 316561, 316561, 316561, 316561, 316561, 316561, 316561, 316561, 316561, 316561, 316561, 316561, 316561, 316561, 316561, 316561, 316561, 316561, 316561, 316561, 316561, 316561, 316561, 316561, 316561, 316561, 316561, 316561, 316561, 316561, 316561, 316561, 316561, 316561, 316561, 316561, 316561, 316561, 316561, 316340, 316340, 316340, 316340, 316340, 316340, 316340, 316340, 316340, 316340, 316340, 316340, 316340, 316340, 316340, 316340, 316340, 316340, 316340, 316340, 316340, 316340, 316340, 316340, 316340, 316340, 316340, 316340, 316340, 316340, 316340, 316340, 316340, 316340, 316340, 316340, 316340, 316340, 316340, 316340, 316340, 316340, 316340, 316340, 316340, 316340, 316340, 316340, 316302, 316302, 316302, 316302, 316302, 316302, 316302, 316302, 316302, 316302, 316302, 316302, 316302, 316302, 316302, 316302, 316302, 316302, 316302, 316302, 316302, 316302, 316302, 316302, 316302, 316302, 316302, 316302, 316302, 316302, 316302, 316302, 316302, 316302, 316302, 316302, 316302, 316302, 316302, 316302, 316302, 316302, 316302, 316302, 316302, 316302, 316302, 316302, 316302, 316302, 316302, 316302, 316302, 316302, 316302, 316302, 316302, 316302, 316302, 316302, 316302, 316302, 316302, 316302, 316302, 316302, 316302, 316302, 316302, 316302, 316302, 316302, 316302, 316302, 316302, 316302, 316302, 316302, 316302, 316302, 316302, 316302, 316302, 316302, 316302, 316302, 316302, 315914, 315914, 315914, 315914, 315914, 315914, 315914, 315914, 315914, 315914, 315914, 315914, 315914, 315914, 315914, 315914, 315914, 315914, 315914, 315914, 315914]
current_obj = [358173.0, 348340.0, 342707.0, 337144.0, 335776.0, 338465.0, 334430.0, 332648.0, 331919.0, 337018.0, 330397.0, 331415.0, 333830.0, 332987.0, 332118.0, 332481.0, 330647.0, 333271.0, 329799.0, 329076.0, 330831.0, 329927.0, 333176.0, 331620.0, 329930.0, 333033.0, 327236.0, 332396.0, 330117.0, 335315.0, 332343.0, 327798.0, 329295.0, 325112.0, 332684.0, 331304.0, 327990.0, 323857.0, 329429.0, 326110.0, 327222.0, 327486.0, 327643.0, 322285.0, 325731.0, 331044.0, 327693.0, 328100.0, 326177.0, 322558.0, 326005.0, 323270.0, 324754.0, 327304.0, 325321.0, 323953.0, 325295.0, 326622.0, 323588.0, 322259.0, 324106.0, 329550.0, 326249.0, 322478.0, 324245.0, 325804.0, 325156.0, 325416.0, 326641.0, 327787.0, 328139.0, 326447.0, 331030.0, 329139.0, 324725.0, 324787.0, 328865.0, 322042.0, 324313.0, 324528.0, 329313.0, 328912.0, 329477.0, 321450.0, 329180.0, 320240.0, 323039.0, 322768.0, 323928.0, 326897.0, 324392.0, 325014.0, 325555.0, 321763.0, 324633.0, 322536.0, 320034.0, 324690.0, 324791.0, 325605.0, 324557.0, 325634.0, 322601.0, 324271.0, 327590.0, 318813.0, 322787.0, 321889.0, 320458.0, 324654.0, 321263.0, 320668.0, 323599.0, 325938.0, 321414.0, 319528.0, 323111.0, 323925.0, 321828.0, 323810.0, 323291.0, 325023.0, 328204.0, 323412.0, 325692.0, 327355.0, 324290.0, 325805.0, 321068.0, 323875.0, 325728.0, 321663.0, 321416.0, 320826.0, 325186.0, 322677.0, 320317.0, 322836.0, 325069.0, 328099.0, 321282.0, 326629.0, 323789.0, 320924.0, 319209.0, 324671.0, 327588.0, 323743.0, 327311.0, 322551.0, 323692.0, 323871.0, 326585.0, 323264.0, 326980.0, 318817.0, 327832.0, 323533.0, 323124.0, 325837.0, 325714.0, 322184.0, 321731.0, 323207.0, 321173.0, 324393.0, 324597.0, 321735.0, 325873.0, 325101.0, 322128.0, 325430.0, 321334.0, 320090.0, 321294.0, 325051.0, 322700.0, 322878.0, 324028.0, 320239.0, 325927.0, 321737.0, 322922.0, 321848.0, 320121.0, 321784.0, 325071.0, 323656.0, 324307.0, 326443.0, 324113.0, 326037.0, 324561.0, 324665.0, 318796.0, 326190.0, 323047.0, 322662.0, 319205.0, 323780.0, 323005.0, 320269.0, 327135.0, 324609.0, 323908.0, 322910.0, 324212.0, 323248.0, 326238.0, 321248.0, 322756.0, 321502.0, 322395.0, 321386.0, 320629.0, 325685.0, 327675.0, 327373.0, 329420.0, 323178.0, 326139.0, 322172.0, 319826.0, 327473.0, 325365.0, 320913.0, 326301.0, 323193.0, 324338.0, 327511.0, 323892.0, 325348.0, 325935.0, 323169.0, 326523.0, 323427.0, 319887.0, 319586.0, 328058.0, 325195.0, 320712.0, 327210.0, 321003.0, 325451.0, 327349.0, 321084.0, 320686.0, 322295.0, 322369.0, 323242.0, 321872.0, 322242.0, 322096.0, 320807.0, 321607.0, 324388.0, 325195.0, 321336.0, 320850.0, 323605.0, 319857.0, 322007.0, 322278.0, 325645.0, 320070.0, 325304.0, 324144.0, 323775.0, 323510.0, 325399.0, 323448.0, 324866.0, 323241.0, 324960.0, 324038.0, 319516.0, 322462.0, 326106.0, 321457.0, 325082.0, 321545.0, 324754.0, 325555.0, 328948.0, 322047.0, 323422.0, 322104.0, 328997.0, 327311.0, 322829.0, 322921.0, 320573.0, 320348.0, 327944.0, 321885.0, 324768.0, 322740.0, 322790.0, 321957.0, 321973.0, 323950.0, 323262.0, 323193.0, 324857.0, 324967.0, 322712.0, 323269.0, 327409.0, 320318.0, 319240.0, 326271.0, 321957.0, 326746.0, 320108.0, 321419.0, 327821.0, 325502.0, 324318.0, 327062.0, 323827.0, 321280.0, 322000.0, 322952.0, 322001.0, 320467.0, 321205.0, 324656.0, 323899.0, 327627.0, 327296.0, 320681.0, 324651.0, 319458.0, 322239.0, 320808.0, 323082.0, 325299.0, 317168.0, 322838.0, 321956.0, 325210.0, 321257.0, 317443.0, 326571.0, 319814.0, 323359.0, 322356.0, 317504.0, 322093.0, 319778.0, 319455.0, 320022.0, 321442.0, 326133.0, 319490.0, 319373.0, 316561.0, 317802.0, 325974.0, 319149.0, 321719.0, 323926.0, 318839.0, 321589.0, 325247.0, 322187.0, 321139.0, 323293.0, 319555.0, 319603.0, 322639.0, 321200.0, 322534.0, 319992.0, 320422.0, 322259.0, 322320.0, 320453.0, 322962.0, 321717.0, 319664.0, 324181.0, 321136.0, 323374.0, 321410.0, 320109.0, 320497.0, 323209.0, 321272.0, 322965.0, 320638.0, 323095.0, 318935.0, 318503.0, 321219.0, 324752.0, 320072.0, 319049.0, 319876.0, 326049.0, 323940.0, 320998.0, 322500.0, 318312.0, 322633.0, 325343.0, 322852.0, 318082.0, 324328.0, 323162.0, 317279.0, 317736.0, 322249.0, 322668.0, 319776.0, 328586.0, 316931.0, 322801.0, 321525.0, 318650.0, 320577.0, 319253.0, 318030.0, 320760.0, 323289.0, 322242.0, 319146.0, 320056.0, 322935.0, 322838.0, 318605.0, 318297.0, 323617.0, 323893.0, 321444.0, 325272.0, 321111.0, 324459.0, 321832.0, 322114.0, 317628.0, 317752.0, 322614.0, 316340.0, 322419.0, 320835.0, 318410.0, 323985.0, 321187.0, 324048.0, 322100.0, 318901.0, 319035.0, 319219.0, 319120.0, 324351.0, 319516.0, 322197.0, 319786.0, 316672.0, 317277.0, 319635.0, 321301.0, 322212.0, 321794.0, 319235.0, 322433.0, 320722.0, 322515.0, 319486.0, 319272.0, 324571.0, 316699.0, 320586.0, 319650.0, 325044.0, 322902.0, 322809.0, 320392.0, 322749.0, 318719.0, 322241.0, 322549.0, 322318.0, 317938.0, 320421.0, 324447.0, 323389.0, 321671.0, 321939.0, 318483.0, 316302.0, 318855.0, 324256.0, 321309.0, 322232.0, 319474.0, 323928.0, 324710.0, 319642.0, 321974.0, 318246.0, 320008.0, 316864.0, 321023.0, 320843.0, 317354.0, 325036.0, 320897.0, 320295.0, 318205.0, 321527.0, 320535.0, 316592.0, 323937.0, 324057.0, 318482.0, 320832.0, 316982.0, 321278.0, 320194.0, 320983.0, 321950.0, 317905.0, 320762.0, 321396.0, 322732.0, 325139.0, 322276.0, 322878.0, 324092.0, 318241.0, 324761.0, 317499.0, 320012.0, 320340.0, 321948.0, 321011.0, 318758.0, 322294.0, 322631.0, 319827.0, 325780.0, 320393.0, 319482.0, 318323.0, 323857.0, 322458.0, 324198.0, 321459.0, 320849.0, 321614.0, 321462.0, 320511.0, 320537.0, 318259.0, 322032.0, 325217.0, 317180.0, 323408.0, 317342.0, 321821.0, 323033.0, 320838.0, 320543.0, 320870.0, 319727.0, 321863.0, 321670.0, 323832.0, 320244.0, 318154.0, 323224.0, 325382.0, 317523.0, 324145.0, 322368.0, 322981.0, 315914.0, 319315.0, 316226.0, 321558.0, 320260.0, 323353.0, 321959.0, 317907.0, 321453.0, 321000.0, 321509.0, 320168.0, 320863.0, 321630.0, 322887.0, 320566.0, 317878.0, 324037.0, 321395.0, 321990.0, 318549.0, 321998.0]
cong_K= Any[3, 3, 3, 3, 3, 3, 3, 3, 3, 3, 3, 3, 3, 3, 3, 3, 3, 3, 3, 3, 3, 3, 3, 3, 3, 3, 3] 
obj_k= Any[358173, 348340, 342707, 337144, 335776, 334430, 332648, 331919, 330397, 329799, 329076, 327236, 325112, 323857, 322285, 322259, 322042, 321450, 320240, 320034, 318813, 318796, 317168, 316561, 316340, 316302, 315914] 
iter_obj = Any[1, 2, 3, 4, 5, 7, 8, 9, 11, 19, 20, 27, 34, 38, 44, 60, 78, 84, 86, 97, 106, 195, 338, 357, 444, 492, 579] 
avgClusterDiam = 2674.133333333333 
maxClusterDiam = 3870.0 
clusterDiamete = [3302.0; 2695.0; 3775.0; 2149.0; 2527.0; 2223.0; 3033.0; 2263.0; 2779.0; 3870.0; 2216.0; 2253.0; 3319.0; 2159.0; 1549.0]   
C = [0, 0, 0, 0, 0, 0, 0, 0, 0, 0, 0, 0, 0, 1, 0, 0, 0, 0, 0, 1, 0, 0, 0, 0, 0, 0, 0, 0, 0, 0, 0, 0, 0, 0, 0, 0, 0, 0, 0, 0, 0, 0, 0, 0, 0, 0, 0, 0, 0, 0, 0, 0, 0, 0, 0, 0, 0, 0, 0, 0, 0, 0, 0, 0, 0, 1, 0, 0, 0, 0, 0, 0, 0, 0, 0, 0, 0, 0, 0, 0, 1, 0, 0, 0, 0, 0, 1, 0, 0, 0, 0, 0, 0, 0, 0, 0, 0, 0, 0, 0, 0, 0, 0, 0, 0, 0, 0, 0, 0, 0, 0, 0, 0, 0, 0, 0, 0, 0, 0, 0, 0, 0, 0, 0, 0, 0, 0, 0, 0, 0, 0, 0, 0, 0, 0, 0, 0, 0, 0, 0, 0, 0, 1, 0, 0, 0, 0, 0, 0, 0, 0, 0, 0, 0, 0, 0, 0, 0, 0, 0, 0, 0, 0, 0, 0, 0, 0, 0, 0, 0, 0, 0, 0, 0, 0, 0, 0, 0, 0, 0, 0, 0, 0, 0, 0, 0, 0, 0, 0, 0, 0, 0, 0, 0, 0, 0, 0, 0, 0, 0, 0, 0, 0, 0, 0, 0, 0, 0, 0, 0, 0, 1, 0, 0, 1, 0, 0, 0, 0, 0, 0, 0, 0, 0, 0, 0, 0, 0, 0, 0, 0, 0, 0, 0, 0, 0, 0, 0, 0, 0, 0, 0, 0, 0, 0, 0, 0, 0, 0, 0, 0, 0, 0, 0, 0, 0, 0, 0, 0, 0, 0, 0, 0, 0, 0, 0, 0, 0, 0, 0, 0, 0, 1, 0, 0, 0, 0, 0, 0, 0, 0, 1, 0, 0, 0, 0, 0, 0, 0, 0, 0, 0, 0, 0, 0, 0, 0, 0, 0, 0, 0, 0, 0, 0, 0, 0, 0, 0, 0, 0, 0, 0, 0, 1, 0, 0, 0, 0, 0, 0, 0, 0, 0, 0, 0, 0, 0, 0, 0, 0, 0, 0, 0, 0, 0, 0, 0, 0, 0, 0, 0, 0, 0, 0, 0, 0, 0, 0, 0, 0, 0, 0, 0, 1, 0, 0, 0, 0, 0, 1, 0, 0, 0, 0, 0, 0, 0, 0, 0, 0, 0, 0, 0, 0, 0, 0, 0, 0, 0, 0, 0, 0, 0, 0, 0, 0, 0, 0, 0, 0, 0, 0, 0, 0, 0, 0, 0, 0, 0, 0, 0, 0, 0, 0, 0, 0, 0, 0, 0, 0, 0, 0, 0, 0, 1, 0, 0, 0, 0, 0, 0, 0, 0, 0, 0, 0, 0, 1, 0, 0, 0, 0, 0, 0, 0, 0, 0, 0, 0, 0, 0, 0, 0, 0, 0, 0, 0, 0, 0, 0, 0, 0]
E = [20, 14, 20, 14, 20, 20, 14, 20, 20, 273, 20, 20, 66, 66, 14, 20, 20, 20, 20, 20, 14, 14, 14, 14, 14, 273, 20, 14, 273, 273, 273, 14, 20, 14, 14, 14, 14, 66, 143, 14, 87, 14, 87, 14, 66, 81, 282, 87, 14, 66, 81, 87, 66, 81, 87, 282, 66, 66, 282, 14, 81, 66, 81, 81, 273, 66, 66, 66, 81, 81, 81, 66, 66, 81, 66, 81, 66, 66, 66, 81, 81, 87, 81, 81, 20, 20, 87, 87, 87, 87, 87, 87, 87, 87, 87, 87, 87, 87, 273, 87, 87, 87, 14, 87, 87, 87, 87, 87, 87, 87, 14, 20, 20, 20, 20, 273, 20, 20, 20, 20, 20, 87, 20, 87, 20, 143, 20, 143, 143, 143, 143, 143, 143, 282, 143, 143, 143, 143, 143, 143, 143, 143, 143, 143, 143, 81, 143, 143, 143, 81, 143, 81, 81, 81, 143, 81, 282, 143, 143, 20, 81, 81, 143, 81, 143, 66, 66, 66, 81, 66, 66, 66, 66, 273, 81, 273, 66, 66, 81, 81, 81, 282, 20, 66, 66, 212, 66, 66, 66, 66, 66, 212, 215, 14, 212, 212, 215, 215, 212, 212, 212, 215, 215, 215, 212, 215, 212, 212, 215, 215, 212, 212, 215, 215, 215, 215, 66, 212, 215, 215, 215, 212, 212, 212, 212, 66, 215, 215, 215, 215, 212, 66, 215, 212, 215, 215, 215, 215, 14, 215, 215, 215, 215, 215, 212, 212, 14, 20, 14, 66, 212, 14, 14, 20, 20, 20, 20, 212, 20, 87, 14, 87, 20, 273, 273, 273, 273, 273, 273, 20, 273, 273, 273, 273, 273, 282, 282, 81, 282, 282, 282, 282, 282, 314, 66, 66, 66, 314, 314, 360, 314, 282, 282, 282, 282, 282, 282, 282, 282, 314, 314, 360, 314, 314, 314, 314, 314, 314, 314, 314, 314, 314, 314, 314, 314, 314, 282, 282, 282, 282, 282, 282, 282, 282, 354, 360, 314, 314, 314, 314, 314, 354, 314, 354, 354, 360, 360, 360, 360, 282, 360, 360, 360, 360, 354, 354, 354, 354, 314, 354, 314, 314, 354, 354, 354, 354, 360, 360, 360, 360, 354, 354, 354, 354, 354, 354, 354, 354, 354, 415, 354, 354, 360, 360, 360, 360, 360, 360, 415, 415, 415, 354, 415, 415, 354, 354, 415, 415, 415, 415, 415, 415, 415, 415, 415, 415, 360, 415, 360, 360, 360, 428, 360, 360, 360, 428, 428, 428, 428, 428, 428, 428, 415, 415, 415, 415, 415, 415, 415, 415, 415, 415, 415, 415, 428, 428, 428, 428, 428, 428, 428, 428, 415, 415, 415, 415, 415, 415, 415, 428, 428, 428, 428, 428, 428, 428, 14, 87, 66, 273, 212, 212]
