n° iter       = 600 
neighborhood_structure = [3] 
Prioridad     = 5 
balance       = 0.2 
Len_N         = 9 
N° clusters   = 15 
N° estaciones = 452 
N° mejoras    = 14
N° iter completadas  = 163
1° FO         = 364550.0
FO            = 320973
Centros       = [53, 95, 115, 145, 181, 210, 220, 251, 265, 293, 313, 358, 367, 414, 428]
Objs= Any[364550.0, 356160, 354542, 346016, 338066, 337622, 337622, 336960, 333870, 333870, 333870, 331496, 331496, 331496, 331496, 331496, 331496, 331496, 331496, 331496, 331496, 331496, 331496, 331496, 331496, 331496, 331496, 331496, 331496, 331496, 326186, 326186, 326186, 326186, 326186, 326186, 326186, 326186, 326186, 324106, 324106, 324106, 324106, 324106, 324106, 324106, 324106, 324106, 324106, 324106, 324106, 324106, 324106, 324106, 324106, 324106, 324106, 324106, 324106, 324106, 324106, 324106, 324106, 324106, 324106, 324106, 324106, 324106, 324106, 324106, 324106, 324106, 324106, 324106, 324106, 323989, 323989, 323989, 323989, 323989, 323989, 323989, 323989, 323989, 323887, 323887, 323887, 323887, 323887, 323887, 323887, 323887, 323887, 323887, 323887, 323887, 323887, 323887, 323887, 323887, 323887, 323887, 323887, 323887, 323069, 323069, 323069, 323069, 323069, 323069, 323069, 323069, 323069, 323069, 323069, 323069, 323069, 323069, 323069, 323069, 323069, 323069, 323069, 323069, 323069, 323069, 323069, 323069, 320973, 320973, 320973, 320973, 320973, 320973, 320973, 320973, 320973, 320973, 320973, 320973, 320973, 320973, 320973, 320973, 320973, 320973, 320973, 320973, 320973, 320973, 320973, 320973, 320973, 320973, 320973, 320973, 320973, 320973, 320973, 320973, 320973, 320973, 320973, 320973]
current_obj = [356160.0, 354542.0, 346016.0, 338066.0, 337622.0, 337839.0, 336960.0, 333870.0, 334229.0, 334233.0, 331496.0, 335417.0, 332808.0, 331575.0, 335765.0, 334907.0, 333135.0, 333233.0, 333237.0, 333696.0, 333680.0, 332758.0, 331751.0, 334202.0, 333679.0, 331977.0, 337222.0, 332309.0, 333791.0, 326186.0, 326466.0, 331427.0, 328822.0, 327681.0, 332016.0, 326483.0, 332492.0, 331561.0, 324106.0, 325493.0, 329342.0, 328647.0, 327294.0, 327099.0, 329684.0, 332882.0, 327541.0, 328627.0, 327585.0, 328994.0, 330328.0, 326328.0, 330161.0, 329155.0, 331870.0, 326591.0, 328511.0, 324970.0, 326194.0, 326439.0, 324180.0, 327649.0, 331045.0, 332319.0, 327562.0, 327915.0, 329738.0, 327721.0, 327335.0, 329379.0, 329920.0, 327054.0, 325848.0, 330275.0, 323989.0, 328693.0, 328202.0, 331843.0, 329068.0, 328255.0, 324265.0, 326522.0, 326919.0, 323887.0, 326920.0, 326229.0, 325830.0, 325625.0, 326008.0, 327270.0, 326403.0, 324948.0, 324041.0, 329380.0, 330209.0, 326340.0, 331861.0, 330467.0, 328160.0, 327311.0, 326603.0, 328938.0, 329049.0, 323069.0, 325390.0, 328767.0, 324641.0, 326077.0, 324519.0, 324390.0, 323790.0, 330648.0, 329598.0, 324323.0, 327045.0, 329259.0, 326590.0, 329552.0, 324783.0, 324514.0, 332381.0, 329185.0, 324967.0, 327142.0, 330931.0, 326140.0, 332256.0, 320973.0, 324864.0, 322542.0, 327429.0, 325826.0, 327277.0, 329515.0, 325614.0, 328315.0, 324181.0, 326201.0, 323611.0, 324250.0, 323586.0, 323285.0, 326800.0, 325572.0, 326823.0, 325296.0, 327978.0, 326614.0, 325480.0, 324471.0, 324405.0, 328368.0, 324957.0, 324497.0, 324094.0, 325482.0, 327567.0, 326883.0, 329539.0, 327934.0, 324344.0, 329217.0, 328175.0, 325314.0, 0.0, 0.0, 0.0, 0.0, 0.0, 0.0, 0.0, 0.0, 0.0, 0.0, 0.0, 0.0, 0.0, 0.0, 0.0, 0.0, 0.0, 0.0, 0.0, 0.0, 0.0, 0.0, 0.0, 0.0, 0.0, 0.0, 0.0, 0.0, 0.0, 0.0, 0.0, 0.0, 0.0, 0.0, 0.0, 0.0, 0.0, 0.0, 0.0, 0.0, 0.0, 0.0, 0.0, 0.0, 0.0, 0.0, 0.0, 0.0, 0.0, 0.0, 0.0, 0.0, 0.0, 0.0, 0.0, 0.0, 0.0, 0.0, 0.0, 0.0, 0.0, 0.0, 0.0, 0.0, 0.0, 0.0, 0.0, 0.0, 0.0, 0.0, 0.0, 0.0, 0.0, 0.0, 0.0, 0.0, 0.0, 0.0, 0.0, 0.0, 0.0, 0.0, 0.0, 0.0, 0.0, 0.0, 0.0, 0.0, 0.0, 0.0, 0.0, 0.0, 0.0, 0.0, 0.0, 0.0, 0.0, 0.0, 0.0, 0.0, 0.0, 0.0, 0.0, 0.0, 0.0, 0.0, 0.0, 0.0, 0.0, 0.0, 0.0, 0.0, 0.0, 0.0, 0.0, 0.0, 0.0, 0.0, 0.0, 0.0, 0.0, 0.0, 0.0, 0.0, 0.0, 0.0, 0.0, 0.0, 0.0, 0.0, 0.0, 0.0, 0.0, 0.0, 0.0, 0.0, 0.0, 0.0, 0.0, 0.0, 0.0, 0.0, 0.0, 0.0, 0.0, 0.0, 0.0, 0.0, 0.0, 0.0, 0.0, 0.0, 0.0, 0.0, 0.0, 0.0, 0.0, 0.0, 0.0, 0.0, 0.0, 0.0, 0.0, 0.0, 0.0, 0.0, 0.0, 0.0, 0.0, 0.0, 0.0, 0.0, 0.0, 0.0, 0.0, 0.0, 0.0, 0.0, 0.0, 0.0, 0.0, 0.0, 0.0, 0.0, 0.0, 0.0, 0.0, 0.0, 0.0, 0.0, 0.0, 0.0, 0.0, 0.0, 0.0, 0.0, 0.0, 0.0, 0.0, 0.0, 0.0, 0.0, 0.0, 0.0, 0.0, 0.0, 0.0, 0.0, 0.0, 0.0, 0.0, 0.0, 0.0, 0.0, 0.0, 0.0, 0.0, 0.0, 0.0, 0.0, 0.0, 0.0, 0.0, 0.0, 0.0, 0.0, 0.0, 0.0, 0.0, 0.0, 0.0, 0.0, 0.0, 0.0, 0.0, 0.0, 0.0, 0.0, 0.0, 0.0, 0.0, 0.0, 0.0, 0.0, 0.0, 0.0, 0.0, 0.0, 0.0, 0.0, 0.0, 0.0, 0.0, 0.0, 0.0, 0.0, 0.0, 0.0, 0.0, 0.0, 0.0, 0.0, 0.0, 0.0, 0.0, 0.0, 0.0, 0.0, 0.0, 0.0, 0.0, 0.0, 0.0, 0.0, 0.0, 0.0, 0.0, 0.0, 0.0, 0.0, 0.0, 0.0, 0.0, 0.0, 0.0, 0.0, 0.0, 0.0, 0.0, 0.0, 0.0, 0.0, 0.0, 0.0, 0.0, 0.0, 0.0, 0.0, 0.0, 0.0, 0.0, 0.0, 0.0, 0.0, 0.0, 0.0, 0.0, 0.0, 0.0, 0.0, 0.0, 0.0, 0.0, 0.0, 0.0, 0.0, 0.0, 0.0, 0.0, 0.0, 0.0, 0.0, 0.0, 0.0, 0.0, 0.0, 0.0, 0.0, 0.0, 0.0, 0.0, 0.0, 0.0, 0.0, 0.0, 0.0, 0.0, 0.0, 0.0, 0.0, 0.0, 0.0, 0.0, 0.0, 0.0, 0.0, 0.0, 0.0, 0.0, 0.0, 0.0, 0.0, 0.0, 0.0, 0.0, 0.0, 0.0, 0.0, 0.0, 0.0, 0.0, 0.0, 0.0, 0.0, 0.0, 0.0, 0.0, 0.0, 0.0, 0.0, 0.0, 0.0, 0.0, 0.0, 0.0, 0.0, 0.0, 0.0, 0.0, 0.0, 0.0, 0.0, 0.0, 0.0, 0.0, 0.0, 0.0, 0.0, 0.0, 0.0, 0.0, 0.0, 0.0, 0.0, 0.0, 0.0, 0.0, 0.0, 0.0, 0.0, 0.0, 0.0, 0.0, 0.0, 0.0, 0.0, 0.0, 0.0, 0.0, 0.0, 0.0, 0.0, 0.0, 0.0, 0.0, 0.0, 0.0, 0.0, 0.0, 0.0, 0.0, 0.0, 0.0, 0.0, 0.0, 0.0, 0.0, 0.0, 0.0, 0.0, 0.0, 0.0, 0.0, 0.0, 0.0, 0.0]
cong_K= Any[3, 3, 3, 3, 3, 3, 3, 3, 3, 3, 3, 3, 3, 3] 
obj_k= Any[356160, 354542, 346016, 338066, 337622, 336960, 333870, 331496, 326186, 324106, 323989, 323887, 323069, 320973] 
iter_obj = Any[1, 2, 3, 4, 5, 7, 8, 11, 30, 39, 75, 84, 104, 128] 
avgClusterDiam = 2569.266666666667 
maxClusterDiam = 3579.0 
clusterDiamete = [2983.0; 2152.0; 2395.0; 2739.0; 2730.0; 3495.0; 2263.0; 2831.0; 2892.0; 3579.0; 1909.0; 3197.0; 2162.0; 1663.0; 1549.0]   
C = [0, 0, 0, 0, 0, 0, 0, 0, 0, 0, 0, 0, 0, 0, 0, 0, 0, 0, 0, 0, 0, 0, 0, 0, 0, 0, 0, 0, 0, 0, 0, 0, 0, 0, 0, 0, 0, 0, 0, 0, 0, 0, 0, 0, 0, 0, 0, 0, 0, 0, 0, 0, 1, 0, 0, 0, 0, 0, 0, 0, 0, 0, 0, 0, 0, 0, 0, 0, 0, 0, 0, 0, 0, 0, 0, 0, 0, 0, 0, 0, 0, 0, 0, 0, 0, 0, 0, 0, 0, 0, 0, 0, 0, 0, 1, 0, 0, 0, 0, 0, 0, 0, 0, 0, 0, 0, 0, 0, 0, 0, 0, 0, 0, 0, 1, 0, 0, 0, 0, 0, 0, 0, 0, 0, 0, 0, 0, 0, 0, 0, 0, 0, 0, 0, 0, 0, 0, 0, 0, 0, 0, 0, 0, 0, 1, 0, 0, 0, 0, 0, 0, 0, 0, 0, 0, 0, 0, 0, 0, 0, 0, 0, 0, 0, 0, 0, 0, 0, 0, 0, 0, 0, 0, 0, 0, 0, 0, 0, 0, 0, 1, 0, 0, 0, 0, 0, 0, 0, 0, 0, 0, 0, 0, 0, 0, 0, 0, 0, 0, 0, 0, 0, 0, 0, 0, 0, 0, 0, 0, 1, 0, 0, 0, 0, 0, 0, 0, 0, 0, 1, 0, 0, 0, 0, 0, 0, 0, 0, 0, 0, 0, 0, 0, 0, 0, 0, 0, 0, 0, 0, 0, 0, 0, 0, 0, 0, 0, 0, 0, 0, 1, 0, 0, 0, 0, 0, 0, 0, 0, 0, 0, 0, 0, 0, 1, 0, 0, 0, 0, 0, 0, 0, 0, 0, 0, 0, 0, 0, 0, 0, 0, 0, 0, 0, 0, 0, 0, 0, 0, 0, 0, 0, 1, 0, 0, 0, 0, 0, 0, 0, 0, 0, 0, 0, 0, 0, 0, 0, 0, 0, 0, 0, 1, 0, 0, 0, 0, 0, 0, 0, 0, 0, 0, 0, 0, 0, 0, 0, 0, 0, 0, 0, 0, 0, 0, 0, 0, 0, 0, 0, 0, 0, 0, 0, 0, 0, 0, 0, 0, 0, 0, 0, 0, 0, 0, 0, 0, 1, 0, 0, 0, 0, 0, 0, 0, 0, 1, 0, 0, 0, 0, 0, 0, 0, 0, 0, 0, 0, 0, 0, 0, 0, 0, 0, 0, 0, 0, 0, 0, 0, 0, 0, 0, 0, 0, 0, 0, 0, 0, 0, 0, 0, 0, 0, 0, 0, 0, 0, 0, 0, 0, 0, 0, 1, 0, 0, 0, 0, 0, 0, 0, 0, 0, 0, 0, 0, 0, 1, 0, 0, 0, 0, 0, 0, 0, 0, 0, 0, 0, 0, 0, 0, 0, 0, 0, 0, 0, 0, 0, 0, 0, 0]
E = [251, 251, 115, 251, 115, 115, 251, 115, 115, 265, 115, 115, 53, 0, 251, 251, 115, 115, 115, 115, 251, 251, 251, 251, 251, 115, 115, 53, 265, 265, 265, 53, 145, 251, 251, 53, 53, 181, 145, 115, 95, 251, 265, 53, 53, 181, 145, 265, 53, 53, 0, 95, 53, 181, 265, 293, 53, 53, 293, 53, 181, 53, 181, 145, 265, 53, 53, 181, 293, 181, 181, 53, 53, 293, 53, 181, 181, 53, 181, 181, 0, 265, 181, 181, 115, 115, 265, 95, 95, 95, 95, 95, 95, 95, 95, 95, 95, 115, 265, 95, 95, 95, 251, 95, 95, 95, 115, 95, 95, 95, 251, 115, 115, 115, 115, 115, 115, 115, 115, 115, 115, 95, 115, 115, 115, 145, 115, 145, 145, 145, 145, 145, 115, 145, 145, 145, 145, 145, 145, 145, 145, 145, 145, 145, 145, 145, 145, 145, 145, 145, 145, 145, 145, 145, 145, 145, 293, 145, 145, 251, 145, 145, 145, 0, 145, 53, 181, 181, 181, 0, 181, 181, 181, 115, 181, 265, 53, 181, 181, 181, 181, 293, 251, 53, 53, 53, 53, 53, 53, 53, 53, 210, 220, 251, 210, 210, 220, 220, 210, 210, 210, 210, 210, 210, 251, 220, 0, 210, 220, 210, 210, 210, 220, 220, 210, 210, 53, 210, 220, 220, 220, 210, 210, 251, 251, 53, 220, 210, 220, 210, 210, 251, 210, 210, 210, 220, 220, 220, 251, 220, 220, 210, 210, 210, 210, 251, 251, 251, 251, 53, 251, 251, 251, 115, 251, 115, 251, 210, 265, 95, 0, 95, 115, 265, 265, 265, 265, 265, 265, 265, 265, 265, 265, 265, 265, 0, 145, 293, 293, 145, 293, 293, 293, 181, 181, 181, 181, 313, 313, 313, 293, 293, 293, 293, 293, 293, 293, 293, 293, 293, 313, 358, 358, 313, 313, 313, 313, 313, 313, 313, 313, 313, 313, 313, 313, 313, 293, 293, 293, 293, 293, 358, 293, 293, 358, 367, 313, 313, 313, 313, 313, 313, 313, 367, 358, 358, 358, 358, 358, 293, 358, 358, 358, 358, 358, 358, 313, 313, 313, 367, 367, 313, 367, 367, 367, 358, 358, 358, 358, 358, 367, 367, 367, 367, 367, 367, 367, 367, 367, 367, 367, 358, 358, 358, 358, 358, 358, 358, 414, 414, 367, 367, 367, 367, 367, 367, 367, 367, 414, 414, 414, 414, 414, 414, 414, 414, 414, 414, 358, 358, 358, 428, 358, 358, 358, 428, 428, 428, 428, 428, 428, 428, 414, 414, 414, 414, 367, 367, 414, 414, 414, 414, 414, 414, 414, 428, 428, 428, 428, 428, 428, 428, 414, 414, 414, 414, 414, 414, 414, 428, 428, 428, 428, 428, 428, 428, 53, 95, 53, 265, 210, 251]
