n° iter       = 600 
neighborhood_structure = [1] 
Prioridad     = 5 
balance       = 0.2 
Len_N         = 9 
N° clusters   = 15 
N° estaciones = 452 
N° mejoras    = 48
N° iter completadas  = 197
1° FO         = 362520.0
FO            = 312553
Centros       = [19, 28, 66, 87, 140, 154, 215, 218, 264, 299, 313, 360, 369, 414, 428]
Objs= Any[362520.0, 358314, 354996, 352894, 349082, 345160, 344440, 343161, 340081, 340081, 337009, 336908, 334599, 334599, 334599, 332940, 331348, 331348, 331348, 331195, 331195, 329892, 326474, 326474, 326474, 326474, 326474, 326389, 326252, 326252, 326252, 326252, 325356, 325356, 325328, 325328, 325328, 325328, 322809, 321889, 321671, 321666, 321666, 320364, 320364, 318782, 318782, 318294, 318294, 318294, 318294, 318294, 318294, 318294, 318117, 318117, 318117, 318117, 318117, 317910, 317910, 317910, 317910, 317837, 317837, 317837, 317837, 317739, 317739, 317739, 317739, 317601, 317601, 317601, 317601, 317601, 317193, 317193, 317193, 317193, 317193, 317193, 317193, 317193, 317193, 317193, 317193, 317144, 317144, 316749, 316749, 316749, 316749, 316749, 316749, 316749, 316124, 316124, 316124, 315552, 315552, 315552, 315552, 315552, 315552, 315552, 315552, 315552, 315188, 315188, 315188, 315188, 315188, 315188, 315188, 315188, 315188, 315184, 315184, 315184, 315184, 314997, 314824, 314824, 314824, 314824, 314812, 314812, 314812, 314812, 314575, 314575, 314575, 314575, 314575, 314575, 314575, 314575, 314575, 314575, 313301, 313301, 313293, 313293, 313293, 313293, 313293, 313293, 313293, 313293, 313293, 313293, 313293, 313293, 313293, 313293, 313293, 313293, 313293, 313293, 313293, 313293, 313293, 312770, 312770, 312770, 312770, 312770, 312770, 312770, 312770, 312770, 312770, 312574, 312574, 312574, 312574, 312574, 312574, 312574, 312574, 312574, 312574, 312574, 312574, 312574, 312574, 312574, 312574, 312574, 312574, 312553, 312553, 312553, 312553, 312553, 312553, 312553]
current_obj = [358314.0, 354996.0, 352894.0, 349082.0, 345160.0, 344440.0, 343161.0, 340081.0, 341145.0, 337009.0, 336908.0, 334599.0, 335256.0, 335797.0, 332940.0, 331348.0, 332186.0, 332242.0, 331195.0, 331820.0, 329892.0, 326474.0, 326506.0, 327252.0, 326929.0, 328131.0, 326389.0, 326252.0, 326602.0, 326284.0, 326627.0, 325356.0, 326143.0, 325328.0, 326920.0, 326809.0, 327115.0, 322809.0, 321889.0, 321671.0, 321666.0, 322927.0, 320364.0, 320621.0, 318782.0, 320313.0, 318294.0, 319522.0, 318417.0, 318873.0, 318575.0, 318375.0, 318873.0, 318117.0, 318344.0, 318214.0, 318837.0, 318145.0, 317910.0, 319701.0, 318265.0, 318352.0, 317837.0, 318535.0, 318187.0, 318413.0, 317739.0, 318669.0, 319724.0, 318220.0, 317601.0, 318082.0, 317623.0, 318645.0, 317806.0, 317193.0, 318123.0, 317331.0, 318238.0, 317522.0, 318757.0, 317622.0, 318685.0, 318757.0, 317468.0, 318161.0, 317144.0, 317959.0, 316749.0, 318702.0, 318447.0, 318285.0, 316892.0, 317899.0, 317900.0, 316124.0, 317230.0, 317614.0, 315552.0, 315655.0, 316567.0, 316124.0, 316786.0, 315720.0, 315641.0, 316188.0, 316633.0, 315188.0, 315902.0, 316182.0, 316289.0, 315387.0, 315673.0, 315899.0, 315758.0, 315673.0, 315184.0, 315738.0, 315613.0, 315835.0, 314997.0, 314824.0, 315409.0, 315537.0, 314927.0, 314812.0, 316491.0, 314824.0, 316584.0, 314575.0, 314647.0, 314885.0, 316254.0, 316163.0, 314659.0, 315171.0, 315544.0, 315856.0, 315536.0, 313301.0, 313333.0, 313293.0, 313377.0, 313729.0, 313799.0, 313446.0, 313778.0, 313886.0, 313368.0, 313442.0, 313830.0, 314060.0, 314612.0, 314040.0, 314814.0, 313404.0, 313442.0, 313712.0, 313477.0, 313442.0, 314263.0, 314057.0, 312770.0, 313554.0, 313162.0, 312813.0, 312881.0, 313387.0, 314402.0, 314463.0, 313121.0, 313235.0, 312574.0, 313654.0, 312788.0, 312716.0, 312788.0, 313027.0, 313524.0, 312882.0, 312646.0, 314243.0, 313132.0, 313405.0, 314470.0, 312716.0, 312678.0, 315494.0, 313499.0, 312658.0, 312553.0, 313659.0, 314647.0, 312861.0, 312688.0, 314345.0, 313512.0, 312906.0, 0.0, 0.0, 0.0, 0.0, 0.0, 0.0, 0.0, 0.0, 0.0, 0.0, 0.0, 0.0, 0.0, 0.0, 0.0, 0.0, 0.0, 0.0, 0.0, 0.0, 0.0, 0.0, 0.0, 0.0, 0.0, 0.0, 0.0, 0.0, 0.0, 0.0, 0.0, 0.0, 0.0, 0.0, 0.0, 0.0, 0.0, 0.0, 0.0, 0.0, 0.0, 0.0, 0.0, 0.0, 0.0, 0.0, 0.0, 0.0, 0.0, 0.0, 0.0, 0.0, 0.0, 0.0, 0.0, 0.0, 0.0, 0.0, 0.0, 0.0, 0.0, 0.0, 0.0, 0.0, 0.0, 0.0, 0.0, 0.0, 0.0, 0.0, 0.0, 0.0, 0.0, 0.0, 0.0, 0.0, 0.0, 0.0, 0.0, 0.0, 0.0, 0.0, 0.0, 0.0, 0.0, 0.0, 0.0, 0.0, 0.0, 0.0, 0.0, 0.0, 0.0, 0.0, 0.0, 0.0, 0.0, 0.0, 0.0, 0.0, 0.0, 0.0, 0.0, 0.0, 0.0, 0.0, 0.0, 0.0, 0.0, 0.0, 0.0, 0.0, 0.0, 0.0, 0.0, 0.0, 0.0, 0.0, 0.0, 0.0, 0.0, 0.0, 0.0, 0.0, 0.0, 0.0, 0.0, 0.0, 0.0, 0.0, 0.0, 0.0, 0.0, 0.0, 0.0, 0.0, 0.0, 0.0, 0.0, 0.0, 0.0, 0.0, 0.0, 0.0, 0.0, 0.0, 0.0, 0.0, 0.0, 0.0, 0.0, 0.0, 0.0, 0.0, 0.0, 0.0, 0.0, 0.0, 0.0, 0.0, 0.0, 0.0, 0.0, 0.0, 0.0, 0.0, 0.0, 0.0, 0.0, 0.0, 0.0, 0.0, 0.0, 0.0, 0.0, 0.0, 0.0, 0.0, 0.0, 0.0, 0.0, 0.0, 0.0, 0.0, 0.0, 0.0, 0.0, 0.0, 0.0, 0.0, 0.0, 0.0, 0.0, 0.0, 0.0, 0.0, 0.0, 0.0, 0.0, 0.0, 0.0, 0.0, 0.0, 0.0, 0.0, 0.0, 0.0, 0.0, 0.0, 0.0, 0.0, 0.0, 0.0, 0.0, 0.0, 0.0, 0.0, 0.0, 0.0, 0.0, 0.0, 0.0, 0.0, 0.0, 0.0, 0.0, 0.0, 0.0, 0.0, 0.0, 0.0, 0.0, 0.0, 0.0, 0.0, 0.0, 0.0, 0.0, 0.0, 0.0, 0.0, 0.0, 0.0, 0.0, 0.0, 0.0, 0.0, 0.0, 0.0, 0.0, 0.0, 0.0, 0.0, 0.0, 0.0, 0.0, 0.0, 0.0, 0.0, 0.0, 0.0, 0.0, 0.0, 0.0, 0.0, 0.0, 0.0, 0.0, 0.0, 0.0, 0.0, 0.0, 0.0, 0.0, 0.0, 0.0, 0.0, 0.0, 0.0, 0.0, 0.0, 0.0, 0.0, 0.0, 0.0, 0.0, 0.0, 0.0, 0.0, 0.0, 0.0, 0.0, 0.0, 0.0, 0.0, 0.0, 0.0, 0.0, 0.0, 0.0, 0.0, 0.0, 0.0, 0.0, 0.0, 0.0, 0.0, 0.0, 0.0, 0.0, 0.0, 0.0, 0.0, 0.0, 0.0, 0.0, 0.0, 0.0, 0.0, 0.0, 0.0, 0.0, 0.0, 0.0, 0.0, 0.0, 0.0, 0.0, 0.0, 0.0, 0.0, 0.0, 0.0, 0.0, 0.0, 0.0, 0.0, 0.0, 0.0, 0.0, 0.0, 0.0, 0.0, 0.0, 0.0, 0.0, 0.0, 0.0, 0.0, 0.0, 0.0, 0.0, 0.0, 0.0, 0.0, 0.0, 0.0, 0.0, 0.0, 0.0, 0.0, 0.0, 0.0, 0.0, 0.0, 0.0, 0.0, 0.0, 0.0, 0.0, 0.0, 0.0, 0.0, 0.0, 0.0, 0.0, 0.0, 0.0, 0.0, 0.0, 0.0, 0.0, 0.0, 0.0, 0.0, 0.0, 0.0, 0.0, 0.0, 0.0, 0.0, 0.0, 0.0, 0.0, 0.0, 0.0, 0.0, 0.0, 0.0, 0.0, 0.0, 0.0]
cong_K= Any[1, 1, 1, 1, 1, 1, 1, 1, 1, 1, 1, 1, 1, 1, 1, 1, 1, 1, 1, 1, 1, 1, 1, 1, 1, 1, 1, 1, 1, 1, 1, 1, 1, 1, 1, 1, 1, 1, 1, 1, 1, 1, 1, 1, 1, 1, 1, 1] 
obj_k= Any[358314, 354996, 352894, 349082, 345160, 344440, 343161, 340081, 337009, 336908, 334599, 332940, 331348, 331195, 329892, 326474, 326389, 326252, 325356, 325328, 322809, 321889, 321671, 321666, 320364, 318782, 318294, 318117, 317910, 317837, 317739, 317601, 317193, 317144, 316749, 316124, 315552, 315188, 315184, 314997, 314824, 314812, 314575, 313301, 313293, 312770, 312574, 312553] 
iter_obj = Any[1, 2, 3, 4, 5, 6, 7, 8, 10, 11, 12, 15, 16, 19, 21, 22, 27, 28, 32, 34, 38, 39, 40, 41, 43, 45, 47, 54, 59, 63, 67, 71, 76, 87, 89, 96, 99, 108, 117, 121, 122, 126, 130, 140, 142, 163, 173, 191] 
avgClusterDiam = 2531.266666666667 
maxClusterDiam = 3775.0 
clusterDiamete = [2324.0; 2011.0; 3775.0; 2430.0; 2435.0; 2885.0; 2263.0; 3033.0; 2779.0; 3579.0; 1860.0; 3319.0; 1904.0; 1823.0; 1549.0]   
C = [0, 0, 0, 0, 0, 0, 0, 0, 0, 0, 0, 0, 0, 0, 0, 0, 0, 0, 1, 0, 0, 0, 0, 0, 0, 0, 0, 1, 0, 0, 0, 0, 0, 0, 0, 0, 0, 0, 0, 0, 0, 0, 0, 0, 0, 0, 0, 0, 0, 0, 0, 0, 0, 0, 0, 0, 0, 0, 0, 0, 0, 0, 0, 0, 0, 1, 0, 0, 0, 0, 0, 0, 0, 0, 0, 0, 0, 0, 0, 0, 0, 0, 0, 0, 0, 0, 1, 0, 0, 0, 0, 0, 0, 0, 0, 0, 0, 0, 0, 0, 0, 0, 0, 0, 0, 0, 0, 0, 0, 0, 0, 0, 0, 0, 0, 0, 0, 0, 0, 0, 0, 0, 0, 0, 0, 0, 0, 0, 0, 0, 0, 0, 0, 0, 0, 0, 0, 0, 0, 1, 0, 0, 0, 0, 0, 0, 0, 0, 0, 0, 0, 0, 0, 1, 0, 0, 0, 0, 0, 0, 0, 0, 0, 0, 0, 0, 0, 0, 0, 0, 0, 0, 0, 0, 0, 0, 0, 0, 0, 0, 0, 0, 0, 0, 0, 0, 0, 0, 0, 0, 0, 0, 0, 0, 0, 0, 0, 0, 0, 0, 0, 0, 0, 0, 0, 0, 0, 0, 0, 0, 0, 0, 0, 0, 1, 0, 0, 1, 0, 0, 0, 0, 0, 0, 0, 0, 0, 0, 0, 0, 0, 0, 0, 0, 0, 0, 0, 0, 0, 0, 0, 0, 0, 0, 0, 0, 0, 0, 0, 0, 0, 0, 0, 0, 0, 0, 0, 0, 0, 0, 0, 0, 0, 1, 0, 0, 0, 0, 0, 0, 0, 0, 0, 0, 0, 0, 0, 0, 0, 0, 0, 0, 0, 0, 0, 0, 0, 0, 0, 0, 0, 0, 0, 0, 0, 0, 0, 0, 1, 0, 0, 0, 0, 0, 0, 0, 0, 0, 0, 0, 0, 0, 1, 0, 0, 0, 0, 0, 0, 0, 0, 0, 0, 0, 0, 0, 0, 0, 0, 0, 0, 0, 0, 0, 0, 0, 0, 0, 0, 0, 0, 0, 0, 0, 0, 0, 0, 0, 0, 0, 0, 0, 0, 0, 0, 0, 0, 0, 0, 1, 0, 0, 0, 0, 0, 0, 0, 0, 1, 0, 0, 0, 0, 0, 0, 0, 0, 0, 0, 0, 0, 0, 0, 0, 0, 0, 0, 0, 0, 0, 0, 0, 0, 0, 0, 0, 0, 0, 0, 0, 0, 0, 0, 0, 0, 0, 0, 0, 0, 0, 0, 0, 0, 1, 0, 0, 0, 0, 0, 0, 0, 0, 0, 0, 0, 0, 0, 1, 0, 0, 0, 0, 0, 0, 0, 0, 0, 0, 0, 0, 0, 0, 0, 0, 0, 0, 0, 0, 0, 0, 0, 0]
E = [19, 28, 19, 19, 19, 19, 28, 19, 19, 264, 19, 19, 66, 66, 28, 19, 19, 19, 19, 19, 28, 28, 28, 28, 19, 264, 19, 28, 264, 264, 264, 28, 19, 28, 28, 28, 28, 154, 19, 28, 87, 28, 87, 28, 28, 154, 140, 87, 28, 28, 154, 87, 66, 154, 87, 299, 66, 66, 299, 28, 154, 66, 154, 154, 264, 66, 66, 66, 154, 154, 154, 66, 66, 299, 66, 154, 66, 66, 66, 154, 154, 87, 154, 154, 19, 19, 87, 87, 87, 87, 87, 87, 87, 87, 87, 87, 87, 87, 264, 87, 87, 87, 19, 87, 87, 87, 87, 87, 87, 87, 19, 87, 19, 19, 19, 264, 19, 19, 19, 19, 19, 87, 19, 140, 19, 140, 140, 140, 140, 140, 140, 140, 140, 140, 140, 140, 140, 140, 140, 140, 140, 154, 140, 140, 140, 154, 140, 140, 140, 154, 140, 154, 154, 154, 140, 154, 154, 140, 140, 19, 154, 154, 140, 154, 154, 66, 66, 66, 154, 66, 66, 66, 66, 264, 154, 264, 66, 66, 154, 154, 66, 299, 19, 66, 66, 218, 66, 66, 66, 66, 66, 218, 215, 28, 218, 218, 215, 215, 218, 218, 218, 215, 215, 215, 218, 215, 218, 218, 215, 215, 218, 218, 215, 215, 215, 215, 66, 218, 215, 215, 215, 218, 218, 218, 218, 66, 215, 215, 215, 215, 218, 66, 215, 218, 215, 215, 215, 215, 28, 215, 215, 215, 215, 215, 218, 218, 66, 28, 28, 66, 218, 66, 28, 19, 19, 19, 19, 218, 19, 87, 28, 87, 19, 264, 264, 264, 264, 264, 264, 87, 264, 264, 264, 264, 264, 154, 154, 154, 299, 140, 154, 154, 299, 299, 154, 66, 66, 313, 313, 360, 299, 299, 299, 299, 299, 299, 299, 299, 299, 299, 313, 360, 313, 313, 313, 313, 313, 313, 313, 313, 313, 313, 313, 313, 313, 313, 299, 299, 299, 299, 299, 299, 299, 299, 299, 360, 313, 313, 313, 313, 313, 313, 313, 369, 369, 360, 360, 360, 360, 299, 360, 360, 360, 360, 369, 369, 369, 369, 313, 369, 313, 313, 369, 369, 369, 369, 360, 360, 360, 360, 369, 369, 369, 369, 369, 369, 369, 369, 369, 369, 369, 369, 360, 360, 360, 360, 360, 360, 414, 414, 369, 369, 369, 369, 369, 369, 369, 369, 369, 414, 414, 414, 414, 414, 414, 414, 414, 414, 360, 360, 360, 428, 360, 360, 360, 428, 428, 428, 428, 428, 428, 428, 414, 414, 414, 414, 369, 414, 414, 414, 414, 414, 414, 414, 414, 428, 428, 428, 428, 428, 428, 428, 414, 414, 414, 414, 414, 414, 414, 428, 428, 428, 428, 428, 428, 428, 28, 87, 66, 264, 218, 218]
