n° iter       = 600 
neighborhood_structure = [1] 
Prioridad     = 5 
balance       = 0.2 
Len_N         = 3 
N° clusters   = 15 
N° estaciones = 452 
N° mejoras    = 38
N° iter completadas  = 187
1° FO         = 403576.0
FO            = 317274
Centros       = [4, 66, 80, 101, 118, 145, 214, 223, 265, 293, 313, 358, 382, 424, 429]
Objs= Any[403576.0, 400252, 388105, 382904, 367635, 365638, 364953, 363150, 357758, 354420, 354420, 352058, 351679, 347678, 342442, 342442, 342442, 342442, 341559, 341559, 341559, 338241, 337662, 337662, 336563, 334990, 334990, 334769, 334769, 334769, 331230, 331230, 331230, 331230, 331230, 330979, 330549, 330549, 330549, 330549, 330549, 330549, 330549, 327176, 327037, 326992, 326992, 326992, 324264, 324264, 324264, 324264, 324264, 324264, 324264, 323852, 323852, 323852, 323852, 323337, 323337, 323162, 323162, 323162, 323162, 323162, 323162, 323162, 323162, 323162, 322344, 322344, 322344, 322344, 322344, 322344, 322344, 322344, 322344, 322344, 322344, 322344, 322344, 322344, 322326, 322326, 322326, 322326, 322326, 322326, 321708, 321708, 321708, 321708, 321708, 321708, 321708, 321708, 321708, 321708, 321708, 321708, 321708, 321708, 321708, 321708, 321708, 321708, 321708, 321708, 321129, 321129, 320322, 320322, 320322, 320322, 320322, 320322, 320322, 320322, 320322, 319032, 319032, 319032, 319032, 319032, 319032, 319032, 319032, 319032, 319032, 319032, 319032, 319032, 319032, 318025, 318025, 318025, 317673, 317673, 317673, 317673, 317673, 317673, 317274, 317274, 317274, 317274, 317274, 317274, 317274, 317274, 317274, 317274, 317274, 317274, 317274, 317274, 317274, 317274, 317274, 317274, 317274, 317274, 317274, 317274, 317274, 317274, 317274, 317274, 317274, 317274, 317274, 317274, 317274, 317274, 317274, 317274, 317274, 317274, 317274, 317274, 317274, 317274, 317274, 317274, 317274, 317274]
current_obj = [400252.0, 388105.0, 382904.0, 367635.0, 365638.0, 364953.0, 363150.0, 357758.0, 354420.0, 355105.0, 352058.0, 351679.0, 347678.0, 342442.0, 346119.0, 344936.0, 346397.0, 341559.0, 343797.0, 343418.0, 338241.0, 337662.0, 341229.0, 336563.0, 334990.0, 337252.0, 334769.0, 336472.0, 337063.0, 331230.0, 334332.0, 331511.0, 332748.0, 336207.0, 330979.0, 330549.0, 331787.0, 331330.0, 334745.0, 333118.0, 330565.0, 333554.0, 327176.0, 327037.0, 326992.0, 327131.0, 327362.0, 324264.0, 324739.0, 327489.0, 324387.0, 326772.0, 326833.0, 327115.0, 323852.0, 330234.0, 325790.0, 326650.0, 323337.0, 325207.0, 323162.0, 323568.0, 327332.0, 326796.0, 328976.0, 325747.0, 325067.0, 325032.0, 323544.0, 322344.0, 324792.0, 324423.0, 323408.0, 322405.0, 330581.0, 322534.0, 324225.0, 323047.0, 323772.0, 324008.0, 324484.0, 322957.0, 322995.0, 322326.0, 325587.0, 324243.0, 325159.0, 323466.0, 322344.0, 321708.0, 326136.0, 321808.0, 323589.0, 322433.0, 321808.0, 322593.0, 322359.0, 322589.0, 325405.0, 321963.0, 321913.0, 321937.0, 323517.0, 321943.0, 322764.0, 323032.0, 323924.0, 322990.0, 322121.0, 321129.0, 321493.0, 320322.0, 322164.0, 322049.0, 322842.0, 321150.0, 321012.0, 320474.0, 323882.0, 320686.0, 319032.0, 321395.0, 319223.0, 319183.0, 319578.0, 320053.0, 320918.0, 321870.0, 322323.0, 320080.0, 320080.0, 320620.0, 320312.0, 319578.0, 318025.0, 318297.0, 318857.0, 317673.0, 319354.0, 317778.0, 321322.0, 322661.0, 320097.0, 317274.0, 319705.0, 320664.0, 318866.0, 322400.0, 317989.0, 319133.0, 317441.0, 317989.0, 318609.0, 318208.0, 317603.0, 319253.0, 319009.0, 320312.0, 318074.0, 318268.0, 318054.0, 323043.0, 318257.0, 318940.0, 322747.0, 318487.0, 317591.0, 321670.0, 319480.0, 317866.0, 317622.0, 319224.0, 318005.0, 322400.0, 318240.0, 317931.0, 319752.0, 319031.0, 320350.0, 319427.0, 317846.0, 318612.0, 319775.0, 318384.0, 317363.0, 322241.0, 319717.0, 318168.0, 0.0, 0.0, 0.0, 0.0, 0.0, 0.0, 0.0, 0.0, 0.0, 0.0, 0.0, 0.0, 0.0, 0.0, 0.0, 0.0, 0.0, 0.0, 0.0, 0.0, 0.0, 0.0, 0.0, 0.0, 0.0, 0.0, 0.0, 0.0, 0.0, 0.0, 0.0, 0.0, 0.0, 0.0, 0.0, 0.0, 0.0, 0.0, 0.0, 0.0, 0.0, 0.0, 0.0, 0.0, 0.0, 0.0, 0.0, 0.0, 0.0, 0.0, 0.0, 0.0, 0.0, 0.0, 0.0, 0.0, 0.0, 0.0, 0.0, 0.0, 0.0, 0.0, 0.0, 0.0, 0.0, 0.0, 0.0, 0.0, 0.0, 0.0, 0.0, 0.0, 0.0, 0.0, 0.0, 0.0, 0.0, 0.0, 0.0, 0.0, 0.0, 0.0, 0.0, 0.0, 0.0, 0.0, 0.0, 0.0, 0.0, 0.0, 0.0, 0.0, 0.0, 0.0, 0.0, 0.0, 0.0, 0.0, 0.0, 0.0, 0.0, 0.0, 0.0, 0.0, 0.0, 0.0, 0.0, 0.0, 0.0, 0.0, 0.0, 0.0, 0.0, 0.0, 0.0, 0.0, 0.0, 0.0, 0.0, 0.0, 0.0, 0.0, 0.0, 0.0, 0.0, 0.0, 0.0, 0.0, 0.0, 0.0, 0.0, 0.0, 0.0, 0.0, 0.0, 0.0, 0.0, 0.0, 0.0, 0.0, 0.0, 0.0, 0.0, 0.0, 0.0, 0.0, 0.0, 0.0, 0.0, 0.0, 0.0, 0.0, 0.0, 0.0, 0.0, 0.0, 0.0, 0.0, 0.0, 0.0, 0.0, 0.0, 0.0, 0.0, 0.0, 0.0, 0.0, 0.0, 0.0, 0.0, 0.0, 0.0, 0.0, 0.0, 0.0, 0.0, 0.0, 0.0, 0.0, 0.0, 0.0, 0.0, 0.0, 0.0, 0.0, 0.0, 0.0, 0.0, 0.0, 0.0, 0.0, 0.0, 0.0, 0.0, 0.0, 0.0, 0.0, 0.0, 0.0, 0.0, 0.0, 0.0, 0.0, 0.0, 0.0, 0.0, 0.0, 0.0, 0.0, 0.0, 0.0, 0.0, 0.0, 0.0, 0.0, 0.0, 0.0, 0.0, 0.0, 0.0, 0.0, 0.0, 0.0, 0.0, 0.0, 0.0, 0.0, 0.0, 0.0, 0.0, 0.0, 0.0, 0.0, 0.0, 0.0, 0.0, 0.0, 0.0, 0.0, 0.0, 0.0, 0.0, 0.0, 0.0, 0.0, 0.0, 0.0, 0.0, 0.0, 0.0, 0.0, 0.0, 0.0, 0.0, 0.0, 0.0, 0.0, 0.0, 0.0, 0.0, 0.0, 0.0, 0.0, 0.0, 0.0, 0.0, 0.0, 0.0, 0.0, 0.0, 0.0, 0.0, 0.0, 0.0, 0.0, 0.0, 0.0, 0.0, 0.0, 0.0, 0.0, 0.0, 0.0, 0.0, 0.0, 0.0, 0.0, 0.0, 0.0, 0.0, 0.0, 0.0, 0.0, 0.0, 0.0, 0.0, 0.0, 0.0, 0.0, 0.0, 0.0, 0.0, 0.0, 0.0, 0.0, 0.0, 0.0, 0.0, 0.0, 0.0, 0.0, 0.0, 0.0, 0.0, 0.0, 0.0, 0.0, 0.0, 0.0, 0.0, 0.0, 0.0, 0.0, 0.0, 0.0, 0.0, 0.0, 0.0, 0.0, 0.0, 0.0, 0.0, 0.0, 0.0, 0.0, 0.0, 0.0, 0.0, 0.0, 0.0, 0.0, 0.0, 0.0, 0.0, 0.0, 0.0, 0.0, 0.0, 0.0, 0.0, 0.0, 0.0, 0.0, 0.0, 0.0, 0.0, 0.0, 0.0, 0.0, 0.0, 0.0, 0.0, 0.0, 0.0, 0.0, 0.0, 0.0, 0.0, 0.0, 0.0, 0.0, 0.0, 0.0, 0.0, 0.0, 0.0, 0.0, 0.0, 0.0, 0.0, 0.0, 0.0, 0.0, 0.0, 0.0, 0.0, 0.0, 0.0, 0.0, 0.0, 0.0, 0.0, 0.0, 0.0, 0.0, 0.0, 0.0, 0.0, 0.0, 0.0, 0.0, 0.0, 0.0, 0.0, 0.0, 0.0, 0.0, 0.0, 0.0, 0.0, 0.0, 0.0]
cong_K= Any[1, 1, 1, 1, 1, 1, 1, 1, 1, 1, 1, 1, 1, 1, 1, 1, 1, 1, 1, 1, 1, 1, 1, 1, 1, 1, 1, 1, 1, 1, 1, 1, 1, 1, 1, 1, 1, 1] 
obj_k= Any[400252, 388105, 382904, 367635, 365638, 364953, 363150, 357758, 354420, 352058, 351679, 347678, 342442, 341559, 338241, 337662, 336563, 334990, 334769, 331230, 330979, 330549, 327176, 327037, 326992, 324264, 323852, 323337, 323162, 322344, 322326, 321708, 321129, 320322, 319032, 318025, 317673, 317274] 
iter_obj = Any[1, 2, 3, 4, 5, 6, 7, 8, 9, 11, 12, 13, 14, 18, 21, 22, 24, 25, 27, 30, 35, 36, 43, 44, 45, 48, 55, 59, 61, 70, 84, 90, 110, 112, 121, 135, 138, 144] 
avgClusterDiam = 2548.5333333333333 
maxClusterDiam = 3775.0 
clusterDiamete = [2986.0; 3775.0; 2564.0; 2191.0; 2053.0; 2592.0; 2263.0; 3033.0; 2892.0; 3758.0; 2023.0; 3015.0; 2041.0; 1561.0; 1481.0]   
C = [0, 0, 0, 1, 0, 0, 0, 0, 0, 0, 0, 0, 0, 0, 0, 0, 0, 0, 0, 0, 0, 0, 0, 0, 0, 0, 0, 0, 0, 0, 0, 0, 0, 0, 0, 0, 0, 0, 0, 0, 0, 0, 0, 0, 0, 0, 0, 0, 0, 0, 0, 0, 0, 0, 0, 0, 0, 0, 0, 0, 0, 0, 0, 0, 0, 1, 0, 0, 0, 0, 0, 0, 0, 0, 0, 0, 0, 0, 0, 1, 0, 0, 0, 0, 0, 0, 0, 0, 0, 0, 0, 0, 0, 0, 0, 0, 0, 0, 0, 0, 1, 0, 0, 0, 0, 0, 0, 0, 0, 0, 0, 0, 0, 0, 0, 0, 0, 1, 0, 0, 0, 0, 0, 0, 0, 0, 0, 0, 0, 0, 0, 0, 0, 0, 0, 0, 0, 0, 0, 0, 0, 0, 0, 0, 1, 0, 0, 0, 0, 0, 0, 0, 0, 0, 0, 0, 0, 0, 0, 0, 0, 0, 0, 0, 0, 0, 0, 0, 0, 0, 0, 0, 0, 0, 0, 0, 0, 0, 0, 0, 0, 0, 0, 0, 0, 0, 0, 0, 0, 0, 0, 0, 0, 0, 0, 0, 0, 0, 0, 0, 0, 0, 0, 0, 0, 0, 0, 0, 0, 0, 0, 0, 0, 1, 0, 0, 0, 0, 0, 0, 0, 0, 1, 0, 0, 0, 0, 0, 0, 0, 0, 0, 0, 0, 0, 0, 0, 0, 0, 0, 0, 0, 0, 0, 0, 0, 0, 0, 0, 0, 0, 0, 0, 0, 0, 0, 0, 0, 0, 0, 0, 0, 0, 0, 1, 0, 0, 0, 0, 0, 0, 0, 0, 0, 0, 0, 0, 0, 0, 0, 0, 0, 0, 0, 0, 0, 0, 0, 0, 0, 0, 0, 1, 0, 0, 0, 0, 0, 0, 0, 0, 0, 0, 0, 0, 0, 0, 0, 0, 0, 0, 0, 1, 0, 0, 0, 0, 0, 0, 0, 0, 0, 0, 0, 0, 0, 0, 0, 0, 0, 0, 0, 0, 0, 0, 0, 0, 0, 0, 0, 0, 0, 0, 0, 0, 0, 0, 0, 0, 0, 0, 0, 0, 0, 0, 0, 0, 1, 0, 0, 0, 0, 0, 0, 0, 0, 0, 0, 0, 0, 0, 0, 0, 0, 0, 0, 0, 0, 0, 0, 0, 1, 0, 0, 0, 0, 0, 0, 0, 0, 0, 0, 0, 0, 0, 0, 0, 0, 0, 0, 0, 0, 0, 0, 0, 0, 0, 0, 0, 0, 0, 0, 0, 0, 0, 0, 0, 0, 0, 0, 0, 0, 0, 1, 0, 0, 0, 0, 1, 0, 0, 0, 0, 0, 0, 0, 0, 0, 0, 0, 0, 0, 0, 0, 0, 0, 0, 0, 0, 0, 0, 0]
E = [4, 4, 118, 4, 4, 118, 4, 118, 4, 265, 118, 118, 66, 66, 4, 4, 118, 118, 118, 118, 4, 4, 4, 4, 4, 118, 118, 66, 265, 265, 265, 66, 118, 4, 4, 66, 4, 80, 145, 118, 101, 4, 265, 66, 66, 80, 145, 265, 4, 66, 293, 101, 66, 80, 265, 293, 66, 66, 293, 66, 80, 66, 80, 145, 265, 66, 66, 80, 293, 80, 80, 66, 66, 80, 66, 80, 66, 66, 80, 80, 80, 265, 80, 80, 118, 118, 265, 101, 101, 101, 101, 101, 101, 101, 101, 101, 101, 118, 265, 101, 101, 101, 4, 101, 101, 101, 101, 118, 101, 101, 4, 118, 118, 118, 118, 118, 118, 118, 118, 118, 118, 101, 118, 118, 118, 145, 118, 118, 145, 118, 145, 118, 118, 145, 118, 145, 118, 145, 145, 145, 145, 145, 145, 145, 145, 145, 145, 145, 145, 145, 145, 80, 80, 80, 145, 145, 293, 145, 145, 4, 80, 145, 145, 80, 145, 66, 66, 66, 80, 66, 80, 66, 80, 265, 80, 265, 66, 66, 80, 80, 80, 293, 4, 66, 66, 223, 66, 66, 66, 66, 66, 223, 214, 4, 223, 223, 214, 214, 223, 223, 223, 223, 214, 214, 223, 214, 4, 223, 214, 223, 223, 223, 214, 214, 214, 223, 66, 223, 214, 214, 214, 223, 223, 223, 223, 66, 214, 223, 214, 214, 223, 66, 223, 223, 214, 214, 214, 223, 4, 214, 214, 214, 214, 214, 223, 4, 4, 4, 4, 66, 4, 4, 4, 265, 4, 118, 4, 223, 265, 101, 4, 101, 118, 265, 265, 265, 265, 265, 265, 118, 265, 265, 265, 265, 265, 293, 145, 293, 293, 145, 293, 293, 293, 293, 80, 80, 66, 313, 313, 313, 293, 293, 293, 293, 293, 293, 293, 293, 293, 293, 313, 358, 313, 313, 313, 313, 313, 313, 313, 313, 313, 313, 313, 313, 313, 313, 293, 293, 293, 293, 293, 293, 358, 293, 358, 358, 313, 313, 313, 313, 313, 313, 313, 382, 358, 358, 358, 358, 358, 293, 358, 358, 358, 358, 358, 382, 313, 313, 313, 313, 313, 313, 382, 382, 382, 358, 358, 358, 358, 358, 382, 382, 382, 313, 382, 382, 382, 382, 382, 382, 382, 358, 358, 358, 358, 358, 358, 358, 382, 382, 382, 382, 382, 382, 382, 382, 382, 382, 382, 382, 382, 382, 424, 424, 424, 424, 424, 424, 358, 358, 358, 429, 429, 358, 358, 429, 429, 429, 429, 429, 424, 424, 424, 424, 382, 382, 382, 382, 382, 382, 382, 382, 424, 424, 424, 424, 424, 429, 429, 429, 429, 429, 424, 424, 424, 424, 424, 424, 424, 424, 424, 429, 429, 429, 429, 429, 66, 101, 66, 265, 223, 223]
