n° iter       = 600 
neighborhood_structure = [1] 
Prioridad     = 5 
balance       = 0.2 
Len_N         = 1 
N° clusters   = 15 
N° estaciones = 452 
N° mejoras    = 22
N° iter completadas  = 171
1° FO         = 353535.0
FO            = 317865
Centros       = [21, 66, 96, 115, 140, 152, 218, 221, 275, 299, 309, 357, 389, 428, 435]
Objs= Any[353535.0, 350847, 347320, 347320, 347320, 343882, 343882, 343882, 338966, 338966, 336555, 336555, 336555, 336555, 336555, 336555, 336131, 336131, 336131, 336131, 336131, 334719, 334719, 334719, 331668, 331668, 331668, 329284, 329284, 329284, 329284, 328712, 328712, 328712, 328712, 328712, 328712, 328712, 328712, 328712, 326966, 326966, 326966, 326966, 326966, 325838, 324813, 324813, 324813, 324813, 324813, 324813, 324813, 324813, 324813, 324813, 324813, 324813, 324813, 324813, 324813, 324813, 324813, 324813, 324813, 324813, 324813, 324813, 323547, 323547, 323547, 323547, 323547, 323547, 323375, 323211, 322764, 322764, 322764, 322764, 322764, 322764, 322764, 322764, 319904, 319904, 319904, 319904, 319904, 319904, 319904, 319904, 319904, 319904, 319904, 319904, 319890, 319890, 319890, 319890, 319890, 319890, 319890, 319890, 319890, 319890, 319890, 319890, 319890, 319890, 319890, 319561, 319561, 319561, 319561, 319561, 319561, 319561, 319561, 319561, 319561, 319561, 319561, 319561, 319561, 319561, 319561, 319561, 319561, 319561, 319561, 319561, 319224, 319224, 319224, 319224, 319224, 319224, 319224, 319224, 319224, 319224, 319224, 319224, 319224, 319224, 319224, 319224, 319224, 319224, 319224, 319224, 319224, 317865, 317865, 317865, 317865, 317865, 317865, 317865, 317865, 317865, 317865, 317865, 317865, 317865, 317865, 317865, 317865, 317865, 317865, 317865]
current_obj = [350847.0, 347320.0, 348913.0, 351319.0, 343882.0, 354955.0, 350185.0, 338966.0, 339819.0, 336555.0, 342163.0, 344618.0, 336664.0, 337857.0, 338092.0, 336131.0, 345506.0, 338018.0, 336443.0, 345051.0, 334719.0, 339245.0, 343244.0, 331668.0, 332982.0, 333551.0, 329284.0, 332750.0, 337367.0, 330119.0, 328712.0, 331920.0, 332713.0, 332665.0, 330277.0, 329181.0, 333114.0, 338731.0, 336418.0, 326966.0, 327902.0, 329254.0, 327921.0, 329109.0, 325838.0, 324813.0, 339069.0, 332690.0, 328496.0, 331352.0, 328026.0, 327944.0, 327220.0, 329375.0, 328496.0, 326621.0, 336981.0, 334413.0, 334413.0, 335801.0, 329051.0, 337428.0, 328781.0, 326838.0, 331028.0, 326622.0, 331957.0, 323547.0, 325413.0, 323723.0, 328750.0, 334209.0, 325260.0, 323375.0, 323211.0, 322764.0, 328797.0, 324149.0, 323063.0, 323828.0, 325551.0, 323485.0, 329910.0, 319904.0, 321721.0, 323210.0, 324288.0, 324127.0, 330181.0, 322127.0, 326666.0, 323159.0, 321773.0, 331681.0, 320120.0, 319890.0, 323922.0, 329504.0, 330785.0, 320233.0, 323265.0, 322884.0, 329840.0, 327301.0, 330363.0, 323185.0, 322233.0, 322991.0, 323196.0, 321249.0, 319561.0, 324254.0, 322126.0, 329314.0, 325871.0, 323264.0, 324773.0, 322876.0, 324461.0, 322287.0, 328339.0, 326752.0, 327914.0, 320920.0, 325584.0, 324514.0, 326072.0, 324645.0, 324824.0, 330291.0, 330034.0, 319224.0, 319634.0, 327091.0, 321993.0, 321252.0, 325631.0, 320574.0, 320615.0, 322259.0, 321971.0, 325105.0, 329584.0, 322820.0, 323385.0, 321930.0, 329333.0, 329983.0, 322064.0, 319517.0, 322457.0, 325846.0, 317865.0, 320084.0, 321368.0, 320094.0, 326164.0, 322522.0, 330092.0, 317877.0, 329281.0, 327950.0, 323273.0, 326208.0, 320318.0, 329779.0, 318246.0, 318577.0, 325605.0, 318341.0, 323071.0, 321531.0, 0.0, 0.0, 0.0, 0.0, 0.0, 0.0, 0.0, 0.0, 0.0, 0.0, 0.0, 0.0, 0.0, 0.0, 0.0, 0.0, 0.0, 0.0, 0.0, 0.0, 0.0, 0.0, 0.0, 0.0, 0.0, 0.0, 0.0, 0.0, 0.0, 0.0, 0.0, 0.0, 0.0, 0.0, 0.0, 0.0, 0.0, 0.0, 0.0, 0.0, 0.0, 0.0, 0.0, 0.0, 0.0, 0.0, 0.0, 0.0, 0.0, 0.0, 0.0, 0.0, 0.0, 0.0, 0.0, 0.0, 0.0, 0.0, 0.0, 0.0, 0.0, 0.0, 0.0, 0.0, 0.0, 0.0, 0.0, 0.0, 0.0, 0.0, 0.0, 0.0, 0.0, 0.0, 0.0, 0.0, 0.0, 0.0, 0.0, 0.0, 0.0, 0.0, 0.0, 0.0, 0.0, 0.0, 0.0, 0.0, 0.0, 0.0, 0.0, 0.0, 0.0, 0.0, 0.0, 0.0, 0.0, 0.0, 0.0, 0.0, 0.0, 0.0, 0.0, 0.0, 0.0, 0.0, 0.0, 0.0, 0.0, 0.0, 0.0, 0.0, 0.0, 0.0, 0.0, 0.0, 0.0, 0.0, 0.0, 0.0, 0.0, 0.0, 0.0, 0.0, 0.0, 0.0, 0.0, 0.0, 0.0, 0.0, 0.0, 0.0, 0.0, 0.0, 0.0, 0.0, 0.0, 0.0, 0.0, 0.0, 0.0, 0.0, 0.0, 0.0, 0.0, 0.0, 0.0, 0.0, 0.0, 0.0, 0.0, 0.0, 0.0, 0.0, 0.0, 0.0, 0.0, 0.0, 0.0, 0.0, 0.0, 0.0, 0.0, 0.0, 0.0, 0.0, 0.0, 0.0, 0.0, 0.0, 0.0, 0.0, 0.0, 0.0, 0.0, 0.0, 0.0, 0.0, 0.0, 0.0, 0.0, 0.0, 0.0, 0.0, 0.0, 0.0, 0.0, 0.0, 0.0, 0.0, 0.0, 0.0, 0.0, 0.0, 0.0, 0.0, 0.0, 0.0, 0.0, 0.0, 0.0, 0.0, 0.0, 0.0, 0.0, 0.0, 0.0, 0.0, 0.0, 0.0, 0.0, 0.0, 0.0, 0.0, 0.0, 0.0, 0.0, 0.0, 0.0, 0.0, 0.0, 0.0, 0.0, 0.0, 0.0, 0.0, 0.0, 0.0, 0.0, 0.0, 0.0, 0.0, 0.0, 0.0, 0.0, 0.0, 0.0, 0.0, 0.0, 0.0, 0.0, 0.0, 0.0, 0.0, 0.0, 0.0, 0.0, 0.0, 0.0, 0.0, 0.0, 0.0, 0.0, 0.0, 0.0, 0.0, 0.0, 0.0, 0.0, 0.0, 0.0, 0.0, 0.0, 0.0, 0.0, 0.0, 0.0, 0.0, 0.0, 0.0, 0.0, 0.0, 0.0, 0.0, 0.0, 0.0, 0.0, 0.0, 0.0, 0.0, 0.0, 0.0, 0.0, 0.0, 0.0, 0.0, 0.0, 0.0, 0.0, 0.0, 0.0, 0.0, 0.0, 0.0, 0.0, 0.0, 0.0, 0.0, 0.0, 0.0, 0.0, 0.0, 0.0, 0.0, 0.0, 0.0, 0.0, 0.0, 0.0, 0.0, 0.0, 0.0, 0.0, 0.0, 0.0, 0.0, 0.0, 0.0, 0.0, 0.0, 0.0, 0.0, 0.0, 0.0, 0.0, 0.0, 0.0, 0.0, 0.0, 0.0, 0.0, 0.0, 0.0, 0.0, 0.0, 0.0, 0.0, 0.0, 0.0, 0.0, 0.0, 0.0, 0.0, 0.0, 0.0, 0.0, 0.0, 0.0, 0.0, 0.0, 0.0, 0.0, 0.0, 0.0, 0.0, 0.0, 0.0, 0.0, 0.0, 0.0, 0.0, 0.0, 0.0, 0.0, 0.0, 0.0, 0.0, 0.0, 0.0, 0.0, 0.0, 0.0, 0.0, 0.0, 0.0, 0.0, 0.0, 0.0, 0.0, 0.0, 0.0, 0.0, 0.0, 0.0, 0.0, 0.0, 0.0, 0.0, 0.0, 0.0, 0.0, 0.0, 0.0, 0.0, 0.0, 0.0, 0.0, 0.0, 0.0, 0.0, 0.0, 0.0, 0.0, 0.0, 0.0, 0.0, 0.0, 0.0, 0.0, 0.0, 0.0, 0.0, 0.0, 0.0, 0.0, 0.0, 0.0, 0.0, 0.0, 0.0, 0.0, 0.0, 0.0, 0.0, 0.0, 0.0, 0.0, 0.0]
cong_K= Any[1, 1, 1, 1, 1, 1, 1, 1, 1, 1, 1, 1, 1, 1, 1, 1, 1, 1, 1, 1, 1, 1] 
obj_k= Any[350847, 347320, 343882, 338966, 336555, 336131, 334719, 331668, 329284, 328712, 326966, 325838, 324813, 323547, 323375, 323211, 322764, 319904, 319890, 319561, 319224, 317865] 
iter_obj = Any[1, 2, 5, 8, 10, 16, 21, 24, 27, 31, 40, 45, 46, 68, 74, 75, 76, 84, 96, 111, 132, 153] 
avgClusterDiam = 2536.733333333333 
maxClusterDiam = 3775.0 
clusterDiamete = [2756.0; 3775.0; 2430.0; 2324.0; 2061.0; 2752.0; 3495.0; 2263.0; 2779.0; 3579.0; 2115.0; 2795.0; 1901.0; 1803.0; 1223.0]   
C = [0, 0, 0, 0, 0, 0, 0, 0, 0, 0, 0, 0, 0, 0, 0, 0, 0, 0, 0, 0, 1, 0, 0, 0, 0, 0, 0, 0, 0, 0, 0, 0, 0, 0, 0, 0, 0, 0, 0, 0, 0, 0, 0, 0, 0, 0, 0, 0, 0, 0, 0, 0, 0, 0, 0, 0, 0, 0, 0, 0, 0, 0, 0, 0, 0, 1, 0, 0, 0, 0, 0, 0, 0, 0, 0, 0, 0, 0, 0, 0, 0, 0, 0, 0, 0, 0, 0, 0, 0, 0, 0, 0, 0, 0, 0, 1, 0, 0, 0, 0, 0, 0, 0, 0, 0, 0, 0, 0, 0, 0, 0, 0, 0, 0, 1, 0, 0, 0, 0, 0, 0, 0, 0, 0, 0, 0, 0, 0, 0, 0, 0, 0, 0, 0, 0, 0, 0, 0, 0, 1, 0, 0, 0, 0, 0, 0, 0, 0, 0, 0, 0, 1, 0, 0, 0, 0, 0, 0, 0, 0, 0, 0, 0, 0, 0, 0, 0, 0, 0, 0, 0, 0, 0, 0, 0, 0, 0, 0, 0, 0, 0, 0, 0, 0, 0, 0, 0, 0, 0, 0, 0, 0, 0, 0, 0, 0, 0, 0, 0, 0, 0, 0, 0, 0, 0, 0, 0, 0, 0, 0, 0, 0, 0, 0, 0, 0, 0, 1, 0, 0, 1, 0, 0, 0, 0, 0, 0, 0, 0, 0, 0, 0, 0, 0, 0, 0, 0, 0, 0, 0, 0, 0, 0, 0, 0, 0, 0, 0, 0, 0, 0, 0, 0, 0, 0, 0, 0, 0, 0, 0, 0, 0, 0, 0, 0, 0, 0, 0, 0, 0, 0, 0, 0, 0, 1, 0, 0, 0, 0, 0, 0, 0, 0, 0, 0, 0, 0, 0, 0, 0, 0, 0, 0, 0, 0, 0, 0, 0, 1, 0, 0, 0, 0, 0, 0, 0, 0, 0, 1, 0, 0, 0, 0, 0, 0, 0, 0, 0, 0, 0, 0, 0, 0, 0, 0, 0, 0, 0, 0, 0, 0, 0, 0, 0, 0, 0, 0, 0, 0, 0, 0, 0, 0, 0, 0, 0, 0, 0, 0, 0, 0, 0, 0, 0, 0, 0, 1, 0, 0, 0, 0, 0, 0, 0, 0, 0, 0, 0, 0, 0, 0, 0, 0, 0, 0, 0, 0, 0, 0, 0, 0, 0, 0, 0, 0, 0, 0, 0, 1, 0, 0, 0, 0, 0, 0, 0, 0, 0, 0, 0, 0, 0, 0, 0, 0, 0, 0, 0, 0, 0, 0, 0, 0, 0, 0, 0, 0, 0, 0, 0, 0, 0, 0, 0, 0, 0, 0, 1, 0, 0, 0, 0, 0, 0, 1, 0, 0, 0, 0, 0, 0, 0, 0, 0, 0, 0, 0, 0, 0, 0, 0, 0]
E = [115, 21, 115, 115, 115, 115, 21, 115, 115, 275, 115, 115, 66, 66, 21, 115, 115, 115, 115, 115, 21, 21, 21, 21, 115, 275, 115, 21, 275, 275, 275, 152, 115, 21, 21, 21, 21, 152, 115, 140, 96, 21, 96, 21, 21, 152, 152, 96, 21, 21, 152, 96, 66, 66, 96, 299, 66, 152, 299, 21, 152, 66, 152, 152, 275, 66, 66, 66, 152, 152, 152, 66, 66, 299, 66, 152, 66, 21, 66, 152, 152, 96, 152, 152, 115, 115, 96, 96, 96, 96, 96, 96, 96, 96, 96, 96, 96, 96, 275, 96, 96, 96, 115, 96, 96, 96, 96, 96, 96, 96, 115, 96, 115, 115, 115, 275, 115, 115, 115, 115, 115, 96, 115, 140, 115, 140, 115, 140, 140, 140, 140, 140, 140, 140, 140, 140, 140, 140, 140, 140, 140, 152, 140, 140, 140, 152, 140, 140, 140, 152, 140, 152, 152, 152, 152, 152, 299, 140, 140, 115, 152, 152, 140, 152, 152, 66, 66, 66, 66, 66, 66, 66, 66, 275, 152, 275, 66, 66, 152, 152, 66, 299, 115, 66, 66, 218, 66, 66, 66, 66, 66, 221, 221, 21, 218, 218, 221, 221, 218, 218, 218, 221, 221, 221, 218, 221, 218, 218, 221, 221, 218, 218, 221, 221, 221, 221, 66, 218, 221, 221, 221, 218, 218, 218, 218, 66, 221, 221, 221, 221, 218, 66, 221, 218, 221, 221, 221, 218, 21, 221, 221, 218, 221, 221, 218, 218, 21, 21, 21, 66, 218, 21, 21, 115, 115, 115, 115, 218, 115, 96, 21, 96, 115, 275, 275, 275, 275, 275, 275, 96, 275, 275, 275, 275, 275, 299, 152, 152, 299, 152, 299, 299, 299, 309, 66, 66, 66, 309, 309, 309, 299, 299, 299, 299, 299, 299, 299, 299, 299, 299, 299, 309, 309, 309, 309, 309, 309, 309, 309, 309, 309, 309, 309, 309, 309, 357, 299, 299, 299, 299, 299, 299, 299, 299, 357, 357, 309, 309, 309, 309, 309, 309, 309, 357, 357, 357, 357, 357, 299, 299, 357, 357, 357, 357, 357, 357, 357, 309, 309, 309, 309, 309, 389, 389, 357, 357, 357, 357, 357, 357, 389, 309, 389, 309, 389, 389, 389, 389, 389, 389, 389, 357, 357, 357, 357, 357, 357, 357, 357, 357, 389, 389, 389, 389, 389, 389, 389, 389, 389, 389, 389, 389, 389, 389, 357, 435, 357, 357, 428, 357, 428, 428, 357, 357, 357, 428, 428, 428, 428, 428, 428, 428, 435, 435, 389, 389, 389, 389, 389, 389, 389, 389, 435, 435, 435, 428, 428, 428, 428, 428, 428, 428, 435, 435, 435, 389, 435, 435, 435, 435, 435, 428, 428, 428, 428, 428, 21, 96, 66, 275, 221, 218]
