n° iter       = 600 
neighborhood_structure = [1] 
Prioridad     = 5 
balance       = 0.2 
Len_N         = 3 
N° clusters   = 15 
N° estaciones = 452 
N° mejoras    = 50
N° iter completadas  = 600
1° FO         = 367214.0
FO            = 314639
Centros       = [20, 28, 80, 87, 145, 185, 215, 218, 264, 299, 313, 360, 383, 413, 428]
Objs= Any[367214.0, 364984, 364984, 363859, 359426, 357797, 350939, 350939, 350939, 350782, 346523, 346523, 344953, 340239, 334046, 333235, 333067, 333067, 333067, 332740, 332740, 332740, 332360, 330451, 329479, 329479, 329479, 327685, 327685, 326848, 326377, 326377, 326377, 326377, 326377, 326235, 324682, 324682, 323822, 323822, 323822, 323822, 322326, 321773, 321773, 321773, 321773, 321773, 321773, 321773, 321773, 321773, 321773, 321607, 321607, 321607, 320895, 320895, 320895, 320895, 320895, 320895, 320895, 320895, 320734, 319511, 319511, 319511, 319511, 319511, 319511, 319511, 319511, 319511, 319511, 319463, 319463, 318891, 318891, 318891, 318891, 318891, 318891, 318891, 318891, 318891, 318891, 318891, 318891, 318891, 318891, 318891, 318891, 318891, 318832, 318832, 318720, 318720, 318720, 318720, 318720, 318720, 318720, 318720, 318720, 318720, 318720, 318698, 318698, 318286, 318286, 318286, 318286, 318286, 318286, 318286, 318286, 318286, 318286, 318286, 318286, 318286, 318286, 318286, 318286, 318245, 318245, 317837, 317837, 317837, 317837, 317837, 317837, 317837, 317837, 317837, 317837, 317837, 317837, 317837, 317837, 317837, 317837, 317837, 317837, 317837, 317837, 317837, 317837, 317837, 317837, 317837, 317837, 317837, 317837, 317837, 317837, 316931, 316931, 316931, 316931, 316931, 316931, 316931, 316931, 316931, 316931, 316931, 316931, 316931, 316931, 316931, 316931, 316931, 316931, 316931, 316931, 316931, 316931, 316931, 316931, 316532, 316532, 316532, 316532, 316345, 316345, 316345, 316345, 316345, 316345, 316345, 316345, 316345, 316345, 316345, 316345, 315961, 315961, 315961, 315961, 315961, 315961, 315961, 315961, 315961, 315949, 315949, 315949, 315949, 315844, 315844, 315844, 315844, 315837, 315837, 315837, 315837, 315837, 315837, 315837, 315837, 315837, 315837, 315837, 315837, 315837, 315837, 315837, 315837, 315837, 315837, 315837, 315837, 315837, 315837, 315837, 315837, 315837, 315837, 315837, 315837, 315837, 315837, 315837, 315837, 315594, 315594, 315594, 315594, 315594, 315594, 315594, 315594, 315594, 315594, 315594, 315390, 315390, 315390, 315390, 315390, 315390, 315390, 315390, 315390, 315390, 315390, 315390, 315390, 315390, 315390, 315390, 315390, 315390, 315390, 315390, 315390, 315390, 315390, 315390, 315390, 315390, 315390, 315390, 315390, 315390, 315390, 315390, 315390, 315390, 315390, 315390, 315390, 315390, 315390, 315390, 315390, 315390, 315390, 315390, 315390, 315390, 315390, 315390, 315390, 315390, 315390, 315063, 315063, 315063, 315063, 315063, 315063, 315063, 315063, 315063, 315063, 315063, 315063, 315063, 315063, 315063, 315063, 315063, 315063, 315063, 315063, 315063, 315063, 315063, 315063, 315063, 315063, 315063, 315063, 315063, 315063, 315063, 315063, 315063, 315063, 315063, 315063, 315063, 315063, 315063, 315063, 315063, 315063, 315063, 315063, 315063, 315063, 315063, 315063, 315063, 315063, 315063, 315063, 315063, 315063, 315063, 315063, 315063, 315063, 315063, 315063, 315063, 314967, 314967, 314967, 314967, 314967, 314967, 314967, 314967, 314967, 314967, 314967, 314967, 314967, 314967, 314967, 314967, 314967, 314967, 314967, 314967, 314967, 314967, 314967, 314967, 314967, 314967, 314967, 314967, 314967, 314967, 314967, 314967, 314967, 314967, 314967, 314967, 314967, 314967, 314967, 314967, 314967, 314967, 314967, 314967, 314967, 314967, 314967, 314967, 314967, 314967, 314967, 314967, 314967, 314967, 314967, 314967, 314967, 314967, 314967, 314967, 314967, 314967, 314967, 314967, 314967, 314967, 314967, 314967, 314967, 314967, 314967, 314967, 314967, 314967, 314967, 314967, 314967, 314967, 314967, 314967, 314967, 314967, 314967, 314967, 314967, 314967, 314967, 314967, 314967, 314946, 314946, 314946, 314946, 314946, 314946, 314946, 314946, 314946, 314946, 314946, 314946, 314946, 314946, 314946, 314946, 314946, 314946, 314946, 314946, 314946, 314946, 314946, 314946, 314946, 314946, 314946, 314946, 314946, 314946, 314946, 314946, 314946, 314946, 314946, 314946, 314946, 314946, 314946, 314946, 314946, 314946, 314946, 314946, 314946, 314946, 314946, 314946, 314946, 314946, 314946, 314946, 314946, 314946, 314946, 314946, 314946, 314946, 314946, 314946, 314946, 314946, 314946, 314946, 314946, 314946, 314946, 314946, 314946, 314946, 314946, 314946, 314946, 314946, 314946, 314946, 314946, 314946, 314946, 314946, 314946, 314946, 314946, 314946, 314946, 314946, 314946, 314946, 314946, 314946, 314946, 314946, 314946, 314946, 314946, 314946, 314946, 314780, 314780, 314780, 314780, 314780, 314780, 314780, 314780, 314780, 314780, 314780, 314780, 314780, 314780, 314780, 314780, 314780, 314780, 314780, 314780, 314780, 314780, 314780, 314780, 314780, 314780, 314780, 314780, 314780, 314780, 314780, 314780, 314780, 314780, 314780, 314780, 314780, 314780, 314780, 314780, 314780, 314639, 314639, 314639, 314639]
current_obj = [364984.0, 367784.0, 363859.0, 359426.0, 357797.0, 350939.0, 351177.0, 352560.0, 350782.0, 346523.0, 350545.0, 344953.0, 340239.0, 334046.0, 333235.0, 333067.0, 333833.0, 341942.0, 332740.0, 334829.0, 333056.0, 332360.0, 330451.0, 329479.0, 330607.0, 330511.0, 327685.0, 330728.0, 326848.0, 326377.0, 332171.0, 329710.0, 326590.0, 328072.0, 326235.0, 324682.0, 326293.0, 323822.0, 324704.0, 323922.0, 324229.0, 322326.0, 321773.0, 323405.0, 329615.0, 328024.0, 321801.0, 327185.0, 323288.0, 322326.0, 322460.0, 323324.0, 321607.0, 324534.0, 322692.0, 320895.0, 327888.0, 322266.0, 322053.0, 321299.0, 324370.0, 323041.0, 323731.0, 320734.0, 319511.0, 322058.0, 320000.0, 320713.0, 320108.0, 322290.0, 322431.0, 322498.0, 319867.0, 319672.0, 319463.0, 319549.0, 318891.0, 319306.0, 319136.0, 319663.0, 321214.0, 319463.0, 318901.0, 320889.0, 321496.0, 322822.0, 318989.0, 319668.0, 319706.0, 320289.0, 320377.0, 326037.0, 319434.0, 318832.0, 320484.0, 318720.0, 320416.0, 319359.0, 320595.0, 321125.0, 318723.0, 318723.0, 318723.0, 322398.0, 321920.0, 323645.0, 318698.0, 318868.0, 318286.0, 318888.0, 320723.0, 319078.0, 318548.0, 318697.0, 321380.0, 319929.0, 320548.0, 321107.0, 319458.0, 320721.0, 320578.0, 321076.0, 322166.0, 318617.0, 318245.0, 318266.0, 317837.0, 317883.0, 318115.0, 318675.0, 318507.0, 317944.0, 322215.0, 319329.0, 319791.0, 320161.0, 318213.0, 317938.0, 320101.0, 317969.0, 322194.0, 320069.0, 318728.0, 319847.0, 319071.0, 320376.0, 320264.0, 323363.0, 320183.0, 323222.0, 318682.0, 317878.0, 318042.0, 320274.0, 317926.0, 317938.0, 316931.0, 317990.0, 317672.0, 318452.0, 317807.0, 323941.0, 323234.0, 319166.0, 318398.0, 318678.0, 318406.0, 317519.0, 318574.0, 322683.0, 322905.0, 321195.0, 320199.0, 317229.0, 319437.0, 318335.0, 318634.0, 321675.0, 316952.0, 319976.0, 316532.0, 319864.0, 318549.0, 317489.0, 316345.0, 323247.0, 319351.0, 318839.0, 324353.0, 317483.0, 319251.0, 318076.0, 318081.0, 318956.0, 320746.0, 316961.0, 315961.0, 318374.0, 319073.0, 317282.0, 316829.0, 316148.0, 316293.0, 319973.0, 317813.0, 315949.0, 316618.0, 316926.0, 318738.0, 315844.0, 315958.0, 321490.0, 317671.0, 315837.0, 315896.0, 317516.0, 316590.0, 317866.0, 316422.0, 321869.0, 318489.0, 318064.0, 317020.0, 321217.0, 316322.0, 316558.0, 316851.0, 316422.0, 317381.0, 316654.0, 318557.0, 316466.0, 316322.0, 318762.0, 316851.0, 318989.0, 320313.0, 316072.0, 320071.0, 315993.0, 317680.0, 318054.0, 317168.0, 317757.0, 316322.0, 315594.0, 318752.0, 317005.0, 318966.0, 316747.0, 315692.0, 318552.0, 315653.0, 317534.0, 317746.0, 319573.0, 315390.0, 315465.0, 319736.0, 316351.0, 318635.0, 316994.0, 317129.0, 315837.0, 315558.0, 315975.0, 316097.0, 320340.0, 316934.0, 318517.0, 319602.0, 315429.0, 319055.0, 319282.0, 318150.0, 316199.0, 315465.0, 316721.0, 316017.0, 316187.0, 320991.0, 316351.0, 316631.0, 315425.0, 318510.0, 318348.0, 315558.0, 318245.0, 320071.0, 317071.0, 316017.0, 316187.0, 316023.0, 316054.0, 317129.0, 322123.0, 315875.0, 319333.0, 318099.0, 316900.0, 316530.0, 317937.0, 317654.0, 318641.0, 315995.0, 318504.0, 317770.0, 315063.0, 317677.0, 317770.0, 316379.0, 318021.0, 315900.0, 316080.0, 318991.0, 317677.0, 316231.0, 318057.0, 316576.0, 321839.0, 317307.0, 315921.0, 318120.0, 320462.0, 317691.0, 316150.0, 316475.0, 318602.0, 315900.0, 316703.0, 318454.0, 317696.0, 317305.0, 316201.0, 318621.0, 316495.0, 319132.0, 318094.0, 317866.0, 321833.0, 315783.0, 315156.0, 315665.0, 316031.0, 316434.0, 316570.0, 316210.0, 319862.0, 316793.0, 317037.0, 315987.0, 315661.0, 317700.0, 315296.0, 315668.0, 319858.0, 315668.0, 315461.0, 317677.0, 316703.0, 315626.0, 317289.0, 315167.0, 317419.0, 315544.0, 317037.0, 316385.0, 317513.0, 314967.0, 319899.0, 319190.0, 315510.0, 316427.0, 316838.0, 317904.0, 315583.0, 318035.0, 319291.0, 316141.0, 315712.0, 318299.0, 316223.0, 315510.0, 315510.0, 315865.0, 315938.0, 315010.0, 315039.0, 317809.0, 321246.0, 317017.0, 315834.0, 317373.0, 315865.0, 316925.0, 316845.0, 317463.0, 320073.0, 318445.0, 315805.0, 315437.0, 315584.0, 315579.0, 315465.0, 319835.0, 317354.0, 319301.0, 317438.0, 314979.0, 318035.0, 316360.0, 317700.0, 316056.0, 318007.0, 315431.0, 317503.0, 318859.0, 315768.0, 319111.0, 316319.0, 317867.0, 317912.0, 315842.0, 317017.0, 317372.0, 317297.0, 315658.0, 316888.0, 316069.0, 314979.0, 321242.0, 315026.0, 317773.0, 315039.0, 316905.0, 316733.0, 315900.0, 316217.0, 316875.0, 317700.0, 318525.0, 317790.0, 319138.0, 318078.0, 316247.0, 315658.0, 315606.0, 317438.0, 315063.0, 316360.0, 319575.0, 315365.0, 315040.0, 315900.0, 316465.0, 316056.0, 315501.0, 314946.0, 317651.0, 318439.0, 319784.0, 317718.0, 318165.0, 315868.0, 316298.0, 317584.0, 316409.0, 320717.0, 315577.0, 318040.0, 318014.0, 318069.0, 320132.0, 318009.0, 317351.0, 315139.0, 316389.0, 315478.0, 320260.0, 314967.0, 316226.0, 317651.0, 315005.0, 315173.0, 318681.0, 318979.0, 322718.0, 316996.0, 317939.0, 316985.0, 316427.0, 316459.0, 316996.0, 316384.0, 315689.0, 316735.0, 316114.0, 320287.0, 314974.0, 315276.0, 318087.0, 315598.0, 316996.0, 316035.0, 319016.0, 318750.0, 315943.0, 321109.0, 316366.0, 315503.0, 317651.0, 315784.0, 317752.0, 316254.0, 316958.0, 316423.0, 317381.0, 317780.0, 315444.0, 318168.0, 316813.0, 314974.0, 315276.0, 315033.0, 315503.0, 316409.0, 315585.0, 318320.0, 316625.0, 322761.0, 316063.0, 316467.0, 316241.0, 317789.0, 315674.0, 320566.0, 321747.0, 317809.0, 316298.0, 316120.0, 316423.0, 316047.0, 315139.0, 315005.0, 317387.0, 317922.0, 320954.0, 318009.0, 315416.0, 316625.0, 315276.0, 316391.0, 317565.0, 318165.0, 314780.0, 316176.0, 318063.0, 315662.0, 316073.0, 315241.0, 315241.0, 317512.0, 316621.0, 315264.0, 318063.0, 315241.0, 315917.0, 315396.0, 316478.0, 316443.0, 315678.0, 317829.0, 315732.0, 318273.0, 316380.0, 315413.0, 315618.0, 319033.0, 319183.0, 315309.0, 316322.0, 322706.0, 315346.0, 316543.0, 318659.0, 317649.0, 316837.0, 317994.0, 318036.0, 319592.0, 318041.0, 315337.0, 316044.0, 316117.0, 316745.0, 314639.0, 316374.0, 316402.0, 316337.0, 315439.0]
cong_K= Any[1, 1, 1, 1, 1, 1, 1, 1, 1, 1, 1, 1, 1, 1, 1, 1, 1, 1, 1, 1, 1, 1, 1, 1, 1, 1, 1, 1, 1, 1, 1, 1, 1, 1, 1, 1, 1, 1, 1, 1, 1, 1, 1, 1, 1, 1, 1, 1, 1, 1] 
obj_k= Any[364984, 363859, 359426, 357797, 350939, 350782, 346523, 344953, 340239, 334046, 333235, 333067, 332740, 332360, 330451, 329479, 327685, 326848, 326377, 326235, 324682, 323822, 322326, 321773, 321607, 320895, 320734, 319511, 319463, 318891, 318832, 318720, 318698, 318286, 318245, 317837, 316931, 316532, 316345, 315961, 315949, 315844, 315837, 315594, 315390, 315063, 314967, 314946, 314780, 314639] 
iter_obj = Any[1, 3, 4, 5, 6, 9, 10, 12, 13, 14, 15, 16, 19, 22, 23, 24, 27, 29, 30, 35, 36, 38, 42, 43, 53, 56, 64, 65, 75, 77, 94, 96, 107, 109, 125, 127, 157, 181, 185, 197, 206, 210, 214, 246, 257, 308, 369, 458, 555, 596] 
avgClusterDiam = 2701.266666666667 
maxClusterDiam = 4009.0 
clusterDiamete = [2695.0; 4009.0; 3057.0; 2527.0; 2592.0; 3995.0; 2263.0; 3033.0; 2779.0; 3579.0; 2023.0; 3015.0; 1818.0; 1585.0; 1549.0]   
C = [0, 0, 0, 0, 0, 0, 0, 0, 0, 0, 0, 0, 0, 0, 0, 0, 0, 0, 0, 1, 0, 0, 0, 0, 0, 0, 0, 1, 0, 0, 0, 0, 0, 0, 0, 0, 0, 0, 0, 0, 0, 0, 0, 0, 0, 0, 0, 0, 0, 0, 0, 0, 0, 0, 0, 0, 0, 0, 0, 0, 0, 0, 0, 0, 0, 0, 0, 0, 0, 0, 0, 0, 0, 0, 0, 0, 0, 0, 0, 1, 0, 0, 0, 0, 0, 0, 1, 0, 0, 0, 0, 0, 0, 0, 0, 0, 0, 0, 0, 0, 0, 0, 0, 0, 0, 0, 0, 0, 0, 0, 0, 0, 0, 0, 0, 0, 0, 0, 0, 0, 0, 0, 0, 0, 0, 0, 0, 0, 0, 0, 0, 0, 0, 0, 0, 0, 0, 0, 0, 0, 0, 0, 0, 0, 1, 0, 0, 0, 0, 0, 0, 0, 0, 0, 0, 0, 0, 0, 0, 0, 0, 0, 0, 0, 0, 0, 0, 0, 0, 0, 0, 0, 0, 0, 0, 0, 0, 0, 0, 0, 0, 0, 0, 0, 1, 0, 0, 0, 0, 0, 0, 0, 0, 0, 0, 0, 0, 0, 0, 0, 0, 0, 0, 0, 0, 0, 0, 0, 0, 0, 0, 0, 0, 0, 1, 0, 0, 1, 0, 0, 0, 0, 0, 0, 0, 0, 0, 0, 0, 0, 0, 0, 0, 0, 0, 0, 0, 0, 0, 0, 0, 0, 0, 0, 0, 0, 0, 0, 0, 0, 0, 0, 0, 0, 0, 0, 0, 0, 0, 0, 0, 0, 0, 1, 0, 0, 0, 0, 0, 0, 0, 0, 0, 0, 0, 0, 0, 0, 0, 0, 0, 0, 0, 0, 0, 0, 0, 0, 0, 0, 0, 0, 0, 0, 0, 0, 0, 0, 1, 0, 0, 0, 0, 0, 0, 0, 0, 0, 0, 0, 0, 0, 1, 0, 0, 0, 0, 0, 0, 0, 0, 0, 0, 0, 0, 0, 0, 0, 0, 0, 0, 0, 0, 0, 0, 0, 0, 0, 0, 0, 0, 0, 0, 0, 0, 0, 0, 0, 0, 0, 0, 0, 0, 0, 0, 0, 0, 0, 0, 1, 0, 0, 0, 0, 0, 0, 0, 0, 0, 0, 0, 0, 0, 0, 0, 0, 0, 0, 0, 0, 0, 0, 1, 0, 0, 0, 0, 0, 0, 0, 0, 0, 0, 0, 0, 0, 0, 0, 0, 0, 0, 0, 0, 0, 0, 0, 0, 0, 0, 0, 0, 0, 1, 0, 0, 0, 0, 0, 0, 0, 0, 0, 0, 0, 0, 0, 0, 1, 0, 0, 0, 0, 0, 0, 0, 0, 0, 0, 0, 0, 0, 0, 0, 0, 0, 0, 0, 0, 0, 0, 0, 0]
E = [20, 28, 20, 20, 20, 20, 28, 20, 20, 264, 20, 20, 185, 80, 28, 20, 20, 20, 20, 20, 28, 28, 28, 28, 28, 264, 20, 28, 264, 264, 264, 28, 20, 28, 28, 28, 28, 80, 145, 28, 87, 28, 87, 28, 80, 80, 145, 87, 28, 28, 145, 87, 185, 80, 87, 299, 185, 28, 299, 28, 80, 80, 80, 145, 264, 185, 80, 80, 299, 80, 80, 185, 80, 80, 80, 80, 80, 28, 80, 80, 80, 87, 80, 80, 20, 20, 87, 87, 87, 87, 87, 87, 87, 87, 87, 87, 87, 87, 264, 87, 87, 87, 28, 87, 87, 87, 87, 87, 87, 87, 20, 20, 20, 20, 20, 264, 20, 20, 20, 20, 20, 87, 20, 87, 20, 145, 20, 145, 145, 145, 145, 145, 145, 145, 145, 145, 145, 145, 145, 145, 145, 145, 145, 145, 145, 145, 145, 145, 145, 145, 145, 80, 145, 80, 145, 145, 299, 145, 145, 20, 145, 145, 145, 80, 145, 185, 185, 80, 80, 185, 80, 185, 80, 264, 80, 264, 185, 185, 80, 80, 80, 299, 20, 185, 185, 185, 185, 185, 185, 185, 185, 218, 215, 28, 218, 218, 215, 215, 218, 218, 218, 215, 215, 215, 218, 215, 185, 218, 215, 215, 218, 218, 215, 215, 215, 215, 185, 218, 215, 215, 215, 218, 218, 218, 218, 185, 215, 215, 215, 215, 218, 28, 215, 218, 215, 215, 215, 215, 28, 215, 215, 215, 215, 215, 218, 218, 28, 20, 28, 185, 218, 28, 28, 20, 20, 20, 20, 218, 20, 87, 28, 87, 20, 264, 264, 264, 264, 264, 264, 20, 264, 264, 264, 264, 264, 145, 145, 80, 299, 145, 299, 299, 299, 299, 80, 80, 185, 313, 80, 313, 299, 299, 299, 299, 299, 299, 299, 299, 299, 299, 299, 360, 313, 313, 313, 313, 313, 313, 313, 313, 313, 313, 313, 313, 313, 313, 299, 299, 299, 299, 299, 299, 299, 299, 299, 360, 313, 313, 313, 313, 313, 313, 313, 313, 360, 360, 360, 360, 299, 299, 360, 360, 360, 360, 313, 383, 313, 313, 313, 313, 313, 313, 383, 383, 383, 360, 360, 360, 360, 360, 383, 313, 383, 313, 383, 383, 383, 383, 383, 383, 383, 360, 360, 360, 360, 360, 360, 413, 413, 413, 383, 383, 383, 383, 383, 383, 383, 383, 383, 383, 383, 413, 413, 413, 413, 413, 413, 413, 360, 360, 360, 428, 360, 360, 360, 428, 428, 428, 428, 428, 428, 428, 413, 413, 413, 413, 383, 383, 383, 383, 383, 413, 413, 413, 413, 428, 428, 428, 428, 428, 428, 428, 413, 413, 413, 413, 413, 413, 413, 428, 428, 428, 428, 428, 428, 428, 28, 87, 28, 264, 218, 218]
