n° iter       = 600 
neighborhood_structure = [2] 
Prioridad     = 5 
balance       = 0.2 
Len_N         = 3 
N° clusters   = 15 
N° estaciones = 452 
N° mejoras    = 34
N° iter completadas  = 452
1° FO         = 363490.0
FO            = 316506
Centros       = [4, 53, 79, 87, 115, 145, 208, 221, 264, 293, 314, 344, 368, 413, 428]
Objs= Any[363490.0, 351806, 351806, 351806, 351806, 349316, 347021, 347021, 344435, 344435, 344435, 343077, 343077, 343077, 342054, 342054, 341574, 340461, 340461, 339998, 339998, 339998, 339998, 339998, 339998, 339998, 339705, 339705, 337811, 335892, 335892, 334234, 334234, 334234, 334028, 334028, 334028, 334028, 334028, 334028, 334028, 332924, 332924, 332924, 332924, 332924, 332924, 332924, 332924, 332924, 332924, 332924, 332924, 332924, 332924, 331337, 331337, 331337, 331337, 331282, 331282, 331282, 331282, 331282, 331282, 331282, 331282, 331282, 331282, 330822, 330822, 330822, 330604, 330604, 330604, 330038, 330038, 330038, 330038, 330038, 330038, 330038, 330038, 330038, 330038, 330038, 329528, 329528, 329528, 329528, 329528, 329528, 329528, 329528, 329528, 329528, 328811, 328811, 328811, 328811, 328811, 328811, 328811, 328811, 328811, 328811, 326929, 326358, 326358, 326358, 326242, 326242, 326242, 326242, 326242, 326242, 326242, 326242, 326242, 326242, 326242, 326242, 326242, 326242, 322769, 322769, 322769, 322769, 322769, 322769, 322769, 322769, 322769, 322769, 322769, 322769, 322769, 320753, 320753, 320753, 320753, 320753, 320028, 320028, 320028, 320028, 320028, 320028, 320028, 319884, 319884, 319884, 319884, 319884, 319884, 319884, 319884, 319884, 319884, 319884, 319884, 319884, 319884, 319884, 319884, 319884, 319884, 319884, 319884, 319884, 319884, 319884, 319884, 319884, 319884, 319884, 319435, 319435, 319435, 319435, 319435, 319435, 319435, 319435, 319435, 318414, 318414, 317034, 317034, 317034, 317034, 317034, 317034, 317034, 317034, 317034, 317034, 317034, 317034, 317034, 317034, 317034, 317034, 317034, 317034, 317034, 317034, 317034, 317034, 317034, 317034, 317034, 317034, 317034, 317034, 317034, 317034, 317034, 317034, 317034, 317034, 317034, 317034, 317034, 317034, 317034, 317034, 317034, 317034, 317034, 317034, 317034, 317034, 317034, 317034, 317034, 317034, 317034, 317034, 317034, 316539, 316539, 316539, 316539, 316539, 316539, 316539, 316539, 316539, 316539, 316539, 316539, 316539, 316539, 316539, 316539, 316539, 316539, 316539, 316539, 316539, 316539, 316539, 316539, 316539, 316539, 316539, 316539, 316539, 316539, 316539, 316539, 316539, 316539, 316539, 316539, 316539, 316539, 316539, 316539, 316539, 316539, 316539, 316539, 316539, 316539, 316539, 316539, 316539, 316539, 316539, 316539, 316539, 316539, 316539, 316539, 316539, 316539, 316539, 316539, 316539, 316539, 316539, 316506, 316506, 316506, 316506, 316506, 316506, 316506, 316506, 316506, 316506, 316506, 316506, 316506, 316506, 316506, 316506, 316506, 316506, 316506, 316506, 316506, 316506, 316506, 316506, 316506, 316506, 316506, 316506, 316506, 316506, 316506, 316506, 316506, 316506, 316506, 316506, 316506, 316506, 316506, 316506, 316506, 316506, 316506, 316506, 316506, 316506, 316506, 316506, 316506, 316506, 316506, 316506, 316506, 316506, 316506, 316506, 316506, 316506, 316506, 316506, 316506, 316506, 316506, 316506, 316506, 316506, 316506, 316506, 316506, 316506, 316506, 316506, 316506, 316506, 316506, 316506, 316506, 316506, 316506, 316506, 316506, 316506, 316506, 316506, 316506, 316506, 316506, 316506, 316506, 316506, 316506, 316506, 316506, 316506, 316506, 316506, 316506, 316506, 316506, 316506, 316506, 316506, 316506, 316506, 316506, 316506, 316506, 316506, 316506, 316506, 316506, 316506, 316506, 316506, 316506, 316506, 316506, 316506, 316506, 316506, 316506, 316506, 316506, 316506, 316506, 316506, 316506, 316506, 316506, 316506, 316506, 316506, 316506, 316506, 316506, 316506, 316506, 316506, 316506, 316506, 316506, 316506, 316506, 316506, 316506, 316506, 316506, 316506, 316506, 316506]
current_obj = [351806.0, 358658.0, 353567.0, 355195.0, 349316.0, 347021.0, 348939.0, 344435.0, 347163.0, 345373.0, 343077.0, 343143.0, 345227.0, 342054.0, 346450.0, 341574.0, 340461.0, 344467.0, 339998.0, 341307.0, 341992.0, 346015.0, 344631.0, 343570.0, 345800.0, 339705.0, 341584.0, 337811.0, 335892.0, 340483.0, 334234.0, 334451.0, 337836.0, 334028.0, 340714.0, 336539.0, 335628.0, 337079.0, 335655.0, 334831.0, 332924.0, 338020.0, 339133.0, 334584.0, 334637.0, 335899.0, 338562.0, 336442.0, 338713.0, 334669.0, 333660.0, 337463.0, 339088.0, 333637.0, 331337.0, 335210.0, 332411.0, 332781.0, 331282.0, 331860.0, 333630.0, 334146.0, 332061.0, 333342.0, 335396.0, 333997.0, 334038.0, 334456.0, 330822.0, 336770.0, 333810.0, 330604.0, 333092.0, 334610.0, 330038.0, 333082.0, 332816.0, 330999.0, 334280.0, 334885.0, 333194.0, 337270.0, 331399.0, 332804.0, 331822.0, 329528.0, 334974.0, 329746.0, 337352.0, 334242.0, 331629.0, 335551.0, 332663.0, 332643.0, 334851.0, 328811.0, 339642.0, 331495.0, 330266.0, 329360.0, 329403.0, 335217.0, 334831.0, 329067.0, 337190.0, 326929.0, 326358.0, 331716.0, 329956.0, 326242.0, 327528.0, 332260.0, 333508.0, 327810.0, 328638.0, 329379.0, 330862.0, 329420.0, 335279.0, 330672.0, 330447.0, 328871.0, 330415.0, 322769.0, 324628.0, 324704.0, 322934.0, 326299.0, 336409.0, 326671.0, 323491.0, 323516.0, 328319.0, 327710.0, 325839.0, 324958.0, 320753.0, 327205.0, 323033.0, 321653.0, 322038.0, 320028.0, 324703.0, 327369.0, 325409.0, 322693.0, 323475.0, 322817.0, 319884.0, 324816.0, 330813.0, 328493.0, 324338.0, 325828.0, 324521.0, 325824.0, 321346.0, 324857.0, 321509.0, 320756.0, 326515.0, 322025.0, 324105.0, 321824.0, 328120.0, 329797.0, 321624.0, 324845.0, 322581.0, 325167.0, 327468.0, 328398.0, 324849.0, 321971.0, 325342.0, 319435.0, 324209.0, 322214.0, 323335.0, 321574.0, 321722.0, 323398.0, 326014.0, 323800.0, 318414.0, 325599.0, 317034.0, 318670.0, 323019.0, 318853.0, 322215.0, 322236.0, 319787.0, 317955.0, 319847.0, 322311.0, 325116.0, 319227.0, 319063.0, 323317.0, 322693.0, 319085.0, 320781.0, 318697.0, 319286.0, 325172.0, 323818.0, 321771.0, 321694.0, 318570.0, 321741.0, 320419.0, 318555.0, 329725.0, 322838.0, 327504.0, 319144.0, 321542.0, 318670.0, 323319.0, 318876.0, 324113.0, 323788.0, 322302.0, 321973.0, 324904.0, 322991.0, 321335.0, 320566.0, 324330.0, 323591.0, 322562.0, 323004.0, 318518.0, 317769.0, 324038.0, 317709.0, 321479.0, 319212.0, 316539.0, 322210.0, 323566.0, 322849.0, 318832.0, 320431.0, 318382.0, 321897.0, 323290.0, 317512.0, 321789.0, 321192.0, 318841.0, 320695.0, 318359.0, 322238.0, 321893.0, 323552.0, 321104.0, 317825.0, 326381.0, 320512.0, 322740.0, 322631.0, 321436.0, 320560.0, 316731.0, 320244.0, 322274.0, 319981.0, 321833.0, 321263.0, 322581.0, 318198.0, 321584.0, 317772.0, 322074.0, 323648.0, 323306.0, 323864.0, 318436.0, 320343.0, 322549.0, 319597.0, 321950.0, 323460.0, 328664.0, 323940.0, 328045.0, 323293.0, 319144.0, 325108.0, 320220.0, 322110.0, 323904.0, 318538.0, 322383.0, 321283.0, 325511.0, 319319.0, 321023.0, 324067.0, 320443.0, 316506.0, 328929.0, 318050.0, 323431.0, 321498.0, 320428.0, 320211.0, 321135.0, 320454.0, 325935.0, 319412.0, 322687.0, 317724.0, 321490.0, 324835.0, 324410.0, 320484.0, 319163.0, 319248.0, 322896.0, 322800.0, 322274.0, 323780.0, 317551.0, 325429.0, 323302.0, 319336.0, 322177.0, 320246.0, 323092.0, 324574.0, 318854.0, 321406.0, 327436.0, 318456.0, 318415.0, 325026.0, 321992.0, 325192.0, 322851.0, 321159.0, 319498.0, 321688.0, 321163.0, 321671.0, 322954.0, 327195.0, 320683.0, 320150.0, 322496.0, 320567.0, 322873.0, 319700.0, 321128.0, 321176.0, 318109.0, 322621.0, 325330.0, 319584.0, 323027.0, 319946.0, 321157.0, 323270.0, 322314.0, 324013.0, 318669.0, 319623.0, 321241.0, 319618.0, 322120.0, 318371.0, 322002.0, 319547.0, 322620.0, 316664.0, 321960.0, 317518.0, 322193.0, 319145.0, 319379.0, 319855.0, 321786.0, 321262.0, 324746.0, 328421.0, 325150.0, 322315.0, 323201.0, 318721.0, 318527.0, 320124.0, 318107.0, 323015.0, 323891.0, 321601.0, 320912.0, 317894.0, 323414.0, 323450.0, 320940.0, 321893.0, 317212.0, 318392.0, 319556.0, 321487.0, 321008.0, 319408.0, 318692.0, 320839.0, 318269.0, 321202.0, 324199.0, 323821.0, 323218.0, 318976.0, 321124.0, 325217.0, 319278.0, 321106.0, 318315.0, 321440.0, 324110.0, 318094.0, 319243.0, 320031.0, 318866.0, 318722.0, 322752.0, 323753.0, 319600.0, 321365.0, 323731.0, 319628.0, 319553.0, 320455.0, 322396.0, 318923.0, 324981.0, 320979.0, 318276.0, 323406.0, 319517.0, 318829.0, 321111.0, 322614.0, 319300.0, 323066.0, 321440.0, 324396.0, 321530.0, 321858.0, 0.0, 0.0, 0.0, 0.0, 0.0, 0.0, 0.0, 0.0, 0.0, 0.0, 0.0, 0.0, 0.0, 0.0, 0.0, 0.0, 0.0, 0.0, 0.0, 0.0, 0.0, 0.0, 0.0, 0.0, 0.0, 0.0, 0.0, 0.0, 0.0, 0.0, 0.0, 0.0, 0.0, 0.0, 0.0, 0.0, 0.0, 0.0, 0.0, 0.0, 0.0, 0.0, 0.0, 0.0, 0.0, 0.0, 0.0, 0.0, 0.0, 0.0, 0.0, 0.0, 0.0, 0.0, 0.0, 0.0, 0.0, 0.0, 0.0, 0.0, 0.0, 0.0, 0.0, 0.0, 0.0, 0.0, 0.0, 0.0, 0.0, 0.0, 0.0, 0.0, 0.0, 0.0, 0.0, 0.0, 0.0, 0.0, 0.0, 0.0, 0.0, 0.0, 0.0, 0.0, 0.0, 0.0, 0.0, 0.0, 0.0, 0.0, 0.0, 0.0, 0.0, 0.0, 0.0, 0.0, 0.0, 0.0, 0.0, 0.0, 0.0, 0.0, 0.0, 0.0, 0.0, 0.0, 0.0, 0.0, 0.0, 0.0, 0.0, 0.0, 0.0, 0.0, 0.0, 0.0, 0.0, 0.0, 0.0, 0.0, 0.0, 0.0, 0.0, 0.0, 0.0, 0.0, 0.0, 0.0, 0.0, 0.0, 0.0, 0.0, 0.0, 0.0, 0.0, 0.0, 0.0, 0.0, 0.0, 0.0, 0.0, 0.0, 0.0, 0.0, 0.0, 0.0, 0.0]
cong_K= Any[2, 2, 2, 2, 2, 2, 2, 2, 2, 2, 2, 2, 2, 2, 2, 2, 2, 2, 2, 2, 2, 2, 2, 2, 2, 2, 2, 2, 2, 2, 2, 2, 2, 2] 
obj_k= Any[351806, 349316, 347021, 344435, 343077, 342054, 341574, 340461, 339998, 339705, 337811, 335892, 334234, 334028, 332924, 331337, 331282, 330822, 330604, 330038, 329528, 328811, 326929, 326358, 326242, 322769, 320753, 320028, 319884, 319435, 318414, 317034, 316539, 316506] 
iter_obj = Any[1, 5, 6, 8, 11, 14, 16, 17, 19, 26, 28, 29, 31, 34, 41, 55, 59, 69, 72, 75, 86, 96, 106, 107, 110, 124, 137, 142, 149, 176, 185, 187, 240, 303] 
avgClusterDiam = 2635.733333333333 
maxClusterDiam = 3495.0 
clusterDiamete = [2637.0; 3211.0; 3057.0; 2527.0; 2300.0; 2739.0; 3495.0; 2263.0; 2779.0; 3281.0; 2484.0; 3319.0; 2027.0; 1770.0; 1647.0]   
C = [0, 0, 0, 1, 0, 0, 0, 0, 0, 0, 0, 0, 0, 0, 0, 0, 0, 0, 0, 0, 0, 0, 0, 0, 0, 0, 0, 0, 0, 0, 0, 0, 0, 0, 0, 0, 0, 0, 0, 0, 0, 0, 0, 0, 0, 0, 0, 0, 0, 0, 0, 0, 1, 0, 0, 0, 0, 0, 0, 0, 0, 0, 0, 0, 0, 0, 0, 0, 0, 0, 0, 0, 0, 0, 0, 0, 0, 0, 1, 0, 0, 0, 0, 0, 0, 0, 1, 0, 0, 0, 0, 0, 0, 0, 0, 0, 0, 0, 0, 0, 0, 0, 0, 0, 0, 0, 0, 0, 0, 0, 0, 0, 0, 0, 1, 0, 0, 0, 0, 0, 0, 0, 0, 0, 0, 0, 0, 0, 0, 0, 0, 0, 0, 0, 0, 0, 0, 0, 0, 0, 0, 0, 0, 0, 1, 0, 0, 0, 0, 0, 0, 0, 0, 0, 0, 0, 0, 0, 0, 0, 0, 0, 0, 0, 0, 0, 0, 0, 0, 0, 0, 0, 0, 0, 0, 0, 0, 0, 0, 0, 0, 0, 0, 0, 0, 0, 0, 0, 0, 0, 0, 0, 0, 0, 0, 0, 0, 0, 0, 0, 0, 0, 0, 0, 0, 0, 0, 1, 0, 0, 0, 0, 0, 0, 0, 0, 0, 0, 0, 0, 1, 0, 0, 0, 0, 0, 0, 0, 0, 0, 0, 0, 0, 0, 0, 0, 0, 0, 0, 0, 0, 0, 0, 0, 0, 0, 0, 0, 0, 0, 0, 0, 0, 0, 0, 0, 0, 0, 0, 0, 0, 0, 0, 1, 0, 0, 0, 0, 0, 0, 0, 0, 0, 0, 0, 0, 0, 0, 0, 0, 0, 0, 0, 0, 0, 0, 0, 0, 0, 0, 0, 0, 1, 0, 0, 0, 0, 0, 0, 0, 0, 0, 0, 0, 0, 0, 0, 0, 0, 0, 0, 0, 0, 1, 0, 0, 0, 0, 0, 0, 0, 0, 0, 0, 0, 0, 0, 0, 0, 0, 0, 0, 0, 0, 0, 0, 0, 0, 0, 0, 0, 0, 0, 1, 0, 0, 0, 0, 0, 0, 0, 0, 0, 0, 0, 0, 0, 0, 0, 0, 0, 0, 0, 0, 0, 0, 0, 1, 0, 0, 0, 0, 0, 0, 0, 0, 0, 0, 0, 0, 0, 0, 0, 0, 0, 0, 0, 0, 0, 0, 0, 0, 0, 0, 0, 0, 0, 0, 0, 0, 0, 0, 0, 0, 0, 0, 0, 0, 0, 0, 0, 0, 1, 0, 0, 0, 0, 0, 0, 0, 0, 0, 0, 0, 0, 0, 0, 1, 0, 0, 0, 0, 0, 0, 0, 0, 0, 0, 0, 0, 0, 0, 0, 0, 0, 0, 0, 0, 0, 0, 0, 0]
E = [4, 4, 115, 4, 4, 115, 4, 115, 115, 264, 115, 115, 53, 79, 4, 4, 115, 115, 115, 115, 4, 4, 4, 4, 4, 264, 115, 53, 264, 264, 264, 115, 145, 4, 4, 53, 53, 79, 145, 115, 87, 4, 87, 53, 53, 79, 145, 87, 53, 53, 145, 87, 53, 79, 87, 293, 53, 53, 293, 53, 79, 53, 79, 145, 264, 53, 53, 79, 79, 79, 79, 53, 79, 79, 79, 79, 79, 53, 79, 79, 79, 87, 79, 79, 115, 115, 87, 87, 87, 87, 87, 87, 87, 87, 87, 87, 87, 87, 264, 87, 87, 87, 4, 87, 87, 87, 87, 87, 87, 87, 4, 115, 115, 115, 115, 264, 115, 115, 115, 115, 115, 87, 115, 87, 115, 145, 115, 145, 145, 145, 145, 115, 115, 293, 145, 145, 145, 145, 145, 145, 145, 145, 145, 145, 145, 145, 145, 145, 145, 145, 145, 145, 145, 79, 145, 145, 293, 145, 145, 4, 145, 145, 145, 79, 145, 53, 79, 79, 79, 53, 79, 79, 79, 264, 79, 264, 53, 79, 79, 79, 79, 314, 4, 53, 53, 208, 53, 53, 53, 53, 53, 221, 221, 4, 208, 208, 221, 221, 208, 208, 208, 208, 221, 208, 208, 221, 4, 208, 221, 221, 208, 208, 221, 221, 221, 208, 53, 208, 221, 221, 221, 208, 208, 208, 208, 53, 221, 221, 221, 221, 208, 4, 221, 208, 221, 221, 221, 221, 4, 221, 221, 208, 208, 221, 208, 208, 4, 4, 4, 53, 4, 4, 4, 115, 4, 115, 4, 208, 115, 87, 53, 87, 115, 264, 264, 264, 264, 264, 264, 115, 264, 264, 264, 264, 264, 145, 145, 293, 293, 145, 293, 293, 293, 314, 79, 79, 79, 314, 79, 344, 293, 293, 293, 293, 293, 293, 293, 293, 293, 293, 314, 344, 314, 314, 314, 314, 314, 314, 314, 314, 314, 314, 314, 314, 314, 344, 293, 293, 293, 293, 344, 344, 293, 344, 344, 344, 314, 314, 314, 314, 314, 368, 314, 368, 368, 344, 344, 344, 344, 344, 344, 344, 344, 344, 368, 368, 368, 314, 314, 314, 314, 314, 368, 368, 368, 344, 344, 344, 344, 344, 368, 368, 368, 368, 368, 368, 368, 368, 368, 368, 368, 413, 344, 344, 344, 344, 344, 413, 413, 413, 368, 368, 368, 368, 368, 368, 368, 368, 368, 368, 413, 413, 413, 413, 413, 413, 413, 413, 413, 413, 428, 428, 344, 344, 344, 428, 428, 428, 428, 428, 428, 428, 413, 413, 413, 413, 368, 368, 368, 413, 413, 413, 413, 413, 413, 428, 428, 428, 428, 428, 428, 428, 413, 413, 413, 413, 413, 413, 413, 428, 428, 428, 428, 428, 428, 428, 53, 87, 53, 264, 221, 208]
