n° iter       = 600 
neighborhood_structure = [3] 
Prioridad     = 5 
balance       = 0.2 
Len_N         = 1 
N° clusters   = 15 
N° estaciones = 452 
N° mejoras    = 17
N° iter completadas  = 166
1° FO         = 379847.0
FO            = 323778
Centros       = [20, 37, 72, 96, 143, 152, 215, 224, 270, 292, 307, 337, 387, 413, 429]
Objs= Any[379847.0, 379847.0, 378380, 374905, 368663, 364103, 360930, 360930, 349934, 347803, 347803, 347803, 347803, 347803, 347803, 347803, 347803, 347803, 347803, 347803, 342319, 342319, 342319, 340813, 340813, 340813, 340813, 340813, 340813, 340813, 337671, 337671, 337671, 337671, 337671, 335901, 335901, 335901, 334554, 334554, 334554, 334554, 334554, 334554, 334554, 334554, 334554, 334554, 334554, 334554, 334554, 334554, 334554, 334554, 334554, 334554, 332723, 332723, 332723, 332723, 332723, 332723, 332723, 332723, 332723, 332723, 332723, 332723, 332723, 332723, 332723, 332723, 332723, 332723, 332723, 332723, 332723, 332723, 332723, 332723, 332723, 332723, 332723, 332723, 329607, 329607, 329607, 329607, 329607, 329607, 329607, 329607, 328300, 328300, 328300, 328300, 328300, 328300, 328300, 328300, 328300, 328300, 328300, 328300, 328300, 328300, 328300, 328300, 328300, 328300, 328300, 328300, 328224, 328224, 328224, 328224, 328224, 328224, 328224, 328224, 328224, 328224, 328224, 328224, 328224, 328224, 328224, 328224, 328224, 328224, 328224, 328224, 323778, 323778, 323778, 323778, 323778, 323778, 323778, 323778, 323778, 323778, 323778, 323778, 323778, 323778, 323778, 323778, 323778, 323778, 323778, 323778, 323778, 323778, 323778, 323778, 323778, 323778, 323778, 323778, 323778, 323778, 323778, 323778, 323778, 323778, 323778]
current_obj = [391442.0, 378380.0, 374905.0, 368663.0, 364103.0, 360930.0, 362724.0, 349934.0, 347803.0, 354295.0, 355883.0, 349722.0, 348174.0, 349599.0, 348731.0, 355806.0, 356043.0, 356414.0, 356084.0, 342319.0, 378685.0, 360112.0, 340813.0, 353422.0, 344695.0, 344151.0, 348887.0, 361796.0, 351974.0, 337671.0, 344989.0, 340942.0, 361612.0, 349869.0, 335901.0, 343956.0, 354230.0, 334554.0, 340560.0, 338803.0, 341942.0, 337997.0, 349085.0, 343359.0, 349794.0, 348250.0, 339503.0, 344249.0, 343861.0, 347034.0, 342595.0, 344378.0, 338318.0, 347427.0, 345494.0, 332723.0, 342350.0, 354192.0, 338206.0, 334265.0, 336156.0, 333016.0, 334787.0, 339114.0, 334956.0, 348171.0, 341774.0, 346060.0, 355122.0, 335922.0, 343302.0, 340950.0, 341856.0, 335101.0, 336101.0, 345294.0, 336014.0, 348395.0, 340518.0, 343519.0, 347482.0, 346475.0, 336381.0, 329607.0, 331381.0, 334345.0, 330870.0, 347041.0, 341782.0, 333916.0, 332973.0, 328300.0, 334230.0, 338037.0, 345611.0, 330792.0, 340205.0, 345659.0, 334592.0, 335695.0, 336720.0, 348313.0, 336021.0, 332891.0, 340604.0, 333351.0, 339882.0, 346726.0, 335239.0, 348144.0, 334249.0, 328224.0, 341232.0, 329754.0, 348509.0, 336601.0, 334852.0, 348893.0, 334175.0, 342421.0, 342791.0, 331343.0, 341192.0, 337388.0, 334204.0, 342258.0, 334490.0, 341312.0, 331092.0, 333758.0, 338592.0, 323778.0, 331955.0, 341663.0, 333741.0, 338309.0, 327709.0, 330167.0, 335521.0, 333529.0, 334555.0, 330060.0, 337306.0, 326603.0, 334333.0, 329478.0, 333809.0, 340657.0, 328253.0, 329999.0, 339588.0, 332930.0, 337126.0, 327336.0, 335398.0, 339038.0, 337007.0, 329300.0, 338631.0, 337764.0, 346882.0, 332418.0, 337935.0, 332312.0, 340694.0, 333772.0, 332784.0, 0.0, 0.0, 0.0, 0.0, 0.0, 0.0, 0.0, 0.0, 0.0, 0.0, 0.0, 0.0, 0.0, 0.0, 0.0, 0.0, 0.0, 0.0, 0.0, 0.0, 0.0, 0.0, 0.0, 0.0, 0.0, 0.0, 0.0, 0.0, 0.0, 0.0, 0.0, 0.0, 0.0, 0.0, 0.0, 0.0, 0.0, 0.0, 0.0, 0.0, 0.0, 0.0, 0.0, 0.0, 0.0, 0.0, 0.0, 0.0, 0.0, 0.0, 0.0, 0.0, 0.0, 0.0, 0.0, 0.0, 0.0, 0.0, 0.0, 0.0, 0.0, 0.0, 0.0, 0.0, 0.0, 0.0, 0.0, 0.0, 0.0, 0.0, 0.0, 0.0, 0.0, 0.0, 0.0, 0.0, 0.0, 0.0, 0.0, 0.0, 0.0, 0.0, 0.0, 0.0, 0.0, 0.0, 0.0, 0.0, 0.0, 0.0, 0.0, 0.0, 0.0, 0.0, 0.0, 0.0, 0.0, 0.0, 0.0, 0.0, 0.0, 0.0, 0.0, 0.0, 0.0, 0.0, 0.0, 0.0, 0.0, 0.0, 0.0, 0.0, 0.0, 0.0, 0.0, 0.0, 0.0, 0.0, 0.0, 0.0, 0.0, 0.0, 0.0, 0.0, 0.0, 0.0, 0.0, 0.0, 0.0, 0.0, 0.0, 0.0, 0.0, 0.0, 0.0, 0.0, 0.0, 0.0, 0.0, 0.0, 0.0, 0.0, 0.0, 0.0, 0.0, 0.0, 0.0, 0.0, 0.0, 0.0, 0.0, 0.0, 0.0, 0.0, 0.0, 0.0, 0.0, 0.0, 0.0, 0.0, 0.0, 0.0, 0.0, 0.0, 0.0, 0.0, 0.0, 0.0, 0.0, 0.0, 0.0, 0.0, 0.0, 0.0, 0.0, 0.0, 0.0, 0.0, 0.0, 0.0, 0.0, 0.0, 0.0, 0.0, 0.0, 0.0, 0.0, 0.0, 0.0, 0.0, 0.0, 0.0, 0.0, 0.0, 0.0, 0.0, 0.0, 0.0, 0.0, 0.0, 0.0, 0.0, 0.0, 0.0, 0.0, 0.0, 0.0, 0.0, 0.0, 0.0, 0.0, 0.0, 0.0, 0.0, 0.0, 0.0, 0.0, 0.0, 0.0, 0.0, 0.0, 0.0, 0.0, 0.0, 0.0, 0.0, 0.0, 0.0, 0.0, 0.0, 0.0, 0.0, 0.0, 0.0, 0.0, 0.0, 0.0, 0.0, 0.0, 0.0, 0.0, 0.0, 0.0, 0.0, 0.0, 0.0, 0.0, 0.0, 0.0, 0.0, 0.0, 0.0, 0.0, 0.0, 0.0, 0.0, 0.0, 0.0, 0.0, 0.0, 0.0, 0.0, 0.0, 0.0, 0.0, 0.0, 0.0, 0.0, 0.0, 0.0, 0.0, 0.0, 0.0, 0.0, 0.0, 0.0, 0.0, 0.0, 0.0, 0.0, 0.0, 0.0, 0.0, 0.0, 0.0, 0.0, 0.0, 0.0, 0.0, 0.0, 0.0, 0.0, 0.0, 0.0, 0.0, 0.0, 0.0, 0.0, 0.0, 0.0, 0.0, 0.0, 0.0, 0.0, 0.0, 0.0, 0.0, 0.0, 0.0, 0.0, 0.0, 0.0, 0.0, 0.0, 0.0, 0.0, 0.0, 0.0, 0.0, 0.0, 0.0, 0.0, 0.0, 0.0, 0.0, 0.0, 0.0, 0.0, 0.0, 0.0, 0.0, 0.0, 0.0, 0.0, 0.0, 0.0, 0.0, 0.0, 0.0, 0.0, 0.0, 0.0, 0.0, 0.0, 0.0, 0.0, 0.0, 0.0, 0.0, 0.0, 0.0, 0.0, 0.0, 0.0, 0.0, 0.0, 0.0, 0.0, 0.0, 0.0, 0.0, 0.0, 0.0, 0.0, 0.0, 0.0, 0.0, 0.0, 0.0, 0.0, 0.0, 0.0, 0.0, 0.0, 0.0, 0.0, 0.0, 0.0, 0.0, 0.0, 0.0, 0.0, 0.0, 0.0, 0.0, 0.0, 0.0, 0.0, 0.0, 0.0, 0.0, 0.0, 0.0, 0.0, 0.0, 0.0, 0.0, 0.0, 0.0, 0.0, 0.0, 0.0, 0.0, 0.0, 0.0, 0.0, 0.0, 0.0, 0.0, 0.0, 0.0, 0.0, 0.0, 0.0, 0.0, 0.0, 0.0, 0.0, 0.0, 0.0, 0.0, 0.0, 0.0, 0.0, 0.0, 0.0, 0.0, 0.0, 0.0, 0.0, 0.0, 0.0, 0.0]
cong_K= Any[3, 3, 3, 3, 3, 3, 3, 3, 3, 3, 3, 3, 3, 3, 3, 3, 3] 
obj_k= Any[378380, 374905, 368663, 364103, 360930, 349934, 347803, 342319, 340813, 337671, 335901, 334554, 332723, 329607, 328300, 328224, 323778] 
iter_obj = Any[2, 3, 4, 5, 6, 8, 9, 20, 23, 30, 35, 38, 56, 84, 92, 112, 132] 
avgClusterDiam = 2684.6666666666665 
maxClusterDiam = 3699.0 
clusterDiamete = [2683.0; 2347.0; 3699.0; 2527.0; 2389.0; 2857.0; 2263.0; 3119.0; 3081.0; 3207.0; 3328.0; 3015.0; 2201.0; 1795.0; 1759.0]   
C = [0, 0, 0, 0, 0, 0, 0, 0, 0, 0, 0, 0, 0, 0, 0, 0, 0, 0, 0, 1, 0, 0, 0, 0, 0, 0, 0, 0, 0, 0, 0, 0, 0, 0, 0, 0, 1, 0, 0, 0, 0, 0, 0, 0, 0, 0, 0, 0, 0, 0, 0, 0, 0, 0, 0, 0, 0, 0, 0, 0, 0, 0, 0, 0, 0, 0, 0, 0, 0, 0, 0, 1, 0, 0, 0, 0, 0, 0, 0, 0, 0, 0, 0, 0, 0, 0, 0, 0, 0, 0, 0, 0, 0, 0, 0, 1, 0, 0, 0, 0, 0, 0, 0, 0, 0, 0, 0, 0, 0, 0, 0, 0, 0, 0, 0, 0, 0, 0, 0, 0, 0, 0, 0, 0, 0, 0, 0, 0, 0, 0, 0, 0, 0, 0, 0, 0, 0, 0, 0, 0, 0, 0, 1, 0, 0, 0, 0, 0, 0, 0, 0, 1, 0, 0, 0, 0, 0, 0, 0, 0, 0, 0, 0, 0, 0, 0, 0, 0, 0, 0, 0, 0, 0, 0, 0, 0, 0, 0, 0, 0, 0, 0, 0, 0, 0, 0, 0, 0, 0, 0, 0, 0, 0, 0, 0, 0, 0, 0, 0, 0, 0, 0, 0, 0, 0, 0, 0, 0, 0, 0, 0, 0, 0, 0, 1, 0, 0, 0, 0, 0, 0, 0, 0, 1, 0, 0, 0, 0, 0, 0, 0, 0, 0, 0, 0, 0, 0, 0, 0, 0, 0, 0, 0, 0, 0, 0, 0, 0, 0, 0, 0, 0, 0, 0, 0, 0, 0, 0, 0, 0, 0, 0, 0, 0, 0, 0, 0, 0, 0, 1, 0, 0, 0, 0, 0, 0, 0, 0, 0, 0, 0, 0, 0, 0, 0, 0, 0, 0, 0, 0, 0, 1, 0, 0, 0, 0, 0, 0, 0, 0, 0, 0, 0, 0, 0, 0, 1, 0, 0, 0, 0, 0, 0, 0, 0, 0, 0, 0, 0, 0, 0, 0, 0, 0, 0, 0, 0, 0, 0, 0, 0, 0, 0, 0, 0, 0, 1, 0, 0, 0, 0, 0, 0, 0, 0, 0, 0, 0, 0, 0, 0, 0, 0, 0, 0, 0, 0, 0, 0, 0, 0, 0, 0, 0, 0, 0, 0, 0, 0, 0, 0, 0, 0, 0, 0, 0, 0, 0, 0, 0, 0, 0, 0, 0, 0, 0, 1, 0, 0, 0, 0, 0, 0, 0, 0, 0, 0, 0, 0, 0, 0, 0, 0, 0, 0, 0, 0, 0, 0, 0, 0, 0, 1, 0, 0, 0, 0, 0, 0, 0, 0, 0, 0, 0, 0, 0, 0, 0, 1, 0, 0, 0, 0, 0, 0, 0, 0, 0, 0, 0, 0, 0, 0, 0, 0, 0, 0, 0, 0, 0, 0, 0]
E = [20, 224, 20, 20, 20, 20, 72, 20, 20, 270, 20, 20, 72, 72, 37, 20, 20, 20, 20, 20, 37, 37, 37, 37, 20, 270, 20, 37, 270, 270, 270, 37, 270, 37, 37, 37, 37, 72, 152, 37, 96, 37, 96, 37, 37, 152, 143, 96, 37, 37, 152, 96, 37, 152, 96, 292, 37, 37, 292, 37, 152, 72, 152, 152, 270, 72, 72, 72, 152, 152, 152, 72, 72, 307, 72, 152, 72, 72, 72, 152, 152, 96, 152, 152, 20, 20, 96, 96, 96, 96, 96, 96, 96, 96, 96, 96, 96, 96, 96, 96, 96, 96, 20, 96, 96, 96, 96, 96, 96, 96, 20, 270, 270, 270, 20, 270, 20, 20, 20, 20, 20, 96, 20, 96, 20, 143, 20, 143, 143, 143, 143, 143, 143, 143, 143, 152, 143, 143, 143, 143, 143, 152, 143, 143, 143, 152, 143, 143, 143, 152, 143, 152, 152, 152, 143, 152, 292, 143, 143, 20, 152, 152, 143, 152, 152, 72, 72, 72, 72, 72, 72, 72, 72, 270, 152, 0, 72, 72, 152, 152, 72, 292, 20, 72, 72, 224, 72, 72, 72, 72, 72, 224, 215, 37, 224, 224, 215, 215, 224, 224, 224, 215, 215, 215, 224, 215, 224, 224, 215, 215, 224, 224, 215, 215, 215, 215, 37, 224, 215, 215, 215, 224, 224, 224, 224, 72, 215, 215, 215, 215, 224, 72, 215, 224, 215, 215, 215, 215, 224, 215, 215, 215, 215, 215, 224, 224, 72, 20, 20, 72, 224, 72, 37, 270, 20, 20, 20, 224, 270, 96, 37, 96, 20, 270, 270, 270, 270, 270, 270, 270, 270, 270, 270, 270, 270, 292, 152, 152, 292, 143, 152, 292, 292, 307, 307, 72, 72, 307, 307, 307, 292, 292, 292, 292, 292, 292, 292, 292, 292, 292, 307, 337, 307, 307, 307, 307, 307, 307, 307, 307, 307, 307, 307, 307, 307, 337, 292, 292, 292, 292, 337, 292, 337, 337, 337, 387, 307, 307, 307, 307, 307, 307, 307, 337, 337, 337, 337, 337, 337, 337, 337, 337, 337, 337, 337, 337, 337, 307, 307, 307, 307, 307, 387, 387, 337, 337, 337, 337, 337, 337, 387, 307, 387, 307, 387, 387, 387, 387, 387, 387, 387, 337, 337, 337, 337, 337, 413, 413, 413, 387, 387, 387, 387, 387, 387, 387, 387, 387, 387, 387, 387, 413, 413, 413, 413, 413, 413, 413, 413, 413, 429, 429, 429, 429, 337, 413, 429, 429, 429, 429, 429, 413, 413, 413, 413, 413, 387, 387, 387, 387, 413, 413, 413, 413, 413, 413, 413, 429, 429, 429, 429, 429, 413, 413, 413, 413, 413, 413, 413, 413, 429, 429, 429, 429, 429, 429, 37, 96, 37, 270, 224, 224]
