n° iter       = 300 
neighborhood_structure = [1 2 3] 
Prioridad     = 10 
balance       = 0.5 
Len_N         = 3 
N° clusters   = 7 
N° estaciones = 228 
N° mejoras    = 21
N° iter completadas  = 185
1° FO         = 205228.0
FO            = 165271
Centros       = [87, 117, 150, 275, 298, 377, 428]
Objs= Any[205228.0, 191616, 188756, 176894, 176626, 174064, 174064, 173975, 173975, 173673, 172598, 171857, 171857, 171857, 171857, 171857, 171857, 171857, 171857, 170884, 170884, 170627, 170627, 170627, 170627, 170627, 170627, 170627, 170627, 170054, 170054, 170054, 170054, 170054, 168647, 168647, 168647, 168647, 168647, 168647, 168647, 168647, 168647, 168647, 168647, 168647, 168647, 168647, 168647, 168647, 168647, 168647, 168647, 168374, 168374, 168374, 168374, 168374, 168374, 168374, 168374, 168374, 168374, 168374, 168374, 168374, 168097, 167716, 167263, 166076, 166076, 166076, 166076, 166076, 166076, 166076, 166076, 166076, 166076, 166076, 166076, 166076, 166076, 166076, 165807, 165807, 165807, 165807, 165807, 165807, 165807, 165807, 165807, 165304, 165304, 165304, 165304, 165304, 165304, 165304, 165304, 165304, 165304, 165304, 165304, 165304, 165304, 165304, 165304, 165304, 165304, 165271, 165271, 165271, 165271, 165271, 165271, 165271, 165271, 165271, 165271, 165271, 165271, 165271, 165271, 165271, 165271, 165271, 165271, 165271, 165271, 165271, 165271, 165271, 165271, 165271, 165271, 165271, 165271, 165271, 165271, 165271, 165271, 165271, 165271, 165271, 165271, 165271, 165271, 165271, 165271, 165271, 165271, 165271, 165271, 165271, 165271, 165271, 165271, 165271, 165271, 165271, 165271, 165271, 165271, 165271, 165271, 165271, 165271, 165271, 165271, 165271, 165271, 165271, 165271, 165271, 165271, 165271, 165271, 165271, 165271, 165271, 165271, 165271, 165271, 165271]
current_obj = [191616.0, 188756.0, 176894.0, 176626.0, 174064.0, 175089.0, 173975.0, 176050.0, 173673.0, 172598.0, 171857.0, 172428.0, 173646.0, 174232.0, 172435.0, 172179.0, 173359.0, 172159.0, 170884.0, 182561.0, 170627.0, 171121.0, 176718.0, 171915.0, 172090.0, 172129.0, 173888.0, 172446.0, 170054.0, 170509.0, 189489.0, 170509.0, 175904.0, 168647.0, 170548.0, 170689.0, 169227.0, 172505.0, 169885.0, 172100.0, 171349.0, 171916.0, 168939.0, 170054.0, 172485.0, 168976.0, 172505.0, 169959.0, 169627.0, 169278.0, 171901.0, 169959.0, 168374.0, 169795.0, 170402.0, 170653.0, 170328.0, 171454.0, 169759.0, 170653.0, 172420.0, 170729.0, 168881.0, 169482.0, 169685.0, 168097.0, 167716.0, 167263.0, 166076.0, 167263.0, 167662.0, 167302.0, 166773.0, 173615.0, 166529.0, 166523.0, 167612.0, 166365.0, 168897.0, 169252.0, 169454.0, 167941.0, 169000.0, 165807.0, 169769.0, 166363.0, 167811.0, 169197.0, 167793.0, 167330.0, 168780.0, 166485.0, 165304.0, 169246.0, 165452.0, 166565.0, 167895.0, 165860.0, 167810.0, 170278.0, 168749.0, 165807.0, 168411.0, 166827.0, 165806.0, 1.0e15, 166100.0, 169323.0, 168749.0, 167191.0, 165271.0, 168524.0, 165953.0, 167435.0, 167879.0, 167086.0, 168721.0, 165573.0, 168836.0, 176048.0, 166362.0, 166565.0, 166659.0, 167227.0, 167352.0, 167639.0, 170319.0, 193587.0, 165528.0, 167385.0, 166162.0, 167385.0, 171156.0, 166445.0, 165953.0, 165697.0, 167434.0, 168730.0, 169765.0, 165304.0, 165697.0, 169555.0, 166760.0, 166445.0, 166448.0, 165697.0, 166760.0, 165573.0, 166659.0, 169466.0, 166620.0, 168109.0, 166448.0, 168020.0, 168543.0, 166021.0, 169928.0, 167257.0, 167182.0, 171176.0, 166067.0, 167341.0, 166562.0, 167013.0, 166162.0, 167435.0, 169813.0, 165697.0, 166447.0, 168510.0, 166282.0, 169787.0, 168190.0, 169000.0, 165687.0, 165827.0, 165539.0, 167044.0, 169787.0, 167647.0, 166262.0, 165878.0, 175516.0, 168524.0, 167037.0, 167435.0, 0.0, 0.0, 0.0, 0.0, 0.0, 0.0, 0.0, 0.0, 0.0, 0.0, 0.0, 0.0, 0.0, 0.0, 0.0, 0.0, 0.0, 0.0, 0.0, 0.0, 0.0, 0.0, 0.0, 0.0, 0.0, 0.0, 0.0, 0.0, 0.0, 0.0, 0.0, 0.0, 0.0, 0.0, 0.0, 0.0, 0.0, 0.0, 0.0, 0.0, 0.0, 0.0, 0.0, 0.0, 0.0, 0.0, 0.0, 0.0, 0.0, 0.0, 0.0, 0.0, 0.0, 0.0, 0.0, 0.0, 0.0, 0.0, 0.0, 0.0, 0.0, 0.0, 0.0, 0.0, 0.0, 0.0, 0.0, 0.0, 0.0, 0.0, 0.0, 0.0, 0.0, 0.0, 0.0, 0.0, 0.0, 0.0, 0.0, 0.0, 0.0, 0.0, 0.0, 0.0, 0.0, 0.0, 0.0, 0.0, 0.0, 0.0, 0.0, 0.0, 0.0, 0.0, 0.0, 0.0, 0.0, 0.0, 0.0, 0.0, 0.0, 0.0, 0.0, 0.0, 0.0, 0.0, 0.0, 0.0, 0.0, 0.0, 0.0, 0.0, 0.0, 0.0]
cong_K= Any[2, 2, 2, 3, 2, 1, 1, 1, 1, 1, 1, 1, 1, 1, 1, 1, 1, 1, 1, 1, 1] 
obj_k= Any[191616, 188756, 176894, 176626, 174064, 173975, 173673, 172598, 171857, 170884, 170627, 170054, 168647, 168374, 168097, 167716, 167263, 166076, 165807, 165304, 165271] 
iter_obj = Any[1, 2, 3, 4, 5, 7, 9, 10, 11, 19, 21, 29, 34, 53, 66, 67, 68, 69, 84, 93, 111] 
avgClusterDiam = 2553.1428571428573 
maxClusterDiam = 4731.0 
clusterDiamete = [2027.0; 2580.0; 2439.0; 2334.0; 4731.0; 2080.0; 1681.0]   
C = [0, 0, 0, 0, 0, 0, 0, 0, 0, 0, 0, 0, 0, 0, 0, 0, 0, 0, 0, 0, 0, 0, 0, 0, 0, 0, 0, 0, 0, 0, 0, 0, 0, 0, 0, 0, 0, 0, 0, 0, 0, 0, 0, 0, 1, 0, 0, 0, 0, 0, 0, 0, 0, 0, 0, 0, 0, 0, 0, 0, 0, 0, 0, 0, 0, 0, 0, 0, 0, 0, 0, 0, 0, 0, 1, 0, 0, 0, 0, 0, 0, 0, 0, 0, 0, 0, 0, 0, 0, 0, 0, 0, 0, 0, 0, 0, 0, 0, 0, 0, 0, 0, 0, 0, 0, 0, 0, 1, 0, 0, 0, 0, 0, 0, 0, 0, 0, 0, 0, 0, 0, 0, 0, 0, 0, 0, 0, 0, 0, 0, 0, 0, 0, 0, 0, 0, 0, 0, 0, 0, 0, 0, 0, 0, 0, 0, 0, 0, 1, 0, 0, 0, 0, 0, 0, 0, 0, 0, 0, 0, 0, 0, 0, 1, 0, 0, 0, 0, 0, 0, 0, 0, 0, 0, 0, 0, 0, 0, 0, 0, 0, 0, 0, 0, 0, 0, 0, 0, 0, 0, 0, 0, 0, 1, 0, 0, 0, 0, 0, 0, 0, 0, 0, 0, 0, 0, 0, 0, 0, 0, 0, 0, 0, 0, 1, 0, 0, 0, 0, 0, 0, 0, 0, 0, 0, 0, 0, 0]
E = [117, 117, 117, 117, 275, 117, 117, 117, 117, 117, 275, 117, 275, 275, 275, 117, 117, 117, 87, 87, 117, 87, 87, 150, 87, 150, 150, 298, 150, 150, 150, 87, 150, 150, 150, 298, 150, 150, 150, 87, 150, 150, 117, 117, 87, 87, 87, 87, 87, 87, 87, 87, 87, 87, 87, 87, 87, 87, 87, 87, 275, 87, 87, 87, 117, 117, 87, 87, 117, 275, 117, 117, 117, 117, 117, 117, 117, 117, 117, 87, 117, 117, 117, 117, 117, 117, 117, 117, 117, 117, 117, 117, 117, 150, 117, 117, 150, 150, 150, 150, 150, 150, 150, 150, 150, 150, 150, 150, 150, 150, 150, 150, 150, 150, 298, 150, 150, 275, 150, 150, 150, 150, 150, 275, 275, 150, 150, 298, 117, 275, 117, 275, 117, 275, 87, 87, 117, 275, 275, 275, 275, 275, 275, 275, 275, 275, 275, 275, 275, 298, 150, 150, 298, 150, 150, 298, 298, 298, 298, 298, 298, 298, 298, 298, 298, 298, 298, 298, 298, 298, 298, 298, 298, 298, 377, 298, 298, 298, 298, 298, 377, 298, 377, 377, 298, 377, 298, 298, 298, 298, 377, 377, 377, 377, 377, 377, 377, 377, 298, 377, 377, 428, 298, 428, 377, 428, 428, 428, 428, 428, 377, 428, 428, 428, 428, 428, 428, 428, 428, 428, 428, 428, 428, 428, 428, 428, 87, 275]
