n° iter       = 300 
neighborhood_structure = [1] 
Prioridad     = 10 
balance       = 0.5 
Len_N         = 3 
N° clusters   = 7 
N° estaciones = 228 
N° mejoras    = 24
N° iter completadas  = 246
1° FO         = 211022.0
FO            = 165178
Centros       = [87, 130, 153, 259, 319, 377, 429]
Objs= Any[211022.0, 196279, 196279, 193333, 189064, 186990, 183926, 178920, 178532, 178532, 178532, 178532, 178166, 178166, 175760, 175760, 175760, 175760, 175760, 175760, 175760, 175760, 174772, 174772, 174300, 174300, 174300, 173379, 173379, 173015, 173015, 173015, 173015, 173015, 173015, 173015, 173015, 171617, 171126, 170715, 170715, 170715, 170715, 170715, 170715, 170715, 170715, 170715, 170125, 170125, 170125, 170125, 169801, 169801, 169801, 169801, 169801, 169801, 169801, 169801, 169801, 169801, 169801, 168325, 168325, 168325, 168325, 168325, 168325, 168325, 168325, 168325, 168325, 168325, 168325, 168325, 168325, 168325, 168325, 168325, 168325, 168325, 168325, 168325, 168325, 168325, 168325, 168325, 168325, 168325, 168325, 167300, 167300, 167300, 167300, 167300, 167300, 167300, 167300, 167300, 167300, 167300, 167300, 167300, 167300, 167300, 167300, 167300, 167300, 167300, 167300, 167300, 166314, 166314, 166314, 166314, 166314, 166314, 166314, 166314, 166314, 166314, 166092, 166092, 166092, 166092, 166092, 166092, 166092, 166092, 166092, 166092, 166092, 166092, 166092, 166092, 166092, 166092, 166092, 166092, 166092, 166092, 166092, 166092, 166092, 166092, 166092, 166092, 166092, 166092, 166092, 166092, 166092, 166092, 166092, 166092, 166092, 166092, 166092, 166092, 166092, 166092, 166092, 166092, 166092, 166092, 166092, 165474, 165474, 165474, 165474, 165474, 165178, 165178, 165178, 165178, 165178, 165178, 165178, 165178, 165178, 165178, 165178, 165178, 165178, 165178, 165178, 165178, 165178, 165178, 165178, 165178, 165178, 165178, 165178, 165178, 165178, 165178, 165178, 165178, 165178, 165178, 165178, 165178, 165178, 165178, 165178, 165178, 165178, 165178, 165178, 165178, 165178, 165178, 165178, 165178, 165178, 165178, 165178, 165178, 165178, 165178, 165178, 165178, 165178, 165178, 165178, 165178, 165178, 165178, 165178, 165178, 165178, 165178, 165178, 165178, 165178, 165178, 165178, 165178, 165178, 165178, 165178, 165178, 165178, 165178, 165178]
current_obj = [196279.0, 1.0e15, 193333.0, 189064.0, 186990.0, 183926.0, 178920.0, 178532.0, 178840.0, 185959.0, 178894.0, 178166.0, 178204.0, 175760.0, 176188.0, 176519.0, 178917.0, 175842.0, 176473.0, 179417.0, 177033.0, 174772.0, 1.0e15, 174300.0, 175288.0, 176557.0, 173379.0, 174837.0, 173015.0, 174169.0, 175334.0, 1.0e15, 174369.0, 175672.0, 1.0e15, 173379.0, 171617.0, 171126.0, 170715.0, 171838.0, 1.0e15, 172611.0, 172382.0, 172641.0, 170894.0, 184170.0, 172483.0, 170125.0, 181806.0, 171386.0, 173973.0, 169801.0, 170375.0, 176061.0, 1.0e15, 174208.0, 177706.0, 171622.0, 169883.0, 1.0e15, 172571.0, 1.0e15, 168325.0, 174947.0, 170030.0, 171910.0, 170093.0, 173987.0, 171540.0, 169002.0, 170169.0, 168689.0, 171517.0, 169002.0, 172896.0, 1.0e15, 168881.0, 168689.0, 168881.0, 171436.0, 172346.0, 168881.0, 1.0e15, 174744.0, 173355.0, 168435.0, 168902.0, 170221.0, 173444.0, 168747.0, 167300.0, 168777.0, 168967.0, 168888.0, 170594.0, 169923.0, 168894.0, 1.0e15, 168894.0, 180742.0, 167664.0, 167453.0, 169144.0, 167410.0, 175024.0, 169285.0, 169196.0, 172419.0, 170973.0, 169144.0, 168313.0, 166314.0, 168074.0, 168240.0, 168019.0, 177126.0, 166604.0, 190435.0, 168012.0, 166935.0, 174895.0, 166092.0, 169608.0, 169940.0, 171737.0, 167261.0, 168860.0, 167261.0, 166203.0, 166504.0, 167790.0, 171788.0, 167488.0, 166314.0, 171788.0, 168710.0, 166382.0, 168922.0, 1.0e15, 168340.0, 168922.0, 166314.0, 1.0e15, 168091.0, 168277.0, 167680.0, 169649.0, 168277.0, 167837.0, 166314.0, 167981.0, 167940.0, 167261.0, 167165.0, 1.0e15, 169650.0, 170751.0, 167395.0, 173738.0, 167164.0, 166346.0, 170318.0, 166105.0, 167280.0, 167280.0, 1.0e15, 165474.0, 168813.0, 167862.0, 170036.0, 166460.0, 165178.0, 166385.0, 167371.0, 166653.0, 168542.0, 165468.0, 171802.0, 168097.0, 167908.0, 171794.0, 171374.0, 166850.0, 167276.0, 171374.0, 1.0e15, 167026.0, 1.0e15, 168019.0, 170743.0, 169959.0, 167032.0, 167798.0, 166850.0, 167566.0, 167177.0, 169044.0, 165418.0, 166347.0, 165418.0, 167908.0, 165796.0, 165998.0, 167798.0, 166215.0, 170823.0, 166529.0, 166949.0, 170491.0, 171595.0, 169175.0, 170874.0, 171047.0, 168564.0, 1.0e15, 166563.0, 166585.0, 174358.0, 166215.0, 168008.0, 168831.0, 165998.0, 165998.0, 171385.0, 169639.0, 169142.0, 170579.0, 169834.0, 166653.0, 168564.0, 1.0e15, 166653.0, 166080.0, 173059.0, 166653.0, 170743.0, 167177.0, 165418.0, 166080.0, 170271.0, 167623.0, 167371.0, 1.0e15, 169175.0, 168813.0, 169517.0, 1.0e15, 0.0, 0.0, 0.0, 0.0, 0.0, 0.0, 0.0, 0.0, 0.0, 0.0, 0.0, 0.0, 0.0, 0.0, 0.0, 0.0, 0.0, 0.0, 0.0, 0.0, 0.0, 0.0, 0.0, 0.0, 0.0, 0.0, 0.0, 0.0, 0.0, 0.0, 0.0, 0.0, 0.0, 0.0, 0.0, 0.0, 0.0, 0.0, 0.0, 0.0, 0.0, 0.0, 0.0, 0.0, 0.0, 0.0, 0.0, 0.0, 0.0, 0.0, 0.0, 0.0, 0.0]
cong_K= Any[1, 1, 1, 1, 1, 1, 1, 1, 1, 1, 1, 1, 1, 1, 1, 1, 1, 1, 1, 1, 1, 1, 1, 1] 
obj_k= Any[196279, 193333, 189064, 186990, 183926, 178920, 178532, 178166, 175760, 174772, 174300, 173379, 173015, 171617, 171126, 170715, 170125, 169801, 168325, 167300, 166314, 166092, 165474, 165178] 
iter_obj = Any[1, 3, 4, 5, 6, 7, 8, 12, 14, 22, 24, 27, 29, 37, 38, 39, 48, 52, 63, 91, 112, 122, 167, 172] 
avgClusterDiam = 2413.285714285714 
maxClusterDiam = 4514.0 
clusterDiamete = [1982.0; 2045.0; 2257.0; 2334.0; 4514.0; 2080.0; 1681.0]   
C = [0, 0, 0, 0, 0, 0, 0, 0, 0, 0, 0, 0, 0, 0, 0, 0, 0, 0, 0, 0, 0, 0, 0, 0, 0, 0, 0, 0, 0, 0, 0, 0, 0, 0, 0, 0, 0, 0, 0, 0, 0, 0, 0, 0, 1, 0, 0, 0, 0, 0, 0, 0, 0, 0, 0, 0, 0, 0, 0, 0, 0, 0, 0, 0, 0, 0, 0, 0, 0, 0, 0, 0, 0, 0, 0, 0, 0, 0, 0, 0, 0, 0, 0, 0, 0, 0, 0, 1, 0, 0, 0, 0, 0, 0, 0, 0, 0, 0, 0, 0, 0, 0, 0, 0, 0, 0, 0, 0, 0, 0, 1, 0, 0, 0, 0, 0, 0, 0, 0, 0, 0, 0, 0, 0, 0, 0, 0, 0, 0, 0, 0, 0, 0, 1, 0, 0, 0, 0, 0, 0, 0, 0, 0, 0, 0, 0, 0, 0, 0, 0, 0, 0, 0, 0, 0, 0, 0, 0, 0, 0, 0, 0, 0, 0, 0, 0, 0, 0, 1, 0, 0, 0, 0, 0, 0, 0, 0, 0, 0, 0, 0, 0, 0, 0, 0, 0, 0, 0, 0, 0, 0, 0, 0, 1, 0, 0, 0, 0, 0, 0, 0, 0, 0, 0, 0, 0, 0, 0, 0, 0, 0, 0, 0, 0, 0, 1, 0, 0, 0, 0, 0, 0, 0, 0, 0, 0, 0, 0]
E = [259, 259, 259, 259, 259, 259, 259, 130, 130, 259, 259, 130, 259, 259, 259, 130, 130, 130, 259, 87, 130, 87, 87, 153, 87, 153, 153, 153, 153, 153, 153, 87, 319, 153, 153, 319, 153, 153, 153, 87, 153, 153, 259, 259, 87, 87, 87, 87, 87, 87, 87, 87, 87, 87, 87, 87, 87, 87, 87, 87, 259, 87, 87, 87, 130, 130, 87, 87, 259, 259, 259, 130, 259, 259, 130, 130, 130, 130, 130, 87, 130, 130, 130, 130, 130, 130, 130, 130, 130, 130, 130, 130, 130, 130, 130, 130, 130, 130, 130, 319, 130, 130, 153, 153, 153, 130, 153, 153, 153, 153, 153, 153, 153, 153, 319, 153, 153, 259, 153, 153, 153, 153, 153, 259, 259, 153, 153, 319, 259, 259, 259, 259, 259, 259, 87, 87, 259, 259, 259, 259, 259, 259, 259, 259, 259, 259, 259, 259, 259, 153, 153, 153, 153, 153, 319, 319, 153, 319, 319, 319, 319, 319, 319, 319, 319, 319, 319, 319, 319, 319, 319, 319, 319, 319, 377, 319, 319, 319, 319, 319, 377, 319, 377, 377, 319, 377, 319, 319, 319, 319, 377, 377, 377, 377, 377, 377, 377, 377, 319, 377, 377, 429, 319, 429, 377, 429, 429, 429, 429, 429, 377, 377, 429, 429, 429, 429, 429, 429, 429, 429, 429, 429, 429, 429, 429, 429, 87, 259]
