n° iter       = 300 
neighborhood_structure = [1] 
Prioridad     = 10 
balance       = 0.5 
Len_N         = 3 
N° clusters   = 7 
N° estaciones = 228 
N° mejoras    = 25
N° iter completadas  = 192
1° FO         = 208080.0
FO            = 165304
Centros       = [87, 117, 150, 264, 298, 377, 428]
Objs= Any[208080.0, 201932, 196970, 190345, 190345, 189629, 189629, 186173, 186173, 184754, 184754, 183098, 178350, 177295, 176782, 176782, 176527, 176527, 176527, 176527, 176527, 176527, 176527, 176527, 176527, 176527, 176527, 176527, 176527, 176527, 176481, 175032, 175032, 175032, 173976, 173976, 172268, 172268, 172268, 172268, 172268, 172268, 172268, 172268, 172268, 172268, 172268, 171782, 171034, 171034, 171034, 171034, 171034, 171034, 170836, 170836, 170836, 170836, 170836, 170836, 170836, 170836, 170836, 170836, 170836, 170553, 170553, 170553, 169997, 169997, 169997, 169997, 169997, 169997, 169997, 166846, 166021, 166021, 166021, 166021, 166021, 166021, 166021, 166021, 166021, 166021, 166021, 166021, 166021, 166021, 166021, 166021, 166021, 166021, 166021, 166021, 166021, 166021, 166021, 166021, 166021, 166021, 166021, 166021, 166021, 166021, 166021, 166021, 166021, 166021, 166021, 165925, 165925, 165925, 165559, 165559, 165559, 165559, 165304, 165304, 165304, 165304, 165304, 165304, 165304, 165304, 165304, 165304, 165304, 165304, 165304, 165304, 165304, 165304, 165304, 165304, 165304, 165304, 165304, 165304, 165304, 165304, 165304, 165304, 165304, 165304, 165304, 165304, 165304, 165304, 165304, 165304, 165304, 165304, 165304, 165304, 165304, 165304, 165304, 165304, 165304, 165304, 165304, 165304, 165304, 165304, 165304, 165304, 165304, 165304, 165304, 165304, 165304, 165304, 165304, 165304, 165304, 165304, 165304, 165304, 165304, 165304, 165304, 165304, 165304, 165304, 165304, 165304, 165304, 165304, 165304, 165304, 165304]
current_obj = [201932.0, 196970.0, 190345.0, 192389.0, 189629.0, 190166.0, 186173.0, 201206.0, 184754.0, 185646.0, 183098.0, 178350.0, 177295.0, 176782.0, 183273.0, 176527.0, 176528.0, 178000.0, 178649.0, 1.0e15, 179457.0, 179051.0, 1.0e15, 180153.0, 179205.0, 1.0e15, 177138.0, 179203.0, 177837.0, 176481.0, 175032.0, 175906.0, 175695.0, 173976.0, 175577.0, 172268.0, 181523.0, 172825.0, 173054.0, 174623.0, 172622.0, 175341.0, 174655.0, 174173.0, 173324.0, 175254.0, 171782.0, 171034.0, 173923.0, 1.0e15, 171753.0, 171782.0, 172064.0, 170836.0, 171322.0, 172294.0, 171016.0, 172040.0, 173456.0, 171907.0, 171603.0, 172378.0, 172306.0, 172221.0, 170553.0, 173718.0, 172095.0, 169997.0, 170856.0, 177124.0, 174044.0, 178817.0, 171184.0, 173236.0, 166846.0, 166021.0, 167295.0, 167510.0, 172582.0, 1.0e15, 167370.0, 166577.0, 171101.0, 168357.0, 168125.0, 168125.0, 166723.0, 1.0e15, 167447.0, 176954.0, 166315.0, 166133.0, 168453.0, 167607.0, 167370.0, 170521.0, 167282.0, 167244.0, 167510.0, 168917.0, 166900.0, 168770.0, 174593.0, 169563.0, 166289.0, 167064.0, 166628.0, 1.0e15, 167607.0, 167036.0, 165925.0, 168559.0, 168830.0, 165559.0, 165707.0, 1.0e15, 167861.0, 165304.0, 173876.0, 166478.0, 170992.0, 167496.0, 165860.0, 1.0e15, 172203.0, 166019.0, 165806.0, 170946.0, 166317.0, 170518.0, 166019.0, 166295.0, 175481.0, 169832.0, 1.0e15, 166100.0, 167418.0, 166448.0, 168749.0, 177293.0, 168480.0, 166680.0, 166100.0, 167810.0, 169963.0, 167070.0, 167810.0, 171021.0, 169033.0, 165730.0, 166877.0, 169323.0, 166565.0, 165559.0, 167496.0, 170224.0, 169844.0, 167810.0, 168411.0, 182599.0, 166825.0, 1.0e15, 168223.0, 170060.0, 165807.0, 166317.0, 167418.0, 167408.0, 167291.0, 173277.0, 166890.0, 166877.0, 1.0e15, 165730.0, 1.0e15, 169095.0, 167673.0, 1.0e15, 167070.0, 166317.0, 166253.0, 167672.0, 167291.0, 167763.0, 166565.0, 165806.0, 166295.0, 167070.0, 166565.0, 169266.0, 166595.0, 1.0e15, 166670.0, 0.0, 0.0, 0.0, 0.0, 0.0, 0.0, 0.0, 0.0, 0.0, 0.0, 0.0, 0.0, 0.0, 0.0, 0.0, 0.0, 0.0, 0.0, 0.0, 0.0, 0.0, 0.0, 0.0, 0.0, 0.0, 0.0, 0.0, 0.0, 0.0, 0.0, 0.0, 0.0, 0.0, 0.0, 0.0, 0.0, 0.0, 0.0, 0.0, 0.0, 0.0, 0.0, 0.0, 0.0, 0.0, 0.0, 0.0, 0.0, 0.0, 0.0, 0.0, 0.0, 0.0, 0.0, 0.0, 0.0, 0.0, 0.0, 0.0, 0.0, 0.0, 0.0, 0.0, 0.0, 0.0, 0.0, 0.0, 0.0, 0.0, 0.0, 0.0, 0.0, 0.0, 0.0, 0.0, 0.0, 0.0, 0.0, 0.0, 0.0, 0.0, 0.0, 0.0, 0.0, 0.0, 0.0, 0.0, 0.0, 0.0, 0.0, 0.0, 0.0, 0.0, 0.0, 0.0, 0.0, 0.0, 0.0, 0.0, 0.0, 0.0, 0.0, 0.0, 0.0, 0.0, 0.0, 0.0]
cong_K= Any[1, 1, 1, 1, 1, 1, 1, 1, 1, 1, 1, 1, 1, 1, 1, 1, 1, 1, 1, 1, 1, 1, 1, 1, 1] 
obj_k= Any[201932, 196970, 190345, 189629, 186173, 184754, 183098, 178350, 177295, 176782, 176527, 176481, 175032, 173976, 172268, 171782, 171034, 170836, 170553, 169997, 166846, 166021, 165925, 165559, 165304] 
iter_obj = Any[1, 2, 3, 5, 7, 9, 11, 12, 13, 14, 16, 30, 31, 34, 36, 47, 48, 54, 65, 68, 75, 76, 111, 114, 118] 
avgClusterDiam = 2567.285714285714 
maxClusterDiam = 4731.0 
clusterDiamete = [1982.0; 2650.0; 2439.0; 2408.0; 4731.0; 2080.0; 1681.0]   
C = [0, 0, 0, 0, 0, 0, 0, 0, 0, 0, 0, 0, 0, 0, 0, 0, 0, 0, 0, 0, 0, 0, 0, 0, 0, 0, 0, 0, 0, 0, 0, 0, 0, 0, 0, 0, 0, 0, 0, 0, 0, 0, 0, 0, 1, 0, 0, 0, 0, 0, 0, 0, 0, 0, 0, 0, 0, 0, 0, 0, 0, 0, 0, 0, 0, 0, 0, 0, 0, 0, 0, 0, 0, 0, 1, 0, 0, 0, 0, 0, 0, 0, 0, 0, 0, 0, 0, 0, 0, 0, 0, 0, 0, 0, 0, 0, 0, 0, 0, 0, 0, 0, 0, 0, 0, 0, 0, 1, 0, 0, 0, 0, 0, 0, 0, 0, 0, 0, 0, 0, 0, 0, 0, 0, 0, 0, 0, 0, 0, 0, 0, 0, 0, 0, 0, 0, 0, 1, 0, 0, 0, 0, 0, 0, 0, 0, 0, 0, 0, 0, 0, 0, 0, 0, 0, 0, 0, 0, 0, 0, 0, 0, 0, 1, 0, 0, 0, 0, 0, 0, 0, 0, 0, 0, 0, 0, 0, 0, 0, 0, 0, 0, 0, 0, 0, 0, 0, 0, 0, 0, 0, 0, 0, 1, 0, 0, 0, 0, 0, 0, 0, 0, 0, 0, 0, 0, 0, 0, 0, 0, 0, 0, 0, 0, 1, 0, 0, 0, 0, 0, 0, 0, 0, 0, 0, 0, 0, 0]
E = [117, 117, 117, 117, 264, 117, 117, 117, 117, 117, 264, 117, 264, 117, 264, 117, 117, 117, 264, 87, 117, 87, 87, 150, 87, 150, 150, 298, 150, 150, 150, 87, 150, 150, 150, 298, 150, 150, 150, 87, 150, 150, 117, 117, 87, 87, 87, 87, 87, 87, 87, 87, 87, 87, 87, 87, 264, 87, 87, 87, 264, 87, 87, 87, 117, 117, 87, 87, 117, 264, 117, 117, 117, 264, 117, 117, 117, 117, 117, 87, 117, 117, 117, 117, 117, 117, 117, 117, 117, 117, 117, 117, 117, 150, 117, 117, 150, 150, 150, 150, 150, 150, 150, 150, 150, 150, 150, 150, 150, 150, 150, 150, 150, 150, 298, 150, 150, 117, 150, 150, 150, 150, 150, 264, 264, 150, 150, 298, 117, 264, 117, 264, 117, 264, 87, 87, 117, 264, 264, 264, 264, 264, 264, 264, 264, 264, 264, 264, 264, 298, 150, 150, 298, 150, 150, 298, 298, 298, 298, 298, 298, 298, 298, 298, 298, 298, 298, 298, 298, 298, 298, 298, 298, 298, 377, 298, 298, 298, 298, 298, 377, 298, 377, 377, 298, 377, 298, 298, 298, 298, 377, 377, 377, 377, 377, 377, 377, 377, 298, 377, 377, 428, 298, 428, 377, 428, 428, 428, 428, 428, 377, 428, 428, 428, 428, 428, 428, 428, 428, 428, 428, 428, 428, 428, 428, 428, 87, 264]
