n° iter       = 300 
neighborhood_structure = [1] 
Prioridad     = 10 
balance       = 0.5 
Len_N         = 3 
N° clusters   = 7 
N° estaciones = 228 
N° mejoras    = 16
N° iter completadas  = 145
1° FO         = 187234.0
FO            = 166019
Centros       = [87, 118, 146, 275, 298, 377, 428]
Objs= Any[187234.0, 184630, 184630, 184630, 184469, 184404, 184404, 184404, 184404, 184404, 184404, 179005, 178922, 178750, 178750, 178750, 178750, 176459, 175272, 175272, 175272, 175272, 172296, 172296, 172296, 172296, 172296, 172296, 172296, 172296, 172296, 170071, 170071, 169283, 169283, 169283, 169283, 169283, 169283, 169064, 169064, 169064, 169064, 169064, 168353, 168353, 168353, 168353, 167166, 167166, 167166, 167166, 166274, 166274, 166274, 166274, 166274, 166274, 166274, 166274, 166274, 166274, 166274, 166274, 166274, 166274, 166274, 166274, 166274, 166274, 166274, 166019, 166019, 166019, 166019, 166019, 166019, 166019, 166019, 166019, 166019, 166019, 166019, 166019, 166019, 166019, 166019, 166019, 166019, 166019, 166019, 166019, 166019, 166019, 166019, 166019, 166019, 166019, 166019, 166019, 166019, 166019, 166019, 166019, 166019, 166019, 166019, 166019, 166019, 166019, 166019, 166019, 166019, 166019, 166019, 166019, 166019, 166019, 166019, 166019, 166019, 166019, 166019, 166019, 166019, 166019, 166019, 166019, 166019, 166019, 166019, 166019, 166019, 166019, 166019, 166019, 166019, 166019, 166019, 166019, 166019, 166019, 166019, 166019, 166019, 166019]
current_obj = [184630.0, 1.0e15, 185110.0, 184469.0, 184404.0, 187951.0, 184824.0, 189885.0, 184600.0, 185879.0, 179005.0, 178922.0, 178750.0, 181315.0, 183078.0, 182727.0, 176459.0, 175272.0, 192468.0, 175677.0, 182840.0, 172296.0, 191393.0, 1.0e15, 173631.0, 174075.0, 173198.0, 174437.0, 175693.0, 173916.0, 170071.0, 172387.0, 169283.0, 170028.0, 170795.0, 170973.0, 169991.0, 169991.0, 169064.0, 173434.0, 170311.0, 1.0e15, 169202.0, 168353.0, 178020.0, 168723.0, 168485.0, 167166.0, 1.0e15, 1.0e15, 170617.0, 166274.0, 168888.0, 167536.0, 166502.0, 168865.0, 167412.0, 167860.0, 168162.0, 175263.0, 168865.0, 167298.0, 166881.0, 169513.0, 166881.0, 166668.0, 171706.0, 166853.0, 1.0e15, 1.0e15, 166019.0, 166831.0, 166918.0, 166502.0, 169179.0, 171976.0, 166036.0, 170795.0, 167758.0, 172551.0, 166036.0, 169034.0, 170473.0, 168938.0, 166941.0, 171976.0, 166835.0, 166918.0, 170123.0, 166844.0, 169187.0, 168169.0, 173138.0, 168005.0, 169187.0, 167776.0, 168525.0, 166413.0, 167687.0, 167368.0, 170473.0, 167970.0, 166626.0, 168938.0, 171373.0, 166502.0, 167050.0, 171233.0, 167218.0, 171801.0, 166918.0, 168977.0, 169533.0, 168610.0, 169396.0, 167206.0, 168334.0, 167970.0, 166815.0, 171233.0, 166918.0, 171471.0, 1.0e15, 167776.0, 166918.0, 171712.0, 169119.0, 166844.0, 166844.0, 166575.0, 1.0e15, 167970.0, 168081.0, 166780.0, 170158.0, 167218.0, 166445.0, 170652.0, 170158.0, 168972.0, 166626.0, 167206.0, 168133.0, 166780.0, 170158.0, 168610.0, 0.0, 0.0, 0.0, 0.0, 0.0, 0.0, 0.0, 0.0, 0.0, 0.0, 0.0, 0.0, 0.0, 0.0, 0.0, 0.0, 0.0, 0.0, 0.0, 0.0, 0.0, 0.0, 0.0, 0.0, 0.0, 0.0, 0.0, 0.0, 0.0, 0.0, 0.0, 0.0, 0.0, 0.0, 0.0, 0.0, 0.0, 0.0, 0.0, 0.0, 0.0, 0.0, 0.0, 0.0, 0.0, 0.0, 0.0, 0.0, 0.0, 0.0, 0.0, 0.0, 0.0, 0.0, 0.0, 0.0, 0.0, 0.0, 0.0, 0.0, 0.0, 0.0, 0.0, 0.0, 0.0, 0.0, 0.0, 0.0, 0.0, 0.0, 0.0, 0.0, 0.0, 0.0, 0.0, 0.0, 0.0, 0.0, 0.0, 0.0, 0.0, 0.0, 0.0, 0.0, 0.0, 0.0, 0.0, 0.0, 0.0, 0.0, 0.0, 0.0, 0.0, 0.0, 0.0, 0.0, 0.0, 0.0, 0.0, 0.0, 0.0, 0.0, 0.0, 0.0, 0.0, 0.0, 0.0, 0.0, 0.0, 0.0, 0.0, 0.0, 0.0, 0.0, 0.0, 0.0, 0.0, 0.0, 0.0, 0.0, 0.0, 0.0, 0.0, 0.0, 0.0, 0.0, 0.0, 0.0, 0.0, 0.0, 0.0, 0.0, 0.0, 0.0, 0.0, 0.0, 0.0, 0.0, 0.0, 0.0, 0.0, 0.0, 0.0, 0.0, 0.0, 0.0, 0.0, 0.0, 0.0, 0.0, 0.0, 0.0, 0.0, 0.0]
cong_K= Any[1, 1, 1, 1, 1, 1, 1, 1, 1, 1, 1, 1, 1, 1, 1, 1] 
obj_k= Any[184630, 184469, 184404, 179005, 178922, 178750, 176459, 175272, 172296, 170071, 169283, 169064, 168353, 167166, 166274, 166019] 
iter_obj = Any[1, 4, 5, 11, 12, 13, 17, 18, 22, 31, 33, 39, 44, 48, 52, 71] 
avgClusterDiam = 2525.1428571428573 
maxClusterDiam = 4837.0 
clusterDiamete = [1982.0; 2650.0; 2112.0; 2334.0; 4837.0; 2080.0; 1681.0]   
C = [0, 0, 0, 0, 0, 0, 0, 0, 0, 0, 0, 0, 0, 0, 0, 0, 0, 0, 0, 0, 0, 0, 0, 0, 0, 0, 0, 0, 0, 0, 0, 0, 0, 0, 0, 0, 0, 0, 0, 0, 0, 0, 0, 0, 1, 0, 0, 0, 0, 0, 0, 0, 0, 0, 0, 0, 0, 0, 0, 0, 0, 0, 0, 0, 0, 0, 0, 0, 0, 0, 0, 0, 0, 0, 0, 1, 0, 0, 0, 0, 0, 0, 0, 0, 0, 0, 0, 0, 0, 0, 0, 0, 0, 0, 0, 0, 0, 0, 0, 0, 0, 0, 0, 1, 0, 0, 0, 0, 0, 0, 0, 0, 0, 0, 0, 0, 0, 0, 0, 0, 0, 0, 0, 0, 0, 0, 0, 0, 0, 0, 0, 0, 0, 0, 0, 0, 0, 0, 0, 0, 0, 0, 0, 0, 0, 0, 0, 0, 1, 0, 0, 0, 0, 0, 0, 0, 0, 0, 0, 0, 0, 0, 0, 1, 0, 0, 0, 0, 0, 0, 0, 0, 0, 0, 0, 0, 0, 0, 0, 0, 0, 0, 0, 0, 0, 0, 0, 0, 0, 0, 0, 0, 0, 1, 0, 0, 0, 0, 0, 0, 0, 0, 0, 0, 0, 0, 0, 0, 0, 0, 0, 0, 0, 0, 1, 0, 0, 0, 0, 0, 0, 0, 0, 0, 0, 0, 0, 0]
E = [118, 118, 118, 118, 275, 118, 118, 118, 118, 118, 275, 118, 275, 275, 275, 118, 118, 118, 275, 87, 146, 87, 87, 146, 87, 146, 146, 298, 146, 146, 146, 87, 146, 146, 146, 298, 146, 146, 146, 87, 146, 146, 118, 118, 87, 87, 87, 87, 87, 87, 87, 87, 87, 87, 87, 87, 87, 87, 87, 87, 275, 87, 87, 87, 118, 118, 87, 87, 118, 118, 118, 118, 118, 118, 118, 118, 118, 118, 118, 87, 118, 118, 118, 118, 118, 118, 118, 118, 118, 118, 118, 118, 118, 146, 118, 118, 146, 146, 298, 146, 146, 146, 146, 146, 146, 146, 146, 146, 146, 146, 146, 146, 146, 146, 298, 146, 146, 118, 146, 146, 146, 146, 146, 275, 275, 146, 146, 298, 118, 275, 118, 275, 118, 275, 87, 87, 118, 275, 275, 275, 275, 275, 275, 275, 275, 275, 275, 275, 275, 298, 146, 298, 298, 298, 298, 298, 298, 298, 298, 298, 298, 298, 298, 298, 298, 298, 298, 298, 298, 298, 298, 298, 298, 298, 377, 298, 298, 298, 298, 298, 377, 298, 377, 377, 298, 377, 298, 298, 298, 298, 377, 377, 377, 377, 377, 377, 377, 377, 298, 377, 377, 428, 298, 428, 377, 428, 428, 428, 428, 428, 377, 428, 428, 428, 428, 428, 428, 428, 428, 428, 428, 428, 428, 428, 428, 428, 87, 275]
