n° iter       = 600 
neighborhood_structure = [1 2 3] 
Prioridad     = 5 
balance       = 0.3 
Len_N         = 3 
N° clusters   = 15 
N° estaciones = 452 
N° mejoras    = 49
N° iter completadas  = 431
1° FO         = 335729.0
FO            = 284529
Centros       = [12, 14, 72, 87, 137, 152, 212, 215, 264, 299, 308, 353, 360, 415, 428]
C = [0, 0, 0, 0, 0, 0, 0, 0, 0, 0, 0, 1, 0, 1, 0, 0, 0, 0, 0, 0, 0, 0, 0, 0, 0, 0, 0, 0, 0, 0, 0, 0, 0, 0, 0, 0, 0, 0, 0, 0, 0, 0, 0, 0, 0, 0, 0, 0, 0, 0, 0, 0, 0, 0, 0, 0, 0, 0, 0, 0, 0, 0, 0, 0, 0, 0, 0, 0, 0, 0, 0, 1, 0, 0, 0, 0, 0, 0, 0, 0, 0, 0, 0, 0, 0, 0, 1, 0, 0, 0, 0, 0, 0, 0, 0, 0, 0, 0, 0, 0, 0, 0, 0, 0, 0, 0, 0, 0, 0, 0, 0, 0, 0, 0, 0, 0, 0, 0, 0, 0, 0, 0, 0, 0, 0, 0, 0, 0, 0, 0, 0, 0, 0, 0, 0, 0, 1, 0, 0, 0, 0, 0, 0, 0, 0, 0, 0, 0, 0, 0, 0, 1, 0, 0, 0, 0, 0, 0, 0, 0, 0, 0, 0, 0, 0, 0, 0, 0, 0, 0, 0, 0, 0, 0, 0, 0, 0, 0, 0, 0, 0, 0, 0, 0, 0, 0, 0, 0, 0, 0, 0, 0, 0, 0, 0, 0, 0, 0, 0, 0, 0, 0, 0, 0, 0, 0, 0, 0, 0, 0, 0, 1, 0, 0, 1, 0, 0, 0, 0, 0, 0, 0, 0, 0, 0, 0, 0, 0, 0, 0, 0, 0, 0, 0, 0, 0, 0, 0, 0, 0, 0, 0, 0, 0, 0, 0, 0, 0, 0, 0, 0, 0, 0, 0, 0, 0, 0, 0, 0, 0, 0, 0, 0, 1, 0, 0, 0, 0, 0, 0, 0, 0, 0, 0, 0, 0, 0, 0, 0, 0, 0, 0, 0, 0, 0, 0, 0, 0, 0, 0, 0, 0, 0, 0, 0, 0, 0, 0, 1, 0, 0, 0, 0, 0, 0, 0, 0, 1, 0, 0, 0, 0, 0, 0, 0, 0, 0, 0, 0, 0, 0, 0, 0, 0, 0, 0, 0, 0, 0, 0, 0, 0, 0, 0, 0, 0, 0, 0, 0, 0, 0, 0, 0, 0, 0, 0, 0, 0, 0, 0, 0, 0, 1, 0, 0, 0, 0, 0, 0, 1, 0, 0, 0, 0, 0, 0, 0, 0, 0, 0, 0, 0, 0, 0, 0, 0, 0, 0, 0, 0, 0, 0, 0, 0, 0, 0, 0, 0, 0, 0, 0, 0, 0, 0, 0, 0, 0, 0, 0, 0, 0, 0, 0, 0, 0, 0, 0, 0, 0, 0, 0, 0, 0, 0, 1, 0, 0, 0, 0, 0, 0, 0, 0, 0, 0, 0, 0, 1, 0, 0, 0, 0, 0, 0, 0, 0, 0, 0, 0, 0, 0, 0, 0, 0, 0, 0, 0, 0, 0, 0, 0, 0]
E = [12, 14, 12, 14, 12, 12, 14, 12, 14, 264, 12, 12, 72, 14, 14, 12, 12, 12, 12, 12, 14, 14, 14, 14, 12, 264, 12, 14, 264, 264, 264, 14, 12, 14, 14, 14, 14, 72, 14, 137, 87, 14, 87, 14, 152, 152, 152, 87, 14, 14, 72, 87, 72, 72, 87, 152, 72, 152, 152, 14, 152, 72, 72, 152, 264, 72, 72, 72, 152, 152, 152, 72, 72, 72, 72, 152, 72, 72, 72, 152, 152, 87, 152, 152, 12, 12, 87, 87, 87, 87, 87, 87, 87, 87, 87, 87, 87, 87, 87, 87, 87, 87, 12, 87, 87, 87, 87, 87, 87, 87, 12, 12, 12, 12, 12, 264, 12, 12, 12, 137, 137, 87, 137, 137, 137, 137, 137, 137, 137, 137, 137, 137, 137, 137, 137, 137, 137, 137, 137, 137, 137, 152, 137, 137, 137, 152, 137, 137, 137, 152, 152, 152, 152, 152, 152, 152, 299, 137, 137, 12, 152, 152, 152, 152, 152, 72, 72, 72, 72, 72, 72, 72, 72, 264, 152, 264, 72, 72, 152, 152, 72, 299, 12, 72, 72, 72, 72, 72, 72, 72, 72, 215, 215, 14, 212, 212, 215, 215, 215, 212, 212, 215, 215, 215, 212, 215, 212, 212, 215, 215, 212, 212, 215, 215, 215, 215, 212, 212, 215, 215, 215, 212, 212, 212, 212, 14, 215, 215, 215, 215, 212, 14, 215, 212, 215, 215, 215, 215, 212, 215, 215, 215, 215, 212, 212, 212, 14, 14, 14, 14, 14, 14, 14, 12, 12, 12, 12, 212, 264, 87, 14, 87, 12, 264, 264, 264, 264, 264, 264, 264, 264, 264, 264, 264, 264, 152, 152, 152, 299, 152, 299, 299, 299, 308, 308, 308, 308, 308, 308, 299, 299, 299, 299, 299, 299, 299, 299, 299, 299, 299, 299, 299, 308, 308, 308, 308, 308, 308, 308, 308, 308, 308, 308, 308, 308, 299, 299, 299, 299, 299, 299, 299, 299, 299, 299, 360, 308, 308, 308, 308, 308, 353, 308, 353, 360, 360, 299, 360, 299, 299, 360, 360, 360, 360, 353, 353, 353, 353, 353, 353, 353, 353, 353, 353, 353, 360, 360, 360, 360, 360, 353, 353, 353, 353, 353, 353, 353, 353, 353, 353, 353, 353, 360, 360, 360, 360, 360, 360, 415, 415, 415, 415, 353, 353, 353, 415, 415, 415, 415, 415, 415, 415, 415, 415, 415, 415, 360, 360, 360, 360, 360, 428, 428, 360, 360, 428, 428, 428, 428, 428, 428, 428, 415, 415, 415, 415, 415, 415, 415, 415, 415, 415, 415, 415, 428, 428, 428, 428, 428, 428, 428, 428, 415, 415, 415, 415, 415, 415, 415, 428, 428, 428, 428, 428, 428, 428, 14, 87, 14, 264, 215, 212]
Objs= Any[335729.0, 328657, 324254, 317836, 317836, 314387, 311729, 310454, 310032, 310032, 308336, 307100, 307100, 305893, 305893, 305893, 305331, 305331, 304158, 304158, 301466, 301466, 301466, 301439, 301439, 301032, 301032, 300165, 300165, 300165, 299403, 298150, 298150, 297023, 297023, 297023, 297023, 297023, 297023, 296402, 296402, 296334, 295750, 295750, 295750, 294425, 294425, 293043, 293043, 293043, 293043, 293043, 293043, 292939, 292939, 291082, 291082, 291082, 291082, 290912, 290912, 290912, 290912, 290912, 290912, 290912, 290803, 290803, 290803, 290803, 290803, 290803, 290803, 290803, 290797, 290366, 290366, 290366, 290366, 290366, 290366, 290366, 290366, 290283, 290283, 290283, 290283, 290283, 290239, 290239, 290239, 290222, 290222, 290222, 290222, 290222, 290222, 290222, 290222, 290222, 290222, 290222, 290187, 290187, 290187, 290187, 290187, 290187, 290187, 290187, 290187, 290187, 287974, 287974, 287974, 287974, 287974, 287630, 287630, 287630, 287630, 287630, 287630, 287319, 287319, 287319, 287319, 287319, 287319, 287319, 287319, 287319, 287319, 287319, 287319, 287319, 287319, 287319, 287319, 287319, 287319, 287319, 287319, 287319, 287319, 287319, 287319, 287319, 287319, 287319, 287319, 287319, 287319, 287319, 287319, 287319, 287319, 287319, 287319, 287319, 287319, 287319, 287319, 287115, 287115, 287115, 287115, 286751, 286751, 286751, 286751, 286751, 286751, 286751, 286751, 286751, 286751, 286751, 286751, 286751, 286751, 286751, 286061, 286061, 286061, 286061, 286061, 286061, 286061, 286061, 286061, 285832, 285832, 285661, 285661, 285661, 285661, 285661, 285661, 285661, 285661, 285661, 285661, 285661, 285661, 285661, 285661, 285661, 285661, 285606, 285606, 285606, 285606, 285384, 285384, 285384, 285384, 285384, 285384, 285384, 285384, 285384, 285384, 285384, 285150, 285150, 285150, 284994, 284994, 284994, 284994, 284994, 284994, 284994, 284994, 284994, 284994, 284936, 284936, 284936, 284936, 284936, 284936, 284936, 284936, 284936, 284936, 284936, 284936, 284936, 284936, 284936, 284936, 284936, 284936, 284936, 284936, 284936, 284936, 284936, 284936, 284936, 284682, 284682, 284682, 284682, 284682, 284682, 284682, 284682, 284682, 284682, 284682, 284682, 284682, 284682, 284682, 284682, 284682, 284682, 284682, 284682, 284529, 284529, 284529, 284529, 284529, 284529, 284529, 284529, 284529, 284529, 284529, 284529, 284529, 284529, 284529, 284529, 284529, 284529, 284529, 284529, 284529, 284529, 284529, 284529, 284529, 284529, 284529, 284529, 284529, 284529, 284529, 284529, 284529, 284529, 284529, 284529, 284529, 284529, 284529, 284529, 284529, 284529, 284529, 284529, 284529, 284529, 284529, 284529, 284529, 284529, 284529, 284529, 284529, 284529, 284529, 284529, 284529, 284529, 284529, 284529, 284529, 284529, 284529, 284529, 284529, 284529, 284529, 284529, 284529, 284529, 284529, 284529, 284529, 284529, 284529, 284529, 284529, 284529, 284529, 284529, 284529, 284529, 284529, 284529, 284529, 284529, 284529, 284529, 284529, 284529, 284529, 284529, 284529, 284529, 284529, 284529, 284529, 284529, 284529, 284529, 284529, 284529, 284529, 284529, 284529, 284529, 284529, 284529, 284529, 284529, 284529, 284529, 284529, 284529, 284529, 284529, 284529, 284529, 284529, 284529, 284529, 284529, 284529, 284529, 284529, 284529, 284529, 284529, 284529, 284529, 284529, 284529, 284529, 284529, 284529, 284529, 284529, 284529, 284529, 284529, 284529, 284529, 284529, 284529, 284529, 284529, 284529, 284529, 284529, 284529]
current_obj = [328657.0, 324254.0, 317836.0, 318331.0, 314387.0, 311729.0, 310454.0, 310032.0, 310123.0, 308336.0, 307100.0, 307123.0, 305893.0, 307806.0, 306801.0, 305331.0, 306387.0, 304158.0, 304704.0, 301466.0, 304208.0, 302141.0, 301439.0, 302527.0, 301032.0, 301978.0, 300165.0, 301010.0, 302052.0, 299403.0, 298150.0, 298282.0, 297023.0, 297411.0, 297480.0, 297428.0, 297532.0, 298015.0, 296402.0, 296486.0, 296334.0, 295750.0, 296789.0, 295892.0, 294425.0, 296474.0, 293043.0, 293230.0, 293948.0, 293113.0, 293654.0, 298726.0, 292939.0, 295196.0, 291082.0, 291329.0, 292749.0, 292602.0, 290912.0, 292378.0, 293036.0, 293111.0, 292803.0, 294160.0, 291797.0, 290803.0, 292843.0, 291673.0, 291680.0, 291171.0, 291922.0, 292118.0, 294571.0, 290797.0, 290366.0, 290701.0, 292550.0, 293170.0, 294939.0, 290748.0, 292574.0, 292478.0, 290283.0, 291327.0, 290468.0, 293178.0, 290600.0, 290239.0, 295719.0, 291869.0, 290222.0, 292170.0, 290862.0, 290653.0, 292866.0, 290313.0, 291107.0, 290302.0, 290307.0, 290862.0, 293759.0, 290187.0, 293927.0, 295105.0, 291992.0, 292999.0, 290291.0, 291981.0, 295110.0, 291418.0, 293066.0, 287974.0, 289692.0, 288689.0, 288997.0, 288701.0, 287630.0, 288897.0, 290141.0, 287734.0, 288689.0, 288854.0, 287319.0, 287487.0, 290116.0, 288683.0, 289074.0, 290356.0, 288052.0, 288263.0, 290737.0, 288059.0, 289677.0, 291466.0, 288269.0, 288059.0, 290018.0, 289093.0, 288243.0, 289714.0, 289304.0, 288465.0, 287630.0, 292725.0, 287423.0, 292815.0, 289362.0, 288683.0, 290181.0, 291555.0, 291078.0, 291346.0, 289777.0, 288436.0, 288334.0, 292374.0, 289931.0, 287686.0, 287780.0, 289714.0, 289532.0, 289271.0, 287115.0, 288594.0, 289653.0, 290168.0, 286751.0, 287421.0, 287456.0, 288599.0, 289115.0, 287536.0, 289035.0, 289400.0, 287842.0, 287695.0, 288975.0, 289144.0, 287456.0, 292254.0, 287149.0, 286061.0, 289574.0, 289742.0, 286880.0, 289902.0, 286985.0, 286677.0, 288419.0, 287029.0, 285832.0, 286199.0, 285661.0, 288770.0, 289977.0, 287095.0, 287900.0, 289002.0, 288561.0, 288668.0, 286444.0, 286331.0, 285877.0, 288869.0, 286028.0, 287790.0, 287258.0, 290354.0, 285606.0, 287119.0, 286976.0, 289024.0, 285384.0, 286997.0, 288000.0, 286538.0, 289017.0, 286949.0, 285600.0, 287740.0, 286995.0, 287482.0, 285935.0, 285150.0, 285342.0, 286515.0, 284994.0, 286205.0, 285150.0, 287476.0, 285876.0, 285874.0, 286227.0, 286097.0, 288639.0, 287350.0, 284936.0, 285516.0, 285095.0, 289037.0, 286603.0, 287389.0, 286881.0, 285152.0, 287582.0, 286254.0, 285046.0, 285947.0, 286206.0, 287778.0, 287205.0, 290619.0, 287505.0, 288062.0, 289352.0, 285046.0, 286887.0, 286147.0, 289304.0, 287034.0, 290830.0, 284682.0, 287594.0, 287667.0, 284901.0, 284845.0, 285552.0, 286977.0, 287489.0, 287400.0, 285042.0, 286185.0, 288130.0, 287594.0, 285734.0, 285504.0, 285803.0, 284845.0, 290315.0, 289777.0, 286476.0, 284529.0, 286761.0, 287206.0, 285521.0, 285712.0, 285985.0, 285127.0, 286523.0, 286141.0, 288162.0, 286767.0, 288727.0, 285966.0, 285633.0, 289494.0, 285968.0, 285863.0, 288325.0, 286161.0, 285310.0, 284793.0, 284810.0, 286941.0, 285580.0, 288176.0, 285863.0, 285987.0, 285968.0, 286031.0, 286183.0, 288466.0, 287080.0, 287464.0, 285518.0, 285604.0, 288162.0, 289199.0, 284584.0, 289446.0, 285456.0, 286600.0, 289246.0, 285022.0, 285456.0, 287794.0, 285099.0, 285740.0, 285414.0, 286218.0, 286183.0, 286589.0, 287626.0, 286042.0, 285660.0, 284751.0, 289722.0, 285051.0, 285467.0, 285099.0, 284896.0, 284751.0, 285604.0, 285271.0, 285049.0, 284903.0, 288077.0, 285463.0, 288325.0, 287280.0, 290013.0, 284896.0, 285397.0, 285660.0, 285541.0, 286044.0, 285022.0, 286955.0, 287823.0, 286344.0, 286183.0, 284757.0, 285773.0, 287345.0, 285127.0, 286344.0, 285463.0, 288450.0, 285641.0, 288077.0, 286995.0, 285746.0, 286161.0, 285456.0, 288811.0, 289498.0, 289412.0, 285467.0, 285762.0, 289437.0, 285051.0, 285871.0, 284745.0, 285969.0, 286029.0, 286579.0, 289005.0, 287246.0, 284552.0, 286845.0, 286218.0, 285511.0, 286726.0, 285310.0, 285042.0, 285122.0, 285863.0, 285171.0, 287898.0, 285641.0, 285152.0, 285518.0, 288486.0, 286742.0, 285521.0, 287898.0, 287414.0, 286044.0, 285127.0, 284573.0, 285863.0, 285384.0, 286183.0, 285604.0, 285633.0, 286589.0, 285289.0, 285987.0, 287301.0, 285049.0, 285541.0, 289510.0, 284875.0, 289632.0, 284876.0, 285351.0, 288435.0, 289110.0, 287235.0, 287657.0, 285987.0, 286576.0, 0.0, 0.0, 0.0, 0.0, 0.0, 0.0, 0.0, 0.0, 0.0, 0.0, 0.0, 0.0, 0.0, 0.0, 0.0, 0.0, 0.0, 0.0, 0.0, 0.0, 0.0, 0.0, 0.0, 0.0, 0.0, 0.0, 0.0, 0.0, 0.0, 0.0, 0.0, 0.0, 0.0, 0.0, 0.0, 0.0, 0.0, 0.0, 0.0, 0.0, 0.0, 0.0, 0.0, 0.0, 0.0, 0.0, 0.0, 0.0, 0.0, 0.0, 0.0, 0.0, 0.0, 0.0, 0.0, 0.0, 0.0, 0.0, 0.0, 0.0, 0.0, 0.0, 0.0, 0.0, 0.0, 0.0, 0.0, 0.0, 0.0, 0.0, 0.0, 0.0, 0.0, 0.0, 0.0, 0.0, 0.0, 0.0, 0.0, 0.0, 0.0, 0.0, 0.0, 0.0, 0.0, 0.0, 0.0, 0.0, 0.0, 0.0, 0.0, 0.0, 0.0, 0.0, 0.0, 0.0, 0.0, 0.0, 0.0, 0.0, 0.0, 0.0, 0.0, 0.0, 0.0, 0.0, 0.0, 0.0, 0.0, 0.0, 0.0, 0.0, 0.0, 0.0, 0.0, 0.0, 0.0, 0.0, 0.0, 0.0, 0.0, 0.0, 0.0, 0.0, 0.0, 0.0, 0.0, 0.0, 0.0, 0.0, 0.0, 0.0, 0.0, 0.0, 0.0, 0.0, 0.0, 0.0, 0.0, 0.0, 0.0, 0.0, 0.0, 0.0, 0.0, 0.0, 0.0, 0.0, 0.0, 0.0, 0.0, 0.0, 0.0, 0.0, 0.0, 0.0, 0.0, 0.0, 0.0, 0.0, 0.0, 0.0, 0.0, 0.0, 0.0, 0.0, 0.0, 0.0]
cong_K= Any[3, 2, 1, 3, 3, 1, 1, 1, 1, 1, 1, 1, 3, 1, 2, 3, 1, 1, 2, 1, 1, 1, 3, 1, 1, 3, 1, 1, 1, 1, 1, 1, 1, 2, 1, 1, 1, 1, 1, 1, 1, 1, 1, 1, 1, 1, 1, 1, 1] 
obj_k= Any[328657, 324254, 317836, 314387, 311729, 310454, 310032, 308336, 307100, 305893, 305331, 304158, 301466, 301439, 301032, 300165, 299403, 298150, 297023, 296402, 296334, 295750, 294425, 293043, 292939, 291082, 290912, 290803, 290797, 290366, 290283, 290239, 290222, 290187, 287974, 287630, 287319, 287115, 286751, 286061, 285832, 285661, 285606, 285384, 285150, 284994, 284936, 284682, 284529] 
iter_obj = Any[1, 2, 3, 5, 6, 7, 8, 10, 11, 13, 16, 18, 20, 23, 25, 27, 30, 31, 33, 39, 41, 42, 45, 47, 53, 55, 59, 66, 74, 75, 83, 88, 91, 102, 112, 117, 123, 163, 167, 182, 191, 193, 209, 213, 224, 227, 237, 262, 282] 
