n° iter       = 600 
neighborhood_structure = [1 2 3] 
Prioridad     = 5 
balance       = 0.3 
Len_N         = 3 
N° clusters   = 15 
N° estaciones = 452 
N° mejoras    = 51
N° iter completadas  = 550
1° FO         = 351721.0
FO            = 284526
Centros       = [12, 14, 72, 87, 137, 153, 212, 215, 264, 308, 318, 353, 360, 415, 428]
C = [0, 0, 0, 0, 0, 0, 0, 0, 0, 0, 0, 1, 0, 1, 0, 0, 0, 0, 0, 0, 0, 0, 0, 0, 0, 0, 0, 0, 0, 0, 0, 0, 0, 0, 0, 0, 0, 0, 0, 0, 0, 0, 0, 0, 0, 0, 0, 0, 0, 0, 0, 0, 0, 0, 0, 0, 0, 0, 0, 0, 0, 0, 0, 0, 0, 0, 0, 0, 0, 0, 0, 1, 0, 0, 0, 0, 0, 0, 0, 0, 0, 0, 0, 0, 0, 0, 1, 0, 0, 0, 0, 0, 0, 0, 0, 0, 0, 0, 0, 0, 0, 0, 0, 0, 0, 0, 0, 0, 0, 0, 0, 0, 0, 0, 0, 0, 0, 0, 0, 0, 0, 0, 0, 0, 0, 0, 0, 0, 0, 0, 0, 0, 0, 0, 0, 0, 1, 0, 0, 0, 0, 0, 0, 0, 0, 0, 0, 0, 0, 0, 0, 0, 1, 0, 0, 0, 0, 0, 0, 0, 0, 0, 0, 0, 0, 0, 0, 0, 0, 0, 0, 0, 0, 0, 0, 0, 0, 0, 0, 0, 0, 0, 0, 0, 0, 0, 0, 0, 0, 0, 0, 0, 0, 0, 0, 0, 0, 0, 0, 0, 0, 0, 0, 0, 0, 0, 0, 0, 0, 0, 0, 1, 0, 0, 1, 0, 0, 0, 0, 0, 0, 0, 0, 0, 0, 0, 0, 0, 0, 0, 0, 0, 0, 0, 0, 0, 0, 0, 0, 0, 0, 0, 0, 0, 0, 0, 0, 0, 0, 0, 0, 0, 0, 0, 0, 0, 0, 0, 0, 0, 0, 0, 0, 1, 0, 0, 0, 0, 0, 0, 0, 0, 0, 0, 0, 0, 0, 0, 0, 0, 0, 0, 0, 0, 0, 0, 0, 0, 0, 0, 0, 0, 0, 0, 0, 0, 0, 0, 0, 0, 0, 0, 0, 0, 0, 0, 0, 1, 0, 0, 0, 0, 0, 0, 0, 0, 0, 1, 0, 0, 0, 0, 0, 0, 0, 0, 0, 0, 0, 0, 0, 0, 0, 0, 0, 0, 0, 0, 0, 0, 0, 0, 0, 0, 0, 0, 0, 0, 0, 0, 0, 0, 1, 0, 0, 0, 0, 0, 0, 1, 0, 0, 0, 0, 0, 0, 0, 0, 0, 0, 0, 0, 0, 0, 0, 0, 0, 0, 0, 0, 0, 0, 0, 0, 0, 0, 0, 0, 0, 0, 0, 0, 0, 0, 0, 0, 0, 0, 0, 0, 0, 0, 0, 0, 0, 0, 0, 0, 0, 0, 0, 0, 0, 0, 1, 0, 0, 0, 0, 0, 0, 0, 0, 0, 0, 0, 0, 1, 0, 0, 0, 0, 0, 0, 0, 0, 0, 0, 0, 0, 0, 0, 0, 0, 0, 0, 0, 0, 0, 0, 0, 0]
E = [12, 14, 12, 14, 12, 12, 14, 12, 14, 264, 12, 12, 72, 14, 14, 12, 12, 12, 12, 12, 14, 14, 14, 14, 12, 264, 12, 14, 264, 264, 264, 14, 12, 14, 14, 14, 14, 72, 14, 137, 87, 14, 87, 14, 72, 72, 153, 87, 14, 14, 153, 87, 72, 72, 87, 153, 72, 14, 153, 14, 153, 72, 72, 153, 264, 72, 72, 72, 153, 153, 153, 72, 72, 72, 72, 153, 72, 72, 72, 153, 153, 87, 153, 153, 12, 12, 87, 87, 87, 87, 87, 87, 87, 87, 87, 87, 87, 87, 87, 87, 87, 87, 12, 87, 87, 87, 87, 87, 87, 87, 12, 12, 12, 12, 12, 264, 12, 12, 12, 137, 137, 87, 137, 137, 137, 137, 137, 137, 137, 137, 137, 137, 137, 137, 137, 137, 137, 137, 137, 137, 137, 153, 137, 137, 137, 153, 137, 137, 137, 153, 153, 153, 153, 153, 153, 153, 153, 137, 137, 12, 153, 153, 153, 153, 153, 72, 72, 72, 72, 72, 72, 72, 72, 264, 153, 264, 72, 72, 153, 153, 72, 318, 12, 72, 72, 72, 72, 72, 72, 72, 72, 215, 215, 14, 212, 212, 215, 215, 215, 212, 212, 215, 215, 215, 212, 215, 212, 212, 215, 215, 212, 212, 215, 215, 215, 215, 212, 212, 215, 215, 215, 212, 212, 212, 212, 14, 215, 215, 215, 215, 212, 14, 215, 212, 215, 215, 215, 215, 212, 215, 215, 215, 215, 212, 212, 212, 14, 14, 14, 14, 14, 14, 14, 12, 12, 12, 12, 212, 264, 87, 14, 87, 12, 264, 264, 264, 264, 264, 264, 264, 264, 264, 264, 264, 264, 153, 153, 153, 153, 153, 153, 318, 318, 308, 308, 308, 308, 308, 308, 318, 318, 318, 318, 318, 153, 318, 318, 318, 318, 318, 318, 318, 308, 308, 308, 308, 308, 308, 308, 308, 308, 308, 308, 308, 308, 318, 318, 318, 318, 318, 318, 318, 318, 318, 318, 360, 308, 308, 308, 308, 308, 353, 308, 353, 360, 360, 318, 360, 318, 318, 360, 360, 360, 360, 353, 353, 353, 353, 353, 353, 353, 353, 353, 353, 353, 360, 360, 360, 360, 360, 353, 353, 353, 353, 353, 353, 353, 353, 353, 353, 353, 353, 360, 360, 360, 360, 360, 360, 415, 415, 415, 415, 353, 353, 353, 415, 415, 415, 415, 415, 415, 415, 415, 415, 415, 415, 360, 360, 360, 360, 360, 428, 428, 360, 360, 428, 428, 428, 428, 428, 428, 428, 415, 415, 415, 415, 415, 415, 415, 415, 415, 415, 415, 415, 428, 428, 428, 428, 428, 428, 428, 428, 415, 415, 415, 415, 415, 415, 415, 428, 428, 428, 428, 428, 428, 428, 14, 87, 14, 264, 215, 212]
Objs= Any[351721.0, 333603, 326513, 319362, 316685, 315344, 314316, 312709, 308357, 307973, 307973, 307485, 306069, 306069, 306069, 306069, 306069, 304432, 304432, 303619, 303619, 303619, 303619, 303619, 303619, 302377, 300185, 300185, 300185, 299823, 299823, 296740, 296740, 296740, 296740, 296740, 296740, 296320, 294767, 294767, 294147, 294147, 294147, 293821, 293821, 293718, 293504, 293350, 293350, 293350, 293350, 293350, 293350, 293350, 293350, 293350, 293350, 293350, 293350, 293350, 293017, 293017, 292377, 292377, 291966, 291356, 290905, 290905, 290905, 290905, 290905, 290905, 290905, 290846, 290846, 290846, 290846, 290586, 290586, 290586, 290110, 289611, 289611, 289046, 289046, 289046, 289046, 289046, 289046, 289046, 289046, 288881, 288881, 288881, 288881, 288881, 288881, 288881, 288881, 288881, 288629, 288509, 288509, 288509, 288509, 287774, 287774, 287774, 287774, 287774, 287774, 287774, 287774, 287774, 287774, 287774, 287774, 287774, 287774, 287774, 287774, 287774, 287774, 287774, 287774, 287205, 287205, 287205, 287205, 286954, 286954, 286693, 286693, 286693, 286693, 286693, 286693, 286693, 286693, 286693, 286693, 286693, 286693, 286693, 286693, 286693, 286646, 286646, 286646, 286646, 286646, 286646, 286646, 286646, 286646, 286646, 286646, 286646, 286646, 286646, 286646, 286646, 286646, 286646, 286646, 286646, 286424, 286424, 286424, 286424, 286424, 286138, 286138, 286138, 286138, 285961, 285961, 285961, 285961, 285961, 285961, 285961, 285961, 285961, 285961, 285961, 285961, 285961, 285961, 285961, 285961, 285961, 285961, 285961, 285961, 285961, 285961, 285961, 285961, 285961, 285961, 285961, 285961, 285961, 285961, 285483, 285483, 285483, 285483, 285483, 285483, 285483, 285483, 285483, 285483, 285483, 285483, 285483, 285483, 285483, 285483, 285483, 285483, 285483, 285483, 285483, 285483, 285483, 285483, 285483, 285431, 285431, 285431, 285431, 285431, 285431, 285431, 285431, 285431, 285431, 285431, 285431, 285431, 285431, 285431, 285431, 285431, 285431, 285431, 285431, 284845, 284845, 284845, 284845, 284845, 284845, 284845, 284845, 284845, 284845, 284845, 284845, 284845, 284845, 284845, 284845, 284845, 284845, 284845, 284845, 284845, 284845, 284845, 284845, 284845, 284845, 284845, 284845, 284845, 284845, 284845, 284845, 284845, 284845, 284845, 284845, 284845, 284845, 284845, 284845, 284845, 284845, 284845, 284845, 284845, 284845, 284845, 284845, 284845, 284845, 284845, 284845, 284845, 284845, 284845, 284845, 284845, 284845, 284845, 284845, 284845, 284845, 284845, 284845, 284845, 284845, 284845, 284845, 284845, 284845, 284845, 284845, 284845, 284845, 284845, 284845, 284845, 284845, 284845, 284797, 284797, 284797, 284797, 284797, 284797, 284797, 284797, 284797, 284797, 284797, 284797, 284797, 284797, 284797, 284797, 284797, 284797, 284797, 284797, 284797, 284797, 284797, 284797, 284797, 284797, 284797, 284797, 284797, 284797, 284797, 284797, 284797, 284797, 284797, 284797, 284797, 284797, 284797, 284797, 284797, 284797, 284581, 284581, 284581, 284581, 284581, 284581, 284581, 284581, 284581, 284581, 284581, 284581, 284581, 284581, 284581, 284581, 284581, 284581, 284581, 284581, 284581, 284581, 284581, 284581, 284581, 284581, 284581, 284581, 284581, 284581, 284526, 284526, 284526, 284526, 284526, 284526, 284526, 284526, 284526, 284526, 284526, 284526, 284526, 284526, 284526, 284526, 284526, 284526, 284526, 284526, 284526, 284526, 284526, 284526, 284526, 284526, 284526, 284526, 284526, 284526, 284526, 284526, 284526, 284526, 284526, 284526, 284526, 284526, 284526, 284526, 284526, 284526, 284526, 284526, 284526, 284526, 284526, 284526, 284526, 284526, 284526, 284526, 284526, 284526, 284526, 284526, 284526, 284526, 284526, 284526, 284526, 284526, 284526, 284526, 284526, 284526, 284526, 284526, 284526, 284526, 284526, 284526, 284526, 284526, 284526, 284526, 284526, 284526, 284526, 284526, 284526, 284526, 284526, 284526, 284526, 284526, 284526, 284526, 284526, 284526, 284526, 284526, 284526, 284526, 284526, 284526, 284526, 284526, 284526, 284526, 284526, 284526, 284526, 284526, 284526, 284526, 284526, 284526, 284526, 284526, 284526, 284526, 284526, 284526, 284526, 284526, 284526, 284526, 284526, 284526, 284526, 284526, 284526, 284526, 284526, 284526, 284526, 284526, 284526, 284526, 284526, 284526, 284526, 284526, 284526, 284526, 284526, 284526, 284526, 284526, 284526, 284526, 284526, 284526, 284526, 284526, 284526, 284526, 284526, 284526]
current_obj = [333603.0, 326513.0, 319362.0, 316685.0, 315344.0, 314316.0, 312709.0, 308357.0, 307973.0, 309014.0, 307485.0, 306069.0, 306154.0, 306242.0, 308839.0, 306645.0, 304432.0, 305863.0, 303619.0, 305917.0, 304679.0, 304237.0, 305231.0, 303654.0, 302377.0, 300185.0, 302343.0, 301090.0, 299823.0, 300860.0, 296740.0, 297498.0, 298099.0, 298482.0, 296996.0, 297501.0, 296320.0, 294767.0, 295890.0, 294147.0, 294354.0, 295544.0, 293821.0, 295435.0, 293718.0, 293504.0, 293350.0, 297694.0, 295274.0, 293742.0, 295045.0, 294110.0, 295967.0, 296042.0, 294277.0, 294506.0, 294699.0, 295005.0, 295188.0, 293017.0, 294774.0, 292377.0, 293556.0, 291966.0, 291356.0, 290905.0, 294526.0, 294601.0, 291816.0, 290915.0, 294404.0, 291320.0, 290846.0, 291579.0, 295525.0, 291784.0, 290586.0, 291401.0, 292187.0, 290110.0, 289611.0, 289940.0, 289046.0, 289217.0, 289701.0, 290366.0, 289146.0, 292248.0, 289299.0, 292804.0, 288881.0, 289946.0, 291458.0, 290133.0, 291855.0, 289779.0, 291196.0, 289098.0, 291073.0, 288629.0, 288509.0, 288559.0, 289435.0, 292121.0, 287774.0, 293982.0, 289151.0, 288088.0, 288614.0, 288429.0, 291473.0, 291960.0, 289153.0, 288614.0, 290560.0, 288151.0, 292569.0, 291571.0, 288896.0, 287832.0, 288904.0, 289245.0, 290655.0, 291135.0, 287205.0, 292085.0, 288856.0, 287649.0, 286954.0, 287609.0, 286693.0, 290604.0, 289450.0, 289205.0, 290513.0, 288332.0, 288869.0, 289302.0, 288906.0, 287726.0, 291183.0, 291192.0, 290581.0, 291640.0, 288559.0, 286646.0, 287181.0, 289818.0, 288249.0, 289745.0, 291073.0, 286967.0, 287918.0, 286743.0, 287267.0, 289502.0, 288249.0, 290188.0, 290202.0, 290594.0, 287629.0, 287186.0, 286873.0, 287240.0, 287647.0, 286424.0, 290458.0, 287286.0, 286521.0, 287509.0, 286138.0, 287899.0, 286360.0, 287908.0, 285961.0, 289320.0, 291064.0, 286378.0, 286378.0, 286838.0, 289423.0, 286284.0, 287166.0, 291031.0, 290486.0, 286363.0, 287646.0, 286594.0, 288117.0, 290061.0, 287704.0, 289874.0, 287614.0, 290834.0, 288241.0, 286357.0, 287871.0, 288241.0, 287109.0, 287073.0, 289834.0, 288940.0, 288615.0, 289098.0, 285483.0, 289238.0, 287674.0, 291013.0, 286973.0, 289484.0, 288630.0, 287769.0, 287460.0, 287481.0, 285980.0, 286603.0, 291818.0, 288573.0, 288052.0, 285509.0, 286938.0, 286840.0, 285809.0, 287226.0, 285837.0, 289684.0, 287359.0, 288645.0, 286259.0, 285431.0, 289535.0, 286709.0, 286392.0, 286814.0, 286443.0, 289267.0, 285973.0, 286566.0, 288934.0, 290305.0, 285482.0, 285593.0, 286088.0, 287311.0, 285535.0, 285980.0, 290176.0, 287359.0, 287292.0, 284845.0, 288541.0, 285093.0, 285744.0, 287736.0, 285219.0, 286812.0, 290932.0, 285553.0, 285638.0, 290304.0, 285779.0, 286616.0, 287311.0, 287385.0, 290178.0, 287476.0, 285722.0, 285364.0, 285086.0, 286078.0, 285364.0, 286842.0, 286498.0, 288598.0, 286230.0, 287124.0, 286812.0, 285779.0, 285769.0, 285488.0, 289038.0, 286616.0, 285930.0, 285896.0, 286284.0, 287089.0, 285061.0, 287214.0, 285593.0, 285506.0, 286102.0, 287161.0, 289321.0, 286498.0, 288600.0, 285259.0, 287042.0, 285377.0, 287982.0, 285086.0, 285593.0, 285896.0, 286078.0, 285086.0, 287243.0, 289038.0, 285377.0, 285431.0, 285482.0, 285431.0, 287319.0, 285907.0, 285638.0, 285160.0, 285921.0, 285488.0, 285219.0, 288544.0, 288406.0, 287089.0, 288470.0, 288234.0, 285247.0, 291823.0, 287311.0, 285160.0, 287319.0, 290713.0, 284797.0, 285453.0, 286180.0, 285891.0, 285450.0, 288628.0, 286131.0, 287145.0, 286460.0, 287210.0, 285891.0, 289245.0, 287046.0, 285868.0, 287078.0, 289586.0, 288629.0, 286914.0, 285848.0, 285882.0, 287078.0, 287972.0, 285453.0, 286496.0, 288226.0, 290289.0, 288771.0, 286451.0, 285425.0, 285434.0, 288919.0, 286899.0, 285876.0, 286374.0, 291754.0, 285038.0, 284901.0, 286035.0, 290490.0, 286813.0, 285351.0, 285434.0, 284581.0, 285839.0, 287212.0, 289133.0, 286881.0, 289592.0, 290212.0, 284625.0, 288703.0, 286862.0, 286510.0, 285064.0, 288358.0, 288602.0, 288426.0, 285113.0, 285868.0, 284842.0, 287055.0, 286645.0, 287069.0, 287933.0, 289717.0, 288576.0, 284685.0, 284685.0, 284955.0, 286025.0, 288408.0, 289022.0, 284526.0, 287030.0, 285714.0, 285611.0, 284767.0, 285800.0, 285274.0, 285970.0, 285709.0, 288278.0, 286387.0, 285577.0, 286734.0, 286515.0, 287561.0, 286992.0, 285408.0, 285450.0, 285348.0, 290010.0, 287963.0, 285280.0, 285680.0, 288219.0, 288403.0, 284767.0, 286745.0, 289413.0, 288219.0, 286988.0, 289323.0, 286992.0, 284988.0, 287505.0, 285743.0, 285940.0, 285403.0, 288547.0, 291333.0, 286770.0, 285970.0, 289299.0, 287211.0, 288824.0, 286016.0, 288829.0, 287521.0, 288771.0, 289399.0, 288504.0, 286515.0, 285268.0, 285080.0, 288963.0, 284767.0, 288371.0, 288381.0, 284927.0, 288171.0, 285009.0, 285348.0, 288331.0, 286269.0, 285163.0, 286681.0, 286333.0, 287109.0, 288219.0, 290092.0, 285182.0, 286695.0, 285813.0, 284787.0, 285965.0, 286889.0, 287157.0, 285577.0, 286732.0, 284742.0, 285865.0, 287278.0, 289996.0, 285611.0, 285784.0, 286544.0, 285515.0, 290634.0, 286523.0, 288111.0, 288694.0, 286297.0, 285009.0, 287095.0, 287157.0, 287095.0, 287278.0, 284767.0, 288663.0, 287677.0, 286477.0, 286745.0, 285759.0, 284748.0, 286121.0, 284782.0, 287155.0, 286455.0, 290472.0, 285268.0, 289784.0, 285982.0, 288771.0, 284678.0, 286758.0, 284826.0, 285588.0, 285620.0, 291492.0, 286039.0, 285163.0, 287034.0, 285080.0, 286297.0, 287505.0, 285605.0, 287278.0, 286745.0, 285587.0, 284630.0, 286688.0, 289753.0, 286432.0, 289667.0, 284988.0, 286501.0, 288635.0, 287820.0, 284821.0, 284630.0, 289613.0, 287125.0, 287942.0, 285813.0, 285163.0, 286177.0, 286297.0, 288439.0, 289413.0, 286681.0, 289753.0, 284782.0, 0.0, 0.0, 0.0, 0.0, 0.0, 0.0, 0.0, 0.0, 0.0, 0.0, 0.0, 0.0, 0.0, 0.0, 0.0, 0.0, 0.0, 0.0, 0.0, 0.0, 0.0, 0.0, 0.0, 0.0, 0.0, 0.0, 0.0, 0.0, 0.0, 0.0, 0.0, 0.0, 0.0, 0.0, 0.0, 0.0, 0.0, 0.0, 0.0, 0.0, 0.0, 0.0, 0.0, 0.0, 0.0, 0.0, 0.0, 0.0, 0.0]
cong_K= Any[2, 1, 3, 1, 2, 1, 3, 1, 2, 2, 2, 1, 1, 2, 2, 1, 1, 1, 3, 1, 1, 1, 1, 1, 1, 1, 1, 1, 2, 1, 1, 1, 1, 1, 1, 1, 1, 1, 2, 1, 1, 1, 1, 1, 1, 1, 1, 1, 2, 1, 1] 
obj_k= Any[333603, 326513, 319362, 316685, 315344, 314316, 312709, 308357, 307973, 307485, 306069, 304432, 303619, 302377, 300185, 299823, 296740, 296320, 294767, 294147, 293821, 293718, 293504, 293350, 293017, 292377, 291966, 291356, 290905, 290846, 290586, 290110, 289611, 289046, 288881, 288629, 288509, 287774, 287205, 286954, 286693, 286646, 286424, 286138, 285961, 285483, 285431, 284845, 284797, 284581, 284526] 
iter_obj = Any[1, 2, 3, 4, 5, 6, 7, 8, 9, 11, 12, 17, 19, 25, 26, 29, 31, 37, 38, 40, 43, 45, 46, 47, 60, 62, 64, 65, 66, 73, 77, 80, 81, 83, 91, 100, 101, 105, 125, 129, 131, 146, 166, 171, 175, 205, 230, 250, 329, 371, 401] 
