n° iter       = 600 
neighborhood_structure = [1 2 3] 
Prioridad     = 5 
balance       = 0.3 
Len_N         = 3 
N° clusters   = 15 
N° estaciones = 452 
N° mejoras    = 40
N° iter completadas  = 577
1° FO         = 326215.0
FO            = 285002
Centros       = [12, 14, 72, 87, 137, 152, 212, 215, 264, 299, 308, 358, 362, 416, 427]
C = [0, 0, 0, 0, 0, 0, 0, 0, 0, 0, 0, 1, 0, 1, 0, 0, 0, 0, 0, 0, 0, 0, 0, 0, 0, 0, 0, 0, 0, 0, 0, 0, 0, 0, 0, 0, 0, 0, 0, 0, 0, 0, 0, 0, 0, 0, 0, 0, 0, 0, 0, 0, 0, 0, 0, 0, 0, 0, 0, 0, 0, 0, 0, 0, 0, 0, 0, 0, 0, 0, 0, 1, 0, 0, 0, 0, 0, 0, 0, 0, 0, 0, 0, 0, 0, 0, 1, 0, 0, 0, 0, 0, 0, 0, 0, 0, 0, 0, 0, 0, 0, 0, 0, 0, 0, 0, 0, 0, 0, 0, 0, 0, 0, 0, 0, 0, 0, 0, 0, 0, 0, 0, 0, 0, 0, 0, 0, 0, 0, 0, 0, 0, 0, 0, 0, 0, 1, 0, 0, 0, 0, 0, 0, 0, 0, 0, 0, 0, 0, 0, 0, 1, 0, 0, 0, 0, 0, 0, 0, 0, 0, 0, 0, 0, 0, 0, 0, 0, 0, 0, 0, 0, 0, 0, 0, 0, 0, 0, 0, 0, 0, 0, 0, 0, 0, 0, 0, 0, 0, 0, 0, 0, 0, 0, 0, 0, 0, 0, 0, 0, 0, 0, 0, 0, 0, 0, 0, 0, 0, 0, 0, 1, 0, 0, 1, 0, 0, 0, 0, 0, 0, 0, 0, 0, 0, 0, 0, 0, 0, 0, 0, 0, 0, 0, 0, 0, 0, 0, 0, 0, 0, 0, 0, 0, 0, 0, 0, 0, 0, 0, 0, 0, 0, 0, 0, 0, 0, 0, 0, 0, 0, 0, 0, 1, 0, 0, 0, 0, 0, 0, 0, 0, 0, 0, 0, 0, 0, 0, 0, 0, 0, 0, 0, 0, 0, 0, 0, 0, 0, 0, 0, 0, 0, 0, 0, 0, 0, 0, 1, 0, 0, 0, 0, 0, 0, 0, 0, 1, 0, 0, 0, 0, 0, 0, 0, 0, 0, 0, 0, 0, 0, 0, 0, 0, 0, 0, 0, 0, 0, 0, 0, 0, 0, 0, 0, 0, 0, 0, 0, 0, 0, 0, 0, 0, 0, 0, 0, 0, 0, 0, 0, 0, 0, 0, 0, 0, 0, 1, 0, 0, 0, 1, 0, 0, 0, 0, 0, 0, 0, 0, 0, 0, 0, 0, 0, 0, 0, 0, 0, 0, 0, 0, 0, 0, 0, 0, 0, 0, 0, 0, 0, 0, 0, 0, 0, 0, 0, 0, 0, 0, 0, 0, 0, 0, 0, 0, 0, 0, 0, 0, 0, 0, 0, 0, 0, 1, 0, 0, 0, 0, 0, 0, 0, 0, 0, 0, 1, 0, 0, 0, 0, 0, 0, 0, 0, 0, 0, 0, 0, 0, 0, 0, 0, 0, 0, 0, 0, 0, 0, 0, 0, 0]
E = [12, 14, 12, 14, 12, 12, 14, 12, 14, 264, 12, 12, 72, 14, 14, 12, 12, 12, 12, 12, 14, 14, 14, 14, 12, 264, 12, 14, 264, 264, 264, 14, 12, 14, 14, 14, 14, 72, 14, 137, 87, 14, 87, 14, 152, 152, 152, 87, 14, 14, 72, 87, 72, 72, 87, 152, 72, 152, 152, 14, 152, 72, 72, 152, 264, 72, 72, 72, 152, 152, 152, 72, 72, 72, 72, 152, 72, 72, 72, 152, 152, 87, 152, 152, 12, 12, 87, 87, 87, 87, 87, 87, 87, 87, 87, 87, 87, 87, 87, 87, 87, 87, 12, 87, 87, 87, 87, 87, 87, 87, 12, 12, 12, 12, 12, 264, 12, 12, 12, 137, 137, 87, 137, 137, 137, 137, 137, 137, 137, 137, 137, 137, 137, 137, 137, 137, 137, 137, 137, 137, 137, 152, 137, 137, 137, 152, 137, 137, 137, 152, 152, 152, 152, 152, 152, 152, 299, 137, 137, 12, 152, 152, 152, 152, 152, 72, 72, 72, 72, 72, 72, 72, 72, 264, 152, 264, 72, 72, 152, 152, 72, 299, 12, 72, 72, 72, 72, 72, 72, 72, 72, 215, 215, 14, 212, 212, 215, 215, 215, 212, 212, 215, 215, 215, 212, 215, 212, 212, 215, 215, 212, 212, 215, 215, 215, 215, 212, 212, 215, 215, 215, 212, 212, 212, 212, 14, 215, 215, 215, 215, 212, 14, 215, 212, 215, 215, 215, 215, 212, 215, 215, 215, 215, 212, 212, 212, 14, 14, 14, 14, 14, 14, 14, 12, 12, 12, 12, 212, 264, 87, 14, 87, 12, 264, 264, 264, 264, 264, 264, 264, 264, 264, 264, 264, 264, 152, 152, 152, 299, 152, 299, 299, 299, 308, 308, 308, 308, 308, 308, 299, 299, 299, 299, 299, 299, 299, 299, 299, 299, 299, 299, 358, 308, 308, 308, 308, 308, 308, 308, 308, 308, 308, 308, 308, 308, 299, 299, 299, 299, 299, 299, 299, 299, 358, 299, 358, 308, 308, 308, 308, 308, 362, 308, 362, 358, 358, 358, 358, 358, 358, 358, 358, 358, 358, 362, 362, 362, 362, 362, 362, 362, 362, 362, 362, 362, 358, 358, 358, 358, 358, 362, 362, 362, 362, 362, 362, 362, 362, 362, 362, 416, 358, 358, 358, 358, 358, 358, 358, 416, 416, 416, 416, 416, 416, 362, 362, 416, 416, 416, 416, 416, 416, 416, 416, 416, 416, 358, 427, 358, 358, 427, 427, 427, 358, 358, 427, 427, 427, 427, 427, 427, 427, 416, 416, 416, 416, 416, 416, 416, 416, 416, 416, 416, 427, 427, 427, 427, 427, 427, 427, 427, 427, 427, 416, 416, 416, 416, 416, 427, 427, 427, 427, 427, 427, 427, 427, 14, 87, 14, 264, 215, 212]
Objs= Any[326215.0, 323427, 322297, 317448, 310387, 309658, 309600, 309600, 309600, 309600, 307755, 307755, 307467, 304193, 303801, 302198, 300242, 298347, 297416, 296754, 296202, 296202, 296202, 296202, 296129, 294065, 293748, 293748, 293748, 293748, 293748, 293748, 293748, 293748, 293748, 293622, 293353, 293353, 290958, 290958, 290958, 290958, 289797, 289652, 289652, 289652, 289652, 289652, 289002, 289002, 289002, 289002, 289002, 288793, 288793, 288793, 288793, 288793, 288793, 288793, 288793, 288793, 288793, 288129, 288129, 288129, 288129, 288129, 288129, 287799, 287799, 287799, 287799, 287799, 287799, 287799, 287799, 287799, 287799, 287799, 287799, 287799, 287799, 287799, 287662, 287576, 287576, 287576, 287576, 287576, 287576, 287576, 287082, 286139, 286139, 286139, 286139, 286139, 285844, 285844, 285844, 285844, 285844, 285844, 285844, 285844, 285844, 285844, 285844, 285844, 285844, 285844, 285844, 285844, 285844, 285844, 285844, 285844, 285844, 285844, 285593, 285593, 285593, 285593, 285593, 285593, 285593, 285593, 285593, 285593, 285593, 285593, 285593, 285593, 285593, 285593, 285593, 285593, 285593, 285593, 285593, 285593, 285593, 285593, 285593, 285593, 285593, 285593, 285593, 285593, 285593, 285593, 285593, 285593, 285593, 285593, 285593, 285593, 285593, 285538, 285538, 285538, 285538, 285538, 285538, 285538, 285538, 285538, 285538, 285310, 285310, 285310, 285310, 285310, 285310, 285131, 285131, 285131, 285131, 285131, 285131, 285131, 285131, 285131, 285131, 285131, 285131, 285131, 285131, 285131, 285131, 285131, 285131, 285131, 285131, 285131, 285131, 285131, 285131, 285131, 285131, 285131, 285131, 285131, 285131, 285131, 285131, 285131, 285131, 285131, 285131, 285131, 285131, 285131, 285131, 285131, 285131, 285131, 285131, 285131, 285131, 285131, 285131, 285131, 285131, 285131, 285131, 285131, 285131, 285131, 285131, 285131, 285131, 285131, 285131, 285131, 285131, 285131, 285131, 285131, 285131, 285131, 285131, 285131, 285131, 285131, 285131, 285131, 285131, 285131, 285131, 285131, 285131, 285131, 285131, 285131, 285131, 285131, 285131, 285131, 285131, 285131, 285131, 285131, 285131, 285131, 285131, 285131, 285131, 285131, 285131, 285131, 285131, 285131, 285131, 285131, 285131, 285080, 285080, 285080, 285080, 285080, 285080, 285080, 285080, 285080, 285080, 285080, 285080, 285080, 285080, 285080, 285080, 285080, 285080, 285080, 285080, 285080, 285080, 285080, 285080, 285080, 285080, 285080, 285080, 285080, 285080, 285080, 285080, 285080, 285080, 285080, 285080, 285080, 285080, 285080, 285080, 285080, 285080, 285080, 285080, 285080, 285080, 285080, 285080, 285080, 285080, 285080, 285080, 285080, 285080, 285080, 285080, 285080, 285080, 285080, 285080, 285080, 285080, 285080, 285080, 285080, 285080, 285080, 285036, 285036, 285036, 285036, 285036, 285036, 285036, 285036, 285036, 285036, 285036, 285036, 285036, 285036, 285036, 285036, 285036, 285036, 285036, 285036, 285036, 285036, 285036, 285036, 285036, 285036, 285036, 285036, 285036, 285036, 285036, 285036, 285036, 285036, 285036, 285036, 285036, 285036, 285036, 285036, 285036, 285036, 285036, 285036, 285036, 285036, 285036, 285036, 285036, 285036, 285036, 285036, 285036, 285036, 285036, 285036, 285036, 285036, 285036, 285036, 285036, 285036, 285036, 285036, 285036, 285036, 285036, 285036, 285036, 285036, 285036, 285036, 285036, 285036, 285036, 285036, 285036, 285036, 285036, 285036, 285036, 285036, 285036, 285036, 285002, 285002, 285002, 285002, 285002, 285002, 285002, 285002, 285002, 285002, 285002, 285002, 285002, 285002, 285002, 285002, 285002, 285002, 285002, 285002, 285002, 285002, 285002, 285002, 285002, 285002, 285002, 285002, 285002, 285002, 285002, 285002, 285002, 285002, 285002, 285002, 285002, 285002, 285002, 285002, 285002, 285002, 285002, 285002, 285002, 285002, 285002, 285002, 285002, 285002, 285002, 285002, 285002, 285002, 285002, 285002, 285002, 285002, 285002, 285002, 285002, 285002, 285002, 285002, 285002, 285002, 285002, 285002, 285002, 285002, 285002, 285002, 285002, 285002, 285002, 285002, 285002, 285002, 285002, 285002, 285002, 285002, 285002, 285002, 285002, 285002, 285002, 285002, 285002, 285002, 285002, 285002, 285002, 285002, 285002, 285002, 285002, 285002, 285002, 285002, 285002, 285002, 285002, 285002, 285002, 285002, 285002, 285002, 285002, 285002, 285002, 285002, 285002, 285002, 285002, 285002, 285002, 285002, 285002, 285002, 285002, 285002, 285002, 285002, 285002, 285002, 285002, 285002, 285002, 285002, 285002, 285002, 285002, 285002, 285002, 285002, 285002, 285002, 285002, 285002, 285002, 285002, 285002, 285002, 285002, 285002, 285002, 285002, 285002, 285002]
current_obj = [323427.0, 322297.0, 317448.0, 310387.0, 309658.0, 309600.0, 310808.0, 310063.0, 309885.0, 307755.0, 310461.0, 307467.0, 304193.0, 303801.0, 302198.0, 300242.0, 298347.0, 297416.0, 296754.0, 296202.0, 297355.0, 299814.0, 296936.0, 296129.0, 294065.0, 293748.0, 295144.0, 295747.0, 294817.0, 294314.0, 297472.0, 295253.0, 295456.0, 295616.0, 293622.0, 293353.0, 294868.0, 290958.0, 291163.0, 291163.0, 293426.0, 289797.0, 289652.0, 291176.0, 290765.0, 289873.0, 291761.0, 289002.0, 289061.0, 293106.0, 291338.0, 290854.0, 288793.0, 290137.0, 289800.0, 289130.0, 289122.0, 293649.0, 290066.0, 290498.0, 290593.0, 289000.0, 288129.0, 290513.0, 290143.0, 290064.0, 288613.0, 292395.0, 287799.0, 292865.0, 289806.0, 289728.0, 289825.0, 289548.0, 288789.0, 292158.0, 290242.0, 291748.0, 289913.0, 291601.0, 289776.0, 291537.0, 291490.0, 287662.0, 287576.0, 289258.0, 288032.0, 289279.0, 289126.0, 287617.0, 287969.0, 287082.0, 286139.0, 288100.0, 286485.0, 287981.0, 287451.0, 285844.0, 287077.0, 288940.0, 286883.0, 289264.0, 289134.0, 287498.0, 290194.0, 288321.0, 287732.0, 286777.0, 285930.0, 289259.0, 288988.0, 286685.0, 286832.0, 286685.0, 286741.0, 286840.0, 291856.0, 290590.0, 289681.0, 285593.0, 285730.0, 285917.0, 288163.0, 287842.0, 286901.0, 288293.0, 287375.0, 286424.0, 288078.0, 287390.0, 290831.0, 285857.0, 286886.0, 288883.0, 286699.0, 287748.0, 285880.0, 287631.0, 288883.0, 286259.0, 285815.0, 292019.0, 286230.0, 289834.0, 287478.0, 287107.0, 288737.0, 286530.0, 285730.0, 286599.0, 286901.0, 287837.0, 287532.0, 288028.0, 286532.0, 286310.0, 289692.0, 289261.0, 285538.0, 288762.0, 286846.0, 286927.0, 286360.0, 285880.0, 289281.0, 286927.0, 291393.0, 288828.0, 285310.0, 286386.0, 285933.0, 288788.0, 285832.0, 285832.0, 285131.0, 285498.0, 288176.0, 287393.0, 288238.0, 290014.0, 288225.0, 286192.0, 286379.0, 286802.0, 285972.0, 289897.0, 286364.0, 291326.0, 285154.0, 288257.0, 285275.0, 285917.0, 286074.0, 288126.0, 289751.0, 288589.0, 289189.0, 287742.0, 288257.0, 285310.0, 287663.0, 285706.0, 285663.0, 288358.0, 285624.0, 286216.0, 286568.0, 288358.0, 285498.0, 286173.0, 288974.0, 285645.0, 288969.0, 286216.0, 289309.0, 287982.0, 285317.0, 288126.0, 289759.0, 286475.0, 286763.0, 285317.0, 286475.0, 285917.0, 286631.0, 285235.0, 290113.0, 285624.0, 288542.0, 288126.0, 286320.0, 286013.0, 287868.0, 285562.0, 286465.0, 285624.0, 288683.0, 287480.0, 286704.0, 286113.0, 288756.0, 287041.0, 288542.0, 285505.0, 286348.0, 285477.0, 289413.0, 286020.0, 287808.0, 288358.0, 291973.0, 288425.0, 290218.0, 286429.0, 286008.0, 287082.0, 285999.0, 287456.0, 285917.0, 285561.0, 285663.0, 288010.0, 285701.0, 288756.0, 285724.0, 286192.0, 288911.0, 288774.0, 286568.0, 289161.0, 287105.0, 288842.0, 286564.0, 288940.0, 287191.0, 287106.0, 285080.0, 286990.0, 285929.0, 286259.0, 288094.0, 286297.0, 287992.0, 285529.0, 286384.0, 286211.0, 287218.0, 285173.0, 287362.0, 286122.0, 286054.0, 285281.0, 288663.0, 285962.0, 287473.0, 288220.0, 285555.0, 286190.0, 288663.0, 285899.0, 286678.0, 289114.0, 288705.0, 291563.0, 286099.0, 289603.0, 285780.0, 287368.0, 285344.0, 286072.0, 287140.0, 285602.0, 285602.0, 288292.0, 285899.0, 285382.0, 285447.0, 286289.0, 286040.0, 286498.0, 286062.0, 286054.0, 285177.0, 285822.0, 286384.0, 286580.0, 285650.0, 285131.0, 286099.0, 286807.0, 288591.0, 285103.0, 285154.0, 286156.0, 287218.0, 286122.0, 285344.0, 286414.0, 286190.0, 289114.0, 288307.0, 285899.0, 285555.0, 285036.0, 289386.0, 286245.0, 289709.0, 286121.0, 292190.0, 287083.0, 285969.0, 285797.0, 286690.0, 285979.0, 287074.0, 287372.0, 285447.0, 287249.0, 286376.0, 285264.0, 285195.0, 286946.0, 287847.0, 290581.0, 288399.0, 285528.0, 285258.0, 285110.0, 288248.0, 287787.0, 285110.0, 285764.0, 287931.0, 286219.0, 285237.0, 285904.0, 286284.0, 286700.0, 286832.0, 286357.0, 285080.0, 286018.0, 286554.0, 285556.0, 285659.0, 291225.0, 285264.0, 285528.0, 286536.0, 286651.0, 287973.0, 285237.0, 286294.0, 286365.0, 288176.0, 287249.0, 288462.0, 286947.0, 289608.0, 285310.0, 285383.0, 288975.0, 285429.0, 287479.0, 289608.0, 290831.0, 288263.0, 288562.0, 286553.0, 286930.0, 288771.0, 285764.0, 287053.0, 285764.0, 287718.0, 287329.0, 285080.0, 286253.0, 293517.0, 287429.0, 290190.0, 287000.0, 291225.0, 285913.0, 286097.0, 286078.0, 286365.0, 285002.0, 285059.0, 291342.0, 286139.0, 287079.0, 289788.0, 287759.0, 289054.0, 289054.0, 290350.0, 287072.0, 286139.0, 285808.0, 287066.0, 287697.0, 287233.0, 288627.0, 286504.0, 286219.0, 286673.0, 288338.0, 286605.0, 286656.0, 287199.0, 285994.0, 286984.0, 286138.0, 288413.0, 286520.0, 286966.0, 285824.0, 287778.0, 286979.0, 285808.0, 285744.0, 285495.0, 288016.0, 285964.0, 287753.0, 288654.0, 288557.0, 285887.0, 288373.0, 288747.0, 286044.0, 287233.0, 285046.0, 287215.0, 288271.0, 287062.0, 285436.0, 286763.0, 285436.0, 288257.0, 285572.0, 285230.0, 287679.0, 289414.0, 285723.0, 286504.0, 289099.0, 285349.0, 289639.0, 285143.0, 285057.0, 285143.0, 287958.0, 286331.0, 285808.0, 285773.0, 285175.0, 286139.0, 285572.0, 285994.0, 285348.0, 287174.0, 287745.0, 286360.0, 287062.0, 286833.0, 285175.0, 288296.0, 286460.0, 287199.0, 287476.0, 287491.0, 287772.0, 286909.0, 286953.0, 285744.0, 286331.0, 285736.0, 288804.0, 286953.0, 288218.0, 289594.0, 285595.0, 290154.0, 286502.0, 285057.0, 291799.0, 285057.0, 289284.0, 287496.0, 285499.0, 285935.0, 286250.0, 285266.0, 285273.0, 285106.0, 288583.0, 290093.0, 285625.0, 287634.0, 286087.0, 286912.0, 286486.0, 285688.0, 287759.0, 285161.0, 286729.0, 289068.0, 285059.0, 285310.0, 288373.0, 288804.0, 285495.0, 286941.0, 286460.0, 286502.0, 287655.0, 286909.0, 288557.0, 286219.0, 285572.0, 285935.0, 288361.0, 290638.0, 285573.0, 288460.0, 285930.0, 290012.0, 287990.0, 285422.0, 285488.0, 285773.0, 286307.0, 285203.0, 286953.0, 286087.0, 289073.0, 0.0, 0.0, 0.0, 0.0, 0.0, 0.0, 0.0, 0.0, 0.0, 0.0, 0.0, 0.0, 0.0, 0.0, 0.0, 0.0, 0.0, 0.0, 0.0, 0.0, 0.0, 0.0]
cong_K= Any[1, 1, 1, 3, 1, 1, 1, 2, 2, 2, 1, 2, 3, 3, 1, 2, 1, 2, 1, 2, 1, 2, 1, 1, 1, 1, 2, 1, 1, 1, 1, 1, 1, 1, 1, 1, 1, 1, 1, 1] 
obj_k= Any[323427, 322297, 317448, 310387, 309658, 309600, 307755, 307467, 304193, 303801, 302198, 300242, 298347, 297416, 296754, 296202, 296129, 294065, 293748, 293622, 293353, 290958, 289797, 289652, 289002, 288793, 288129, 287799, 287662, 287576, 287082, 286139, 285844, 285593, 285538, 285310, 285131, 285080, 285036, 285002] 
iter_obj = Any[1, 2, 3, 4, 5, 6, 10, 12, 13, 14, 15, 16, 17, 18, 19, 20, 24, 25, 26, 35, 36, 38, 42, 43, 48, 53, 63, 69, 84, 85, 92, 93, 98, 120, 159, 169, 175, 277, 344, 428] 
