n° iter       = 600 
neighborhood_structure = [1 2 3] 
Prioridad     = 5 
balance       = 0.3 
Len_N         = 3 
N° clusters   = 15 
N° estaciones = 452 
N° mejoras    = 43
N° iter completadas  = 448
1° FO         = 322355.0
FO            = 285002
Centros       = [12, 14, 72, 87, 137, 152, 212, 215, 264, 299, 308, 358, 362, 416, 427]
C = [0, 0, 0, 0, 0, 0, 0, 0, 0, 0, 0, 1, 0, 1, 0, 0, 0, 0, 0, 0, 0, 0, 0, 0, 0, 0, 0, 0, 0, 0, 0, 0, 0, 0, 0, 0, 0, 0, 0, 0, 0, 0, 0, 0, 0, 0, 0, 0, 0, 0, 0, 0, 0, 0, 0, 0, 0, 0, 0, 0, 0, 0, 0, 0, 0, 0, 0, 0, 0, 0, 0, 1, 0, 0, 0, 0, 0, 0, 0, 0, 0, 0, 0, 0, 0, 0, 1, 0, 0, 0, 0, 0, 0, 0, 0, 0, 0, 0, 0, 0, 0, 0, 0, 0, 0, 0, 0, 0, 0, 0, 0, 0, 0, 0, 0, 0, 0, 0, 0, 0, 0, 0, 0, 0, 0, 0, 0, 0, 0, 0, 0, 0, 0, 0, 0, 0, 1, 0, 0, 0, 0, 0, 0, 0, 0, 0, 0, 0, 0, 0, 0, 1, 0, 0, 0, 0, 0, 0, 0, 0, 0, 0, 0, 0, 0, 0, 0, 0, 0, 0, 0, 0, 0, 0, 0, 0, 0, 0, 0, 0, 0, 0, 0, 0, 0, 0, 0, 0, 0, 0, 0, 0, 0, 0, 0, 0, 0, 0, 0, 0, 0, 0, 0, 0, 0, 0, 0, 0, 0, 0, 0, 1, 0, 0, 1, 0, 0, 0, 0, 0, 0, 0, 0, 0, 0, 0, 0, 0, 0, 0, 0, 0, 0, 0, 0, 0, 0, 0, 0, 0, 0, 0, 0, 0, 0, 0, 0, 0, 0, 0, 0, 0, 0, 0, 0, 0, 0, 0, 0, 0, 0, 0, 0, 1, 0, 0, 0, 0, 0, 0, 0, 0, 0, 0, 0, 0, 0, 0, 0, 0, 0, 0, 0, 0, 0, 0, 0, 0, 0, 0, 0, 0, 0, 0, 0, 0, 0, 0, 1, 0, 0, 0, 0, 0, 0, 0, 0, 1, 0, 0, 0, 0, 0, 0, 0, 0, 0, 0, 0, 0, 0, 0, 0, 0, 0, 0, 0, 0, 0, 0, 0, 0, 0, 0, 0, 0, 0, 0, 0, 0, 0, 0, 0, 0, 0, 0, 0, 0, 0, 0, 0, 0, 0, 0, 0, 0, 0, 1, 0, 0, 0, 1, 0, 0, 0, 0, 0, 0, 0, 0, 0, 0, 0, 0, 0, 0, 0, 0, 0, 0, 0, 0, 0, 0, 0, 0, 0, 0, 0, 0, 0, 0, 0, 0, 0, 0, 0, 0, 0, 0, 0, 0, 0, 0, 0, 0, 0, 0, 0, 0, 0, 0, 0, 0, 0, 1, 0, 0, 0, 0, 0, 0, 0, 0, 0, 0, 1, 0, 0, 0, 0, 0, 0, 0, 0, 0, 0, 0, 0, 0, 0, 0, 0, 0, 0, 0, 0, 0, 0, 0, 0, 0]
E = [12, 14, 12, 14, 12, 12, 14, 12, 14, 264, 12, 12, 72, 14, 14, 12, 12, 12, 12, 12, 14, 14, 14, 14, 12, 264, 12, 14, 264, 264, 264, 14, 12, 14, 14, 14, 14, 72, 14, 137, 87, 14, 87, 14, 152, 152, 152, 87, 14, 14, 72, 87, 72, 72, 87, 152, 72, 152, 152, 14, 152, 72, 72, 152, 264, 72, 72, 72, 152, 152, 152, 72, 72, 72, 72, 152, 72, 72, 72, 152, 152, 87, 152, 152, 12, 12, 87, 87, 87, 87, 87, 87, 87, 87, 87, 87, 87, 87, 87, 87, 87, 87, 12, 87, 87, 87, 87, 87, 87, 87, 12, 12, 12, 12, 12, 264, 12, 12, 12, 137, 137, 87, 137, 137, 137, 137, 137, 137, 137, 137, 137, 137, 137, 137, 137, 137, 137, 137, 137, 137, 137, 152, 137, 137, 137, 152, 137, 137, 137, 152, 152, 152, 152, 152, 152, 152, 299, 137, 137, 12, 152, 152, 152, 152, 152, 72, 72, 72, 72, 72, 72, 72, 72, 264, 152, 264, 72, 72, 152, 152, 72, 299, 12, 72, 72, 72, 72, 72, 72, 72, 72, 215, 215, 14, 212, 212, 215, 215, 215, 212, 212, 215, 215, 215, 212, 215, 212, 212, 215, 215, 212, 212, 215, 215, 215, 215, 212, 212, 215, 215, 215, 212, 212, 212, 212, 14, 215, 215, 215, 215, 212, 14, 215, 212, 215, 215, 215, 215, 212, 215, 215, 215, 215, 212, 212, 212, 14, 14, 14, 14, 14, 14, 14, 12, 12, 12, 12, 212, 264, 87, 14, 87, 12, 264, 264, 264, 264, 264, 264, 264, 264, 264, 264, 264, 264, 152, 152, 152, 299, 152, 299, 299, 299, 308, 308, 308, 308, 308, 308, 299, 299, 299, 299, 299, 299, 299, 299, 299, 299, 299, 299, 358, 308, 308, 308, 308, 308, 308, 308, 308, 308, 308, 308, 308, 308, 299, 299, 299, 299, 299, 299, 299, 299, 358, 299, 358, 308, 308, 308, 308, 308, 362, 308, 362, 358, 358, 358, 358, 358, 358, 358, 358, 358, 358, 362, 362, 362, 362, 362, 362, 362, 362, 362, 362, 362, 358, 358, 358, 358, 358, 362, 362, 362, 362, 362, 362, 362, 362, 362, 362, 416, 358, 358, 358, 358, 358, 358, 358, 416, 416, 416, 416, 416, 416, 362, 362, 416, 416, 416, 416, 416, 416, 416, 416, 416, 416, 358, 427, 358, 358, 427, 427, 427, 358, 358, 427, 427, 427, 427, 427, 427, 427, 416, 416, 416, 416, 416, 416, 416, 416, 416, 416, 416, 427, 427, 427, 427, 427, 427, 427, 427, 427, 427, 416, 416, 416, 416, 416, 427, 427, 427, 427, 427, 427, 427, 427, 14, 87, 14, 264, 215, 212]
Objs= Any[322355.0, 316899, 315767, 314873, 314873, 310951, 309294, 307923, 306279, 304495, 303475, 303475, 302901, 302901, 302901, 300595, 299489, 299489, 298280, 298280, 298280, 297521, 297521, 297521, 297521, 297521, 297521, 297521, 297521, 297521, 297521, 297521, 297521, 297521, 297521, 297521, 297521, 297521, 297521, 297521, 297521, 297521, 297492, 297492, 295350, 295350, 295350, 295350, 294925, 294925, 294925, 294925, 294925, 294925, 294925, 294549, 294549, 294549, 294549, 294549, 294549, 294549, 294549, 294549, 293868, 293868, 292368, 292368, 292231, 292194, 292194, 292194, 292194, 292194, 291820, 291820, 291820, 291820, 291820, 291820, 291298, 291298, 291298, 291298, 291298, 291298, 291298, 291298, 291298, 291298, 291044, 290406, 290406, 290406, 290406, 290406, 290406, 290406, 290406, 290406, 290406, 290406, 290406, 290406, 290406, 290362, 290362, 290362, 290362, 290362, 289652, 288769, 288769, 288769, 288769, 288769, 288769, 288769, 288769, 288763, 288763, 288763, 288763, 288763, 288763, 288763, 288468, 288468, 288354, 288354, 288354, 288354, 288354, 288354, 288354, 288354, 288354, 288354, 288354, 288354, 288354, 288354, 288354, 288354, 288354, 288354, 288354, 288354, 287861, 287861, 287743, 287743, 287743, 287743, 287743, 287743, 287743, 287743, 287743, 287743, 287743, 287721, 287721, 287721, 287721, 287721, 287721, 287721, 287721, 287721, 287545, 287545, 287545, 287545, 287545, 287545, 286667, 286667, 286650, 286650, 286650, 285629, 285629, 285629, 285629, 285629, 285629, 285629, 285629, 285629, 285629, 285629, 285629, 285629, 285629, 285629, 285629, 285629, 285629, 285629, 285629, 285629, 285629, 285629, 285629, 285629, 285629, 285629, 285629, 285629, 285629, 285629, 285629, 285629, 285629, 285629, 285629, 285629, 285629, 285629, 285629, 285629, 285629, 285629, 285629, 285629, 285629, 285629, 285629, 285595, 285595, 285595, 285595, 285595, 285595, 285595, 285595, 285595, 285595, 285595, 285595, 285595, 285595, 285595, 285595, 285595, 285595, 285595, 285595, 285595, 285595, 285595, 285595, 285595, 285595, 285595, 285595, 285595, 285595, 285595, 285595, 285595, 285595, 285595, 285595, 285595, 285595, 285595, 285595, 285595, 285595, 285595, 285324, 285025, 285025, 285025, 285025, 285025, 285025, 285025, 285025, 285025, 285025, 285025, 285025, 285025, 285025, 285025, 285025, 285025, 285025, 285025, 285025, 285025, 285025, 285025, 285025, 285025, 285025, 285002, 285002, 285002, 285002, 285002, 285002, 285002, 285002, 285002, 285002, 285002, 285002, 285002, 285002, 285002, 285002, 285002, 285002, 285002, 285002, 285002, 285002, 285002, 285002, 285002, 285002, 285002, 285002, 285002, 285002, 285002, 285002, 285002, 285002, 285002, 285002, 285002, 285002, 285002, 285002, 285002, 285002, 285002, 285002, 285002, 285002, 285002, 285002, 285002, 285002, 285002, 285002, 285002, 285002, 285002, 285002, 285002, 285002, 285002, 285002, 285002, 285002, 285002, 285002, 285002, 285002, 285002, 285002, 285002, 285002, 285002, 285002, 285002, 285002, 285002, 285002, 285002, 285002, 285002, 285002, 285002, 285002, 285002, 285002, 285002, 285002, 285002, 285002, 285002, 285002, 285002, 285002, 285002, 285002, 285002, 285002, 285002, 285002, 285002, 285002, 285002, 285002, 285002, 285002, 285002, 285002, 285002, 285002, 285002, 285002, 285002, 285002, 285002, 285002, 285002, 285002, 285002, 285002, 285002, 285002, 285002, 285002, 285002, 285002, 285002, 285002, 285002, 285002, 285002, 285002, 285002, 285002, 285002, 285002, 285002, 285002, 285002, 285002, 285002, 285002, 285002, 285002, 285002, 285002, 285002, 285002, 285002, 285002, 285002, 285002]
current_obj = [316899.0, 315767.0, 314873.0, 316579.0, 310951.0, 309294.0, 307923.0, 306279.0, 304495.0, 303475.0, 303762.0, 302901.0, 305606.0, 303895.0, 300595.0, 299489.0, 300506.0, 298280.0, 301065.0, 299477.0, 297521.0, 297678.0, 298043.0, 298710.0, 298085.0, 300561.0, 300714.0, 301512.0, 301158.0, 298528.0, 298174.0, 298054.0, 300144.0, 297898.0, 299471.0, 297644.0, 299095.0, 299664.0, 298848.0, 298907.0, 300621.0, 297492.0, 297689.0, 295350.0, 296940.0, 296017.0, 295897.0, 294925.0, 295350.0, 295249.0, 296190.0, 295543.0, 296448.0, 297157.0, 294549.0, 296362.0, 296104.0, 295851.0, 295294.0, 297191.0, 298366.0, 295453.0, 297650.0, 293868.0, 295320.0, 292368.0, 293408.0, 292231.0, 292194.0, 292869.0, 296603.0, 292506.0, 295298.0, 291820.0, 292122.0, 293001.0, 293075.0, 293799.0, 293090.0, 291298.0, 291975.0, 293104.0, 292489.0, 294116.0, 296943.0, 292785.0, 293253.0, 293268.0, 298315.0, 291044.0, 290406.0, 290808.0, 291318.0, 291158.0, 290635.0, 292733.0, 293713.0, 292174.0, 291808.0, 293135.0, 290863.0, 292216.0, 290635.0, 290428.0, 290362.0, 291176.0, 290742.0, 290384.0, 290557.0, 289652.0, 288769.0, 289262.0, 289649.0, 294172.0, 289451.0, 290679.0, 291913.0, 291122.0, 288763.0, 289873.0, 289112.0, 290611.0, 292019.0, 291934.0, 288915.0, 288468.0, 291406.0, 288354.0, 289810.0, 291946.0, 288598.0, 291583.0, 289028.0, 289852.0, 288938.0, 289293.0, 289931.0, 288571.0, 289643.0, 289851.0, 289390.0, 288914.0, 288914.0, 291072.0, 291746.0, 290881.0, 289005.0, 287861.0, 289368.0, 287743.0, 291157.0, 291463.0, 292066.0, 288830.0, 292670.0, 288968.0, 287872.0, 288064.0, 289656.0, 289372.0, 287721.0, 288021.0, 288021.0, 288601.0, 289830.0, 287872.0, 289608.0, 287752.0, 289270.0, 287545.0, 288427.0, 290453.0, 289320.0, 289021.0, 290256.0, 286667.0, 288608.0, 286650.0, 288453.0, 289957.0, 285629.0, 285788.0, 287071.0, 287646.0, 286452.0, 285647.0, 285706.0, 285706.0, 286812.0, 287929.0, 288936.0, 286916.0, 287087.0, 286616.0, 289603.0, 287785.0, 285720.0, 285982.0, 285814.0, 289636.0, 286804.0, 286340.0, 286178.0, 286514.0, 285751.0, 285814.0, 286514.0, 285814.0, 290123.0, 286732.0, 287982.0, 288324.0, 287332.0, 286452.0, 288769.0, 287703.0, 286680.0, 288989.0, 287087.0, 288753.0, 288526.0, 286511.0, 290247.0, 286931.0, 288980.0, 288087.0, 285982.0, 286724.0, 285595.0, 286316.0, 287032.0, 286253.0, 285896.0, 289304.0, 288595.0, 286004.0, 287360.0, 288460.0, 285717.0, 288293.0, 290689.0, 288290.0, 289145.0, 286401.0, 285929.0, 290508.0, 287534.0, 287996.0, 286778.0, 288581.0, 286321.0, 292037.0, 287454.0, 286253.0, 285735.0, 286834.0, 288469.0, 287318.0, 290432.0, 287146.0, 288903.0, 286778.0, 287778.0, 286155.0, 288439.0, 287146.0, 287454.0, 290417.0, 289732.0, 288144.0, 286999.0, 285324.0, 285025.0, 287802.0, 285847.0, 286114.0, 286892.0, 285340.0, 285415.0, 286483.0, 286109.0, 292455.0, 285324.0, 285746.0, 287905.0, 286725.0, 285665.0, 286087.0, 287280.0, 285166.0, 288344.0, 287600.0, 287280.0, 287776.0, 286188.0, 285853.0, 287782.0, 287600.0, 285002.0, 285879.0, 288236.0, 290885.0, 288000.0, 285522.0, 288676.0, 286336.0, 289788.0, 285572.0, 285706.0, 285773.0, 287997.0, 285369.0, 286281.0, 286763.0, 285495.0, 285524.0, 288747.0, 286074.0, 286486.0, 286331.0, 286281.0, 285106.0, 285495.0, 287285.0, 285046.0, 285087.0, 288016.0, 285516.0, 286374.0, 285203.0, 287232.0, 290063.0, 285736.0, 286634.0, 286517.0, 286165.0, 285619.0, 287759.0, 287108.0, 286634.0, 288557.0, 288109.0, 287789.0, 288943.0, 286307.0, 290550.0, 285808.0, 286709.0, 286294.0, 286117.0, 286250.0, 288970.0, 289595.0, 285625.0, 286338.0, 287974.0, 287233.0, 285273.0, 285059.0, 286763.0, 288271.0, 287470.0, 290350.0, 286879.0, 286331.0, 286053.0, 286536.0, 287678.0, 290517.0, 286709.0, 287583.0, 286044.0, 285146.0, 285522.0, 285945.0, 287845.0, 286260.0, 286504.0, 288924.0, 285499.0, 286044.0, 285984.0, 285106.0, 287355.0, 288737.0, 286460.0, 290638.0, 286502.0, 285495.0, 287753.0, 288271.0, 285830.0, 287053.0, 286331.0, 286010.0, 287634.0, 288227.0, 289668.0, 285059.0, 287526.0, 285495.0, 287052.0, 287045.0, 286520.0, 288923.0, 287053.0, 286331.0, 286117.0, 285870.0, 286439.0, 287062.0, 286876.0, 289115.0, 287053.0, 291251.0, 285572.0, 287526.0, 285522.0, 286139.0, 286486.0, 286953.0, 287072.0, 285436.0, 288460.0, 285984.0, 288596.0, 285273.0, 285879.0, 287049.0, 285595.0, 285025.0, 288459.0, 286250.0, 286336.0, 288654.0, 285146.0, 288774.0, 288509.0, 285106.0, 287232.0, 288016.0, 288331.0, 285935.0, 289584.0, 288227.0, 285025.0, 286250.0, 287789.0, 285436.0, 0.0, 0.0, 0.0, 0.0, 0.0, 0.0, 0.0, 0.0, 0.0, 0.0, 0.0, 0.0, 0.0, 0.0, 0.0, 0.0, 0.0, 0.0, 0.0, 0.0, 0.0, 0.0, 0.0, 0.0, 0.0, 0.0, 0.0, 0.0, 0.0, 0.0, 0.0, 0.0, 0.0, 0.0, 0.0, 0.0, 0.0, 0.0, 0.0, 0.0, 0.0, 0.0, 0.0, 0.0, 0.0, 0.0, 0.0, 0.0, 0.0, 0.0, 0.0, 0.0, 0.0, 0.0, 0.0, 0.0, 0.0, 0.0, 0.0, 0.0, 0.0, 0.0, 0.0, 0.0, 0.0, 0.0, 0.0, 0.0, 0.0, 0.0, 0.0, 0.0, 0.0, 0.0, 0.0, 0.0, 0.0, 0.0, 0.0, 0.0, 0.0, 0.0, 0.0, 0.0, 0.0, 0.0, 0.0, 0.0, 0.0, 0.0, 0.0, 0.0, 0.0, 0.0, 0.0, 0.0, 0.0, 0.0, 0.0, 0.0, 0.0, 0.0, 0.0, 0.0, 0.0, 0.0, 0.0, 0.0, 0.0, 0.0, 0.0, 0.0, 0.0, 0.0, 0.0, 0.0, 0.0, 0.0, 0.0, 0.0, 0.0, 0.0, 0.0, 0.0, 0.0, 0.0, 0.0, 0.0, 0.0, 0.0, 0.0, 0.0, 0.0, 0.0, 0.0, 0.0, 0.0, 0.0, 0.0, 0.0, 0.0, 0.0, 0.0, 0.0, 0.0, 0.0, 0.0, 0.0, 0.0, 0.0, 0.0]
cong_K= Any[1, 1, 3, 2, 3, 2, 1, 1, 2, 2, 3, 1, 1, 1, 1, 1, 1, 1, 1, 1, 2, 1, 1, 1, 2, 1, 1, 1, 1, 1, 1, 1, 1, 1, 1, 1, 1, 1, 1, 1, 1, 1, 1] 
obj_k= Any[316899, 315767, 314873, 310951, 309294, 307923, 306279, 304495, 303475, 302901, 300595, 299489, 298280, 297521, 297492, 295350, 294925, 294549, 293868, 292368, 292231, 292194, 291820, 291298, 291044, 290406, 290362, 289652, 288769, 288763, 288468, 288354, 287861, 287743, 287721, 287545, 286667, 286650, 285629, 285595, 285324, 285025, 285002] 
iter_obj = Any[1, 2, 3, 5, 6, 7, 8, 9, 10, 12, 15, 16, 18, 21, 42, 44, 48, 55, 64, 66, 68, 69, 74, 80, 90, 91, 105, 110, 111, 119, 126, 128, 148, 150, 161, 170, 176, 178, 181, 229, 272, 273, 299] 
