n° iter       = 600 
neighborhood_structure = [1 2 3] 
Prioridad     = 5 
balance       = 0.3 
Len_N         = 3 
N° clusters   = 15 
N° estaciones = 452 
N° mejoras    = 54
N° iter completadas  = 600
1° FO         = 339429.0
FO            = 284810
Centros       = [12, 14, 72, 87, 137, 152, 212, 215, 264, 299, 308, 360, 362, 415, 428]
C = [0, 0, 0, 0, 0, 0, 0, 0, 0, 0, 0, 1, 0, 1, 0, 0, 0, 0, 0, 0, 0, 0, 0, 0, 0, 0, 0, 0, 0, 0, 0, 0, 0, 0, 0, 0, 0, 0, 0, 0, 0, 0, 0, 0, 0, 0, 0, 0, 0, 0, 0, 0, 0, 0, 0, 0, 0, 0, 0, 0, 0, 0, 0, 0, 0, 0, 0, 0, 0, 0, 0, 1, 0, 0, 0, 0, 0, 0, 0, 0, 0, 0, 0, 0, 0, 0, 1, 0, 0, 0, 0, 0, 0, 0, 0, 0, 0, 0, 0, 0, 0, 0, 0, 0, 0, 0, 0, 0, 0, 0, 0, 0, 0, 0, 0, 0, 0, 0, 0, 0, 0, 0, 0, 0, 0, 0, 0, 0, 0, 0, 0, 0, 0, 0, 0, 0, 1, 0, 0, 0, 0, 0, 0, 0, 0, 0, 0, 0, 0, 0, 0, 1, 0, 0, 0, 0, 0, 0, 0, 0, 0, 0, 0, 0, 0, 0, 0, 0, 0, 0, 0, 0, 0, 0, 0, 0, 0, 0, 0, 0, 0, 0, 0, 0, 0, 0, 0, 0, 0, 0, 0, 0, 0, 0, 0, 0, 0, 0, 0, 0, 0, 0, 0, 0, 0, 0, 0, 0, 0, 0, 0, 1, 0, 0, 1, 0, 0, 0, 0, 0, 0, 0, 0, 0, 0, 0, 0, 0, 0, 0, 0, 0, 0, 0, 0, 0, 0, 0, 0, 0, 0, 0, 0, 0, 0, 0, 0, 0, 0, 0, 0, 0, 0, 0, 0, 0, 0, 0, 0, 0, 0, 0, 0, 1, 0, 0, 0, 0, 0, 0, 0, 0, 0, 0, 0, 0, 0, 0, 0, 0, 0, 0, 0, 0, 0, 0, 0, 0, 0, 0, 0, 0, 0, 0, 0, 0, 0, 0, 1, 0, 0, 0, 0, 0, 0, 0, 0, 1, 0, 0, 0, 0, 0, 0, 0, 0, 0, 0, 0, 0, 0, 0, 0, 0, 0, 0, 0, 0, 0, 0, 0, 0, 0, 0, 0, 0, 0, 0, 0, 0, 0, 0, 0, 0, 0, 0, 0, 0, 0, 0, 0, 0, 0, 0, 0, 0, 0, 0, 0, 1, 0, 1, 0, 0, 0, 0, 0, 0, 0, 0, 0, 0, 0, 0, 0, 0, 0, 0, 0, 0, 0, 0, 0, 0, 0, 0, 0, 0, 0, 0, 0, 0, 0, 0, 0, 0, 0, 0, 0, 0, 0, 0, 0, 0, 0, 0, 0, 0, 0, 0, 0, 0, 0, 0, 1, 0, 0, 0, 0, 0, 0, 0, 0, 0, 0, 0, 0, 1, 0, 0, 0, 0, 0, 0, 0, 0, 0, 0, 0, 0, 0, 0, 0, 0, 0, 0, 0, 0, 0, 0, 0, 0]
E = [12, 14, 12, 14, 12, 12, 14, 12, 14, 264, 12, 12, 72, 14, 14, 12, 12, 12, 12, 12, 14, 14, 14, 14, 12, 264, 12, 14, 264, 264, 264, 14, 12, 14, 14, 14, 14, 72, 14, 137, 87, 14, 87, 14, 152, 72, 152, 87, 14, 14, 152, 87, 72, 72, 87, 152, 72, 152, 152, 14, 152, 72, 72, 152, 264, 72, 72, 72, 152, 152, 152, 72, 72, 72, 72, 152, 72, 72, 72, 152, 152, 87, 152, 152, 12, 12, 87, 87, 87, 87, 87, 87, 87, 87, 87, 87, 87, 87, 87, 87, 87, 87, 12, 87, 87, 87, 87, 87, 87, 87, 12, 12, 12, 12, 12, 264, 12, 12, 12, 137, 137, 87, 137, 137, 137, 137, 137, 137, 137, 137, 137, 137, 137, 137, 137, 137, 137, 137, 137, 137, 137, 152, 137, 137, 137, 152, 137, 137, 137, 152, 152, 152, 152, 152, 152, 152, 299, 137, 137, 12, 152, 152, 152, 152, 152, 72, 72, 72, 72, 72, 72, 72, 72, 264, 152, 264, 72, 72, 152, 152, 72, 299, 12, 72, 72, 72, 72, 72, 72, 72, 72, 215, 215, 14, 212, 212, 215, 215, 215, 212, 212, 215, 215, 215, 212, 215, 212, 212, 215, 215, 212, 212, 215, 215, 215, 215, 212, 212, 215, 215, 215, 212, 212, 212, 212, 14, 215, 215, 215, 215, 212, 14, 215, 212, 215, 215, 215, 215, 212, 215, 215, 215, 215, 212, 212, 212, 14, 14, 14, 14, 14, 14, 14, 12, 12, 12, 12, 212, 264, 87, 14, 87, 12, 264, 264, 264, 264, 264, 264, 264, 264, 264, 264, 264, 264, 299, 152, 152, 299, 152, 299, 299, 299, 308, 308, 308, 308, 308, 308, 299, 299, 299, 299, 299, 299, 299, 299, 299, 299, 299, 299, 299, 308, 308, 308, 308, 308, 308, 308, 308, 308, 308, 308, 308, 308, 362, 299, 299, 299, 299, 299, 299, 299, 299, 299, 360, 308, 308, 308, 308, 308, 362, 308, 362, 360, 299, 360, 360, 360, 299, 360, 360, 360, 360, 362, 362, 362, 362, 362, 362, 362, 362, 362, 362, 362, 360, 360, 360, 360, 360, 362, 362, 362, 362, 362, 362, 362, 362, 362, 362, 360, 415, 360, 360, 360, 360, 360, 360, 415, 415, 415, 415, 362, 362, 362, 362, 415, 415, 415, 415, 415, 415, 415, 415, 415, 415, 360, 415, 360, 360, 360, 428, 428, 360, 360, 428, 428, 428, 428, 428, 428, 428, 415, 415, 415, 415, 415, 415, 415, 415, 415, 415, 415, 415, 428, 428, 428, 428, 428, 428, 428, 428, 415, 415, 415, 415, 415, 415, 415, 428, 428, 428, 428, 428, 428, 428, 14, 87, 14, 264, 215, 212]
Objs= Any[339429.0, 325125, 324665, 324665, 317687, 317473, 317473, 310296, 309040, 308783, 307840, 307840, 307256, 307256, 306169, 305401, 305219, 303212, 303096, 298024, 298024, 296883, 296883, 296343, 295211, 295135, 295135, 295135, 294967, 294967, 294967, 294887, 294319, 294319, 293395, 293263, 293263, 293263, 293263, 293263, 293263, 293263, 293263, 292835, 292835, 292835, 292835, 292835, 292835, 292835, 292835, 292586, 292586, 292586, 292586, 292433, 291866, 291866, 291866, 291866, 291664, 291420, 291420, 291420, 291420, 291420, 291420, 291233, 291233, 291233, 291233, 291233, 291233, 291233, 291195, 291195, 291195, 289894, 289894, 289894, 289894, 289470, 289470, 289470, 289330, 289330, 289330, 289330, 288681, 288418, 288418, 287160, 287160, 287160, 287160, 287160, 287160, 287160, 287160, 287160, 287160, 287160, 287160, 287160, 287160, 287160, 287160, 287160, 287160, 287160, 287160, 287160, 287160, 287160, 287160, 287120, 287120, 287120, 287120, 287120, 287120, 287120, 287120, 287120, 287120, 287120, 287120, 287120, 287120, 287120, 287120, 287120, 287033, 286984, 286984, 286984, 286984, 286984, 286984, 286984, 286682, 286682, 286238, 286238, 286238, 286238, 286238, 286238, 286238, 286238, 286238, 286238, 286238, 286238, 286238, 286238, 286238, 286238, 286238, 286238, 286238, 286238, 286238, 286238, 286238, 286238, 286238, 286238, 286238, 286238, 286238, 286238, 286238, 286238, 286238, 286238, 286238, 286238, 286217, 286217, 286129, 286129, 286129, 286129, 286129, 286129, 286129, 286129, 286129, 286129, 286129, 286129, 286129, 286129, 286129, 286129, 286129, 286129, 286129, 286129, 286129, 286129, 286129, 286031, 286031, 286031, 286031, 286031, 286031, 286031, 286031, 286031, 286031, 286031, 286031, 286031, 286031, 286031, 286031, 286031, 286031, 286031, 286031, 286031, 286031, 286031, 286031, 286031, 286031, 286031, 286031, 286031, 286031, 286031, 286031, 286031, 286031, 286031, 286031, 286031, 286031, 286031, 286031, 285910, 285910, 285910, 285910, 285910, 285910, 285910, 285910, 285910, 285910, 285910, 285910, 285910, 285910, 285910, 285910, 285910, 285910, 285910, 285910, 285910, 285910, 285910, 285910, 285910, 285910, 285910, 285910, 285910, 285910, 285910, 285910, 285910, 285910, 285910, 285910, 285910, 285415, 285415, 285415, 285232, 285232, 285232, 285232, 285232, 285232, 285232, 285232, 285232, 285232, 285232, 285232, 285232, 285232, 285232, 285232, 285232, 285232, 285232, 285232, 285232, 285232, 285232, 285232, 285232, 285232, 285232, 285232, 285232, 285232, 285232, 285232, 285232, 285232, 285232, 285232, 285232, 285232, 285232, 285232, 285232, 285232, 285080, 285080, 285080, 285080, 285080, 285080, 285080, 285080, 285080, 285080, 285080, 285080, 285080, 285080, 285080, 285080, 285080, 285080, 285080, 285080, 285080, 285080, 285080, 285080, 285080, 285080, 285080, 285080, 285080, 285080, 285080, 285080, 285080, 285080, 285080, 285080, 285080, 285080, 285080, 285080, 285080, 285080, 285080, 285080, 285080, 285080, 285080, 285080, 285080, 285080, 285080, 285080, 285080, 285025, 285025, 285025, 285025, 285025, 285025, 285025, 285025, 285025, 285025, 285025, 285025, 285025, 285025, 285025, 285025, 285025, 285025, 285025, 285025, 285025, 285025, 285025, 285025, 285025, 285025, 285025, 285025, 285025, 285025, 285025, 285025, 285025, 285025, 285025, 285025, 285025, 285025, 285025, 285025, 285025, 285025, 284855, 284852, 284852, 284852, 284852, 284852, 284852, 284852, 284852, 284852, 284852, 284852, 284852, 284852, 284852, 284852, 284852, 284852, 284852, 284852, 284852, 284852, 284852, 284852, 284852, 284852, 284852, 284852, 284852, 284852, 284852, 284852, 284852, 284852, 284852, 284852, 284852, 284852, 284852, 284852, 284852, 284852, 284852, 284852, 284852, 284852, 284852, 284852, 284810, 284810, 284810, 284810, 284810, 284810, 284810, 284810, 284810, 284810, 284810, 284810, 284810, 284810, 284810, 284810, 284810, 284810, 284810, 284810, 284810, 284810, 284810, 284810, 284810, 284810, 284810, 284810, 284810, 284810, 284810, 284810, 284810, 284810, 284810, 284810, 284810, 284810, 284810, 284810, 284810, 284810, 284810, 284810, 284810, 284810, 284810, 284810, 284810, 284810, 284810, 284810, 284810, 284810, 284810, 284810, 284810, 284810, 284810, 284810, 284810, 284810, 284810, 284810, 284810, 284810, 284810, 284810, 284810, 284810, 284810, 284810, 284810, 284810, 284810, 284810, 284810, 284810, 284810, 284810, 284810, 284810, 284810, 284810, 284810, 284810, 284810, 284810, 284810, 284810, 284810, 284810, 284810, 284810, 284810, 284810, 284810, 284810, 284810, 284810, 284810, 284810, 284810, 284810, 284810, 284810, 284810, 284810, 284810, 284810, 284810, 284810, 284810, 284810, 284810, 284810, 284810, 284810, 284810, 284810, 284810, 284810, 284810, 284810, 284810, 284810, 284810, 284810, 284810, 284810, 284810, 284810]
current_obj = [325125.0, 324665.0, 327283.0, 317687.0, 317473.0, 318240.0, 310296.0, 309040.0, 308783.0, 307840.0, 308882.0, 307256.0, 307811.0, 306169.0, 305401.0, 305219.0, 303212.0, 303096.0, 298024.0, 302499.0, 296883.0, 297218.0, 296343.0, 295211.0, 295135.0, 295263.0, 296214.0, 294967.0, 295410.0, 297594.0, 294887.0, 294319.0, 295225.0, 293395.0, 293263.0, 293279.0, 296216.0, 294301.0, 293465.0, 296252.0, 293858.0, 293912.0, 292835.0, 293497.0, 293733.0, 293386.0, 293678.0, 293326.0, 293803.0, 295061.0, 292586.0, 294531.0, 292834.0, 293275.0, 292433.0, 291866.0, 292320.0, 296347.0, 293294.0, 291664.0, 291420.0, 292008.0, 294115.0, 294345.0, 293333.0, 293601.0, 291233.0, 291597.0, 291281.0, 297115.0, 291420.0, 294549.0, 295460.0, 291195.0, 291310.0, 291336.0, 289894.0, 293373.0, 294595.0, 293528.0, 289470.0, 293745.0, 290563.0, 289330.0, 289554.0, 292328.0, 293195.0, 288681.0, 288418.0, 288638.0, 287160.0, 288357.0, 291833.0, 291435.0, 288199.0, 288895.0, 287439.0, 289176.0, 287769.0, 288212.0, 287586.0, 288245.0, 287468.0, 287763.0, 290039.0, 287251.0, 293436.0, 288258.0, 288966.0, 289701.0, 288581.0, 287744.0, 289687.0, 288814.0, 287120.0, 288032.0, 287570.0, 288267.0, 289665.0, 290220.0, 287862.0, 287559.0, 291622.0, 288605.0, 287150.0, 287294.0, 287164.0, 287164.0, 287449.0, 288147.0, 289184.0, 287033.0, 286984.0, 288511.0, 288996.0, 287908.0, 290671.0, 290165.0, 290994.0, 286682.0, 287406.0, 286238.0, 287880.0, 288477.0, 288963.0, 287238.0, 287353.0, 290470.0, 289397.0, 287532.0, 286728.0, 287615.0, 287424.0, 287115.0, 286540.0, 289931.0, 287650.0, 289006.0, 290725.0, 286989.0, 286896.0, 288335.0, 288103.0, 287670.0, 289885.0, 286667.0, 289885.0, 287854.0, 287020.0, 286431.0, 287151.0, 288166.0, 287296.0, 291000.0, 286743.0, 287982.0, 288989.0, 286217.0, 289844.0, 286129.0, 289437.0, 287303.0, 286157.0, 286777.0, 286793.0, 286435.0, 288948.0, 289411.0, 287557.0, 288074.0, 287348.0, 287692.0, 286793.0, 287625.0, 288263.0, 291396.0, 286708.0, 289084.0, 289188.0, 286173.0, 289133.0, 286949.0, 286031.0, 286322.0, 287462.0, 289488.0, 288074.0, 287146.0, 287745.0, 287347.0, 288898.0, 288837.0, 288731.0, 289839.0, 287138.0, 287621.0, 290918.0, 286051.0, 286129.0, 287649.0, 288432.0, 288799.0, 287150.0, 287037.0, 286780.0, 286798.0, 286133.0, 289674.0, 291130.0, 287071.0, 287813.0, 287347.0, 287215.0, 287813.0, 287002.0, 289452.0, 286490.0, 288742.0, 288894.0, 286129.0, 289119.0, 287791.0, 285910.0, 286597.0, 287401.0, 286155.0, 287072.0, 287354.0, 286585.0, 292076.0, 289243.0, 287287.0, 285954.0, 286916.0, 286981.0, 288203.0, 287804.0, 287402.0, 288052.0, 286734.0, 287234.0, 287624.0, 287126.0, 286662.0, 288959.0, 286457.0, 286982.0, 289949.0, 286792.0, 289833.0, 286186.0, 286489.0, 286677.0, 287390.0, 288524.0, 287390.0, 287555.0, 286662.0, 286965.0, 285415.0, 285938.0, 288511.0, 285232.0, 287275.0, 285415.0, 285503.0, 288792.0, 288175.0, 287296.0, 289512.0, 287487.0, 285459.0, 289154.0, 288765.0, 288886.0, 285789.0, 288664.0, 285993.0, 286568.0, 285415.0, 286587.0, 289354.0, 288675.0, 286394.0, 285459.0, 287156.0, 286169.0, 286764.0, 291426.0, 288356.0, 286919.0, 286939.0, 286520.0, 289051.0, 287928.0, 285266.0, 285890.0, 286608.0, 288686.0, 286060.0, 287463.0, 288171.0, 286568.0, 287663.0, 285080.0, 286308.0, 288608.0, 286036.0, 287301.0, 289876.0, 286229.0, 288755.0, 288755.0, 287954.0, 287856.0, 285801.0, 286370.0, 285470.0, 285965.0, 288965.0, 285717.0, 289914.0, 287958.0, 287954.0, 287644.0, 286202.0, 285841.0, 290991.0, 285232.0, 288825.0, 285717.0, 287955.0, 286195.0, 289708.0, 288680.0, 291091.0, 286657.0, 285909.0, 286312.0, 285340.0, 286536.0, 285818.0, 287414.0, 290760.0, 287249.0, 285789.0, 285379.0, 287571.0, 285695.0, 286368.0, 286883.0, 287157.0, 286312.0, 286883.0, 289914.0, 285738.0, 285797.0, 285025.0, 288885.0, 286401.0, 285442.0, 286283.0, 287600.0, 286267.0, 288332.0, 286080.0, 286091.0, 288724.0, 285080.0, 288979.0, 286080.0, 287782.0, 285082.0, 288073.0, 289925.0, 286465.0, 285442.0, 285847.0, 286097.0, 285285.0, 285976.0, 286596.0, 287192.0, 287142.0, 286725.0, 285981.0, 285734.0, 287068.0, 285250.0, 286549.0, 286725.0, 289564.0, 285662.0, 286091.0, 288553.0, 286482.0, 286596.0, 286401.0, 286596.0, 284855.0, 284852.0, 291127.0, 289417.0, 287403.0, 285974.0, 285156.0, 285050.0, 287099.0, 285077.0, 290769.0, 286588.0, 287034.0, 286991.0, 285674.0, 287857.0, 285921.0, 287950.0, 286877.0, 286492.0, 285077.0, 285974.0, 287859.0, 285547.0, 287356.0, 288901.0, 287717.0, 285175.0, 287802.0, 287253.0, 285379.0, 289016.0, 285624.0, 285730.0, 285884.0, 285068.0, 284896.0, 285077.0, 286904.0, 288527.0, 285986.0, 286506.0, 287722.0, 287283.0, 285913.0, 285068.0, 285590.0, 289500.0, 284810.0, 288085.0, 288950.0, 285799.0, 288009.0, 285322.0, 285057.0, 287805.0, 285203.0, 286268.0, 287468.0, 288564.0, 288200.0, 284852.0, 289301.0, 286013.0, 287184.0, 285752.0, 286059.0, 287315.0, 287936.0, 285030.0, 288794.0, 286347.0, 285861.0, 288056.0, 288085.0, 286268.0, 287198.0, 286068.0, 288311.0, 286857.0, 288009.0, 286811.0, 285695.0, 285002.0, 286575.0, 289827.0, 287042.0, 285677.0, 287524.0, 288009.0, 285422.0, 285692.0, 285960.0, 285841.0, 289596.0, 285045.0, 286675.0, 286778.0, 285871.0, 285176.0, 289111.0, 285591.0, 289350.0, 286777.0, 285908.0, 285342.0, 286266.0, 288479.0, 287351.0, 288022.0, 288109.0, 287056.0, 289596.0, 285565.0, 285743.0, 285452.0, 285582.0, 287032.0, 286480.0, 286881.0, 288291.0, 288404.0, 285422.0, 284865.0, 291629.0, 285175.0, 287699.0, 285752.0, 285692.0, 288054.0, 288085.0, 284865.0, 287095.0, 284854.0, 284973.0, 285570.0, 287381.0, 288295.0, 286247.0, 284852.0, 285378.0, 287843.0, 285045.0, 286031.0, 286180.0, 286958.0, 286556.0, 286392.0, 286331.0, 287238.0, 286266.0, 285570.0, 287461.0, 285802.0, 287165.0, 286958.0, 287858.0, 286677.0, 287002.0, 287042.0, 286487.0, 284973.0, 286042.0, 285074.0, 286163.0, 287699.0, 291448.0, 285811.0, 286721.0, 285002.0, 287843.0, 286675.0, 285871.0, 286958.0, 287331.0, 288961.0, 285861.0, 289088.0, 286268.0, 286556.0, 285960.0]
cong_K= Any[3, 1, 1, 1, 2, 1, 1, 1, 2, 2, 2, 1, 3, 1, 2, 3, 2, 1, 1, 1, 1, 2, 1, 1, 1, 1, 1, 1, 1, 2, 1, 1, 1, 1, 1, 2, 1, 1, 1, 1, 1, 1, 1, 1, 1, 1, 1, 1, 1, 1, 1, 2, 1, 1] 
obj_k= Any[325125, 324665, 317687, 317473, 310296, 309040, 308783, 307840, 307256, 306169, 305401, 305219, 303212, 303096, 298024, 296883, 296343, 295211, 295135, 294967, 294887, 294319, 293395, 293263, 292835, 292586, 292433, 291866, 291664, 291420, 291233, 291195, 289894, 289470, 289330, 288681, 288418, 287160, 287120, 287033, 286984, 286682, 286238, 286217, 286129, 286031, 285910, 285415, 285232, 285080, 285025, 284855, 284852, 284810] 
iter_obj = Any[1, 2, 4, 5, 7, 8, 9, 10, 12, 14, 15, 16, 17, 18, 19, 21, 23, 24, 25, 28, 31, 32, 34, 35, 43, 51, 55, 56, 60, 61, 67, 74, 77, 81, 84, 88, 89, 91, 115, 132, 133, 140, 142, 178, 180, 203, 243, 280, 283, 325, 378, 420, 421, 468] 
