n° iter       = 600 
neighborhood_structure = [1 2 3] 
Prioridad     = 5 
balance       = 0.3 
Len_N         = 3 
N° clusters   = 15 
N° estaciones = 452 
N° mejoras    = 38
N° iter completadas  = 600
1° FO         = 340406.0
FO            = 286312
Centros       = [12, 21, 78, 87, 134, 153, 215, 218, 264, 299, 313, 358, 383, 413, 428]
C = [0, 0, 0, 0, 0, 0, 0, 0, 0, 0, 0, 1, 0, 0, 0, 0, 0, 0, 0, 0, 1, 0, 0, 0, 0, 0, 0, 0, 0, 0, 0, 0, 0, 0, 0, 0, 0, 0, 0, 0, 0, 0, 0, 0, 0, 0, 0, 0, 0, 0, 0, 0, 0, 0, 0, 0, 0, 0, 0, 0, 0, 0, 0, 0, 0, 0, 0, 0, 0, 0, 0, 0, 0, 0, 0, 0, 0, 1, 0, 0, 0, 0, 0, 0, 0, 0, 1, 0, 0, 0, 0, 0, 0, 0, 0, 0, 0, 0, 0, 0, 0, 0, 0, 0, 0, 0, 0, 0, 0, 0, 0, 0, 0, 0, 0, 0, 0, 0, 0, 0, 0, 0, 0, 0, 0, 0, 0, 0, 0, 0, 0, 0, 0, 1, 0, 0, 0, 0, 0, 0, 0, 0, 0, 0, 0, 0, 0, 0, 0, 0, 0, 0, 1, 0, 0, 0, 0, 0, 0, 0, 0, 0, 0, 0, 0, 0, 0, 0, 0, 0, 0, 0, 0, 0, 0, 0, 0, 0, 0, 0, 0, 0, 0, 0, 0, 0, 0, 0, 0, 0, 0, 0, 0, 0, 0, 0, 0, 0, 0, 0, 0, 0, 0, 0, 0, 0, 0, 0, 0, 0, 0, 0, 0, 0, 1, 0, 0, 1, 0, 0, 0, 0, 0, 0, 0, 0, 0, 0, 0, 0, 0, 0, 0, 0, 0, 0, 0, 0, 0, 0, 0, 0, 0, 0, 0, 0, 0, 0, 0, 0, 0, 0, 0, 0, 0, 0, 0, 0, 0, 0, 0, 0, 0, 1, 0, 0, 0, 0, 0, 0, 0, 0, 0, 0, 0, 0, 0, 0, 0, 0, 0, 0, 0, 0, 0, 0, 0, 0, 0, 0, 0, 0, 0, 0, 0, 0, 0, 0, 1, 0, 0, 0, 0, 0, 0, 0, 0, 0, 0, 0, 0, 0, 1, 0, 0, 0, 0, 0, 0, 0, 0, 0, 0, 0, 0, 0, 0, 0, 0, 0, 0, 0, 0, 0, 0, 0, 0, 0, 0, 0, 0, 0, 0, 0, 0, 0, 0, 0, 0, 0, 0, 0, 0, 0, 0, 0, 0, 1, 0, 0, 0, 0, 0, 0, 0, 0, 0, 0, 0, 0, 0, 0, 0, 0, 0, 0, 0, 0, 0, 0, 0, 0, 1, 0, 0, 0, 0, 0, 0, 0, 0, 0, 0, 0, 0, 0, 0, 0, 0, 0, 0, 0, 0, 0, 0, 0, 0, 0, 0, 0, 0, 0, 1, 0, 0, 0, 0, 0, 0, 0, 0, 0, 0, 0, 0, 0, 0, 1, 0, 0, 0, 0, 0, 0, 0, 0, 0, 0, 0, 0, 0, 0, 0, 0, 0, 0, 0, 0, 0, 0, 0, 0]
E = [12, 21, 12, 21, 12, 12, 21, 12, 21, 264, 12, 12, 21, 78, 21, 12, 12, 12, 12, 12, 21, 21, 21, 21, 12, 264, 12, 21, 264, 264, 264, 21, 12, 21, 134, 21, 21, 78, 134, 134, 87, 21, 87, 21, 134, 78, 134, 87, 21, 21, 153, 87, 21, 78, 87, 153, 78, 21, 153, 21, 153, 78, 78, 153, 264, 78, 78, 78, 153, 153, 78, 78, 78, 78, 78, 153, 78, 78, 78, 78, 153, 87, 78, 153, 12, 12, 87, 87, 87, 87, 87, 87, 87, 87, 87, 87, 87, 87, 87, 87, 87, 87, 12, 87, 87, 87, 87, 87, 87, 87, 12, 12, 12, 12, 12, 264, 12, 12, 12, 134, 134, 87, 134, 134, 134, 134, 134, 134, 134, 134, 134, 134, 134, 134, 134, 134, 134, 134, 134, 134, 134, 153, 134, 134, 134, 153, 134, 134, 134, 153, 153, 153, 153, 153, 153, 153, 153, 134, 134, 12, 153, 153, 153, 153, 153, 78, 78, 78, 78, 78, 78, 78, 78, 264, 78, 264, 78, 78, 78, 153, 78, 299, 12, 78, 78, 218, 78, 78, 78, 78, 78, 218, 215, 21, 218, 218, 215, 215, 215, 218, 218, 215, 215, 215, 218, 215, 218, 218, 215, 215, 218, 218, 215, 215, 215, 215, 218, 218, 215, 215, 215, 218, 215, 218, 218, 21, 215, 215, 215, 215, 218, 218, 215, 218, 215, 215, 215, 215, 218, 215, 215, 215, 215, 215, 218, 218, 21, 21, 21, 21, 21, 21, 21, 12, 12, 12, 12, 218, 264, 87, 21, 87, 12, 264, 264, 264, 264, 264, 264, 264, 264, 264, 264, 264, 264, 153, 153, 153, 299, 153, 299, 299, 299, 299, 78, 78, 313, 313, 313, 299, 299, 299, 299, 299, 299, 299, 299, 299, 299, 299, 299, 299, 313, 313, 313, 313, 313, 313, 313, 313, 313, 313, 313, 313, 313, 299, 299, 299, 299, 299, 299, 299, 299, 299, 299, 358, 313, 313, 313, 313, 313, 313, 313, 313, 358, 299, 358, 358, 299, 358, 358, 358, 358, 358, 358, 358, 313, 313, 313, 313, 313, 313, 383, 383, 358, 358, 358, 358, 358, 358, 383, 383, 383, 383, 383, 383, 383, 383, 383, 383, 383, 358, 358, 358, 358, 358, 358, 413, 413, 413, 383, 383, 383, 383, 383, 383, 383, 383, 383, 383, 413, 413, 413, 413, 413, 413, 413, 413, 413, 358, 358, 428, 428, 358, 358, 428, 428, 428, 428, 428, 428, 428, 413, 413, 413, 383, 383, 383, 383, 383, 383, 413, 413, 413, 413, 428, 428, 428, 428, 428, 428, 428, 413, 413, 413, 413, 413, 413, 413, 428, 428, 428, 428, 428, 428, 428, 21, 87, 21, 264, 215, 218]
Objs= Any[340406.0, 329509, 315465, 315085, 311032, 311032, 308793, 308793, 307444, 307444, 307444, 306203, 305761, 305205, 305205, 301459, 301459, 301459, 301459, 298468, 298468, 298468, 298468, 298468, 298468, 296849, 296340, 296340, 296340, 294883, 294883, 294883, 294883, 294635, 294107, 294107, 293865, 293865, 293865, 293865, 293865, 293865, 293203, 293008, 292335, 292335, 292335, 292335, 292335, 292335, 292335, 292335, 290931, 290931, 290931, 290838, 290838, 290491, 290491, 290491, 290491, 290491, 290491, 290491, 290405, 290405, 290405, 290405, 290405, 290405, 290405, 290405, 290186, 290186, 290186, 290186, 290170, 290170, 290170, 290170, 289835, 289835, 289835, 289835, 289835, 289835, 289835, 289835, 289835, 289835, 289835, 289835, 289835, 289835, 289835, 289835, 289835, 289835, 289835, 289835, 289835, 289835, 289835, 289835, 289835, 289835, 289835, 289835, 289835, 289835, 289835, 289835, 289835, 289835, 289835, 289303, 289303, 289303, 289303, 289303, 289303, 289303, 289303, 289303, 289303, 289303, 289303, 289303, 289303, 289303, 289303, 289303, 289303, 289303, 289303, 289303, 289303, 289303, 289303, 289303, 289303, 289303, 289303, 289303, 289303, 289303, 289303, 289303, 289303, 289303, 289303, 289303, 289303, 289303, 289303, 289303, 289303, 289303, 289303, 289303, 289303, 289303, 289303, 289265, 289265, 289265, 289265, 289265, 289265, 289265, 289265, 289265, 289265, 289265, 289265, 289265, 289265, 289265, 289265, 289265, 289265, 289265, 289265, 289265, 289265, 289265, 288534, 288534, 288534, 288312, 288312, 288312, 288312, 288312, 288312, 288312, 288312, 288312, 288312, 288312, 288312, 288312, 288312, 288312, 288312, 288312, 288312, 288312, 288312, 288312, 288312, 287966, 287966, 287966, 287966, 287966, 287717, 287717, 287717, 287717, 287717, 287717, 287717, 287717, 287717, 287717, 287717, 287717, 287717, 287717, 287717, 287717, 287717, 287717, 287717, 287717, 287717, 287717, 287717, 287717, 287717, 287717, 287717, 287717, 287717, 287717, 287717, 287717, 287667, 287667, 287667, 287667, 287667, 287667, 287667, 287667, 287667, 287667, 287667, 287667, 287667, 287667, 287667, 287667, 287667, 287348, 287348, 287348, 287348, 287348, 287348, 287348, 287348, 287348, 287348, 287348, 287348, 287348, 287348, 287348, 287348, 287348, 287348, 287348, 287348, 287348, 287348, 287348, 287348, 287348, 287348, 287348, 287348, 287348, 287348, 287348, 287348, 287348, 287348, 287348, 287348, 287348, 287348, 287348, 287348, 287348, 287348, 287348, 286436, 286436, 286436, 286436, 286436, 286436, 286436, 286436, 286436, 286436, 286436, 286436, 286436, 286436, 286436, 286436, 286436, 286436, 286436, 286436, 286436, 286436, 286436, 286436, 286436, 286436, 286436, 286436, 286436, 286436, 286436, 286436, 286436, 286436, 286436, 286436, 286436, 286436, 286436, 286436, 286436, 286436, 286436, 286436, 286436, 286436, 286436, 286436, 286436, 286436, 286436, 286436, 286436, 286436, 286436, 286436, 286436, 286436, 286436, 286436, 286436, 286436, 286436, 286436, 286436, 286436, 286436, 286436, 286436, 286436, 286436, 286436, 286436, 286436, 286436, 286436, 286436, 286436, 286436, 286436, 286436, 286436, 286436, 286436, 286436, 286436, 286436, 286436, 286436, 286436, 286436, 286436, 286436, 286436, 286436, 286436, 286436, 286436, 286436, 286436, 286436, 286436, 286436, 286436, 286436, 286436, 286436, 286436, 286436, 286436, 286436, 286436, 286436, 286436, 286436, 286436, 286436, 286436, 286314, 286314, 286314, 286314, 286314, 286314, 286314, 286314, 286314, 286314, 286314, 286314, 286314, 286314, 286314, 286314, 286314, 286314, 286314, 286314, 286314, 286314, 286314, 286314, 286314, 286314, 286314, 286314, 286314, 286314, 286314, 286314, 286314, 286314, 286314, 286314, 286314, 286314, 286314, 286314, 286314, 286314, 286314, 286314, 286314, 286314, 286314, 286314, 286314, 286314, 286314, 286314, 286314, 286314, 286314, 286314, 286314, 286314, 286314, 286314, 286314, 286314, 286314, 286314, 286314, 286314, 286314, 286314, 286314, 286314, 286314, 286314, 286314, 286314, 286314, 286314, 286314, 286314, 286314, 286314, 286314, 286314, 286314, 286314, 286314, 286314, 286314, 286314, 286314, 286314, 286314, 286314, 286314, 286314, 286314, 286314, 286314, 286314, 286314, 286314, 286314, 286314, 286314, 286314, 286312, 286312, 286312, 286312, 286312, 286312, 286312, 286312, 286312, 286312, 286312, 286312, 286312, 286312, 286312, 286312, 286312, 286312, 286312, 286312, 286312, 286312, 286312, 286312, 286312, 286312, 286312, 286312, 286312, 286312, 286312, 286312, 286312, 286312, 286312, 286312, 286312, 286312, 286312, 286312, 286312, 286312, 286312, 286312, 286312, 286312, 286312, 286312, 286312, 286312, 286312, 286312, 286312, 286312, 286312, 286312, 286312, 286312, 286312, 286312, 286312, 286312, 286312, 286312, 286312, 286312, 286312, 286312, 286312, 286312]
current_obj = [329509.0, 315465.0, 315085.0, 311032.0, 311291.0, 308793.0, 310272.0, 307444.0, 307962.0, 308231.0, 306203.0, 305761.0, 305205.0, 305289.0, 301459.0, 301629.0, 301914.0, 301545.0, 298468.0, 299036.0, 299660.0, 299689.0, 305944.0, 298606.0, 296849.0, 296340.0, 299211.0, 296912.0, 294883.0, 295159.0, 296605.0, 298414.0, 294635.0, 294107.0, 295451.0, 293865.0, 294906.0, 297305.0, 295400.0, 295347.0, 294457.0, 293203.0, 293008.0, 292335.0, 295447.0, 296486.0, 295601.0, 292467.0, 292478.0, 292410.0, 293261.0, 290931.0, 291244.0, 293157.0, 290838.0, 291240.0, 290491.0, 291149.0, 291487.0, 291283.0, 293986.0, 290593.0, 291589.0, 290405.0, 292409.0, 290581.0, 290637.0, 295156.0, 291269.0, 291889.0, 291155.0, 290186.0, 291313.0, 290981.0, 291539.0, 290170.0, 291233.0, 290618.0, 292884.0, 289835.0, 291040.0, 293154.0, 290170.0, 290579.0, 290159.0, 292067.0, 291231.0, 292406.0, 292389.0, 292844.0, 290067.0, 292532.0, 291249.0, 290359.0, 291949.0, 291937.0, 291190.0, 297127.0, 290874.0, 292662.0, 290065.0, 290034.0, 290065.0, 291249.0, 291249.0, 290585.0, 290650.0, 290585.0, 290660.0, 290065.0, 290602.0, 293154.0, 293744.0, 292254.0, 289303.0, 289358.0, 290890.0, 290460.0, 289670.0, 290013.0, 290128.0, 289877.0, 290294.0, 291413.0, 291540.0, 290891.0, 289859.0, 290167.0, 290472.0, 290596.0, 289327.0, 290254.0, 289497.0, 290094.0, 289422.0, 293372.0, 290891.0, 290065.0, 290386.0, 290769.0, 290994.0, 290609.0, 290089.0, 290267.0, 290185.0, 290515.0, 291920.0, 289462.0, 289543.0, 289535.0, 289732.0, 290834.0, 291015.0, 289905.0, 290814.0, 289588.0, 290522.0, 290723.0, 290628.0, 291082.0, 290695.0, 289327.0, 289265.0, 289357.0, 292174.0, 291082.0, 289351.0, 290799.0, 291852.0, 290199.0, 290716.0, 289351.0, 290122.0, 291808.0, 289859.0, 289831.0, 291541.0, 289303.0, 293715.0, 291665.0, 291062.0, 289975.0, 289471.0, 291946.0, 290558.0, 288534.0, 290344.0, 289265.0, 288312.0, 289054.0, 290461.0, 289589.0, 289043.0, 288459.0, 290397.0, 290896.0, 291837.0, 289805.0, 289417.0, 293447.0, 288398.0, 290056.0, 289103.0, 288538.0, 290616.0, 289043.0, 290205.0, 288538.0, 289805.0, 288932.0, 287966.0, 289564.0, 288687.0, 291234.0, 288649.0, 287717.0, 287939.0, 289024.0, 287762.0, 289530.0, 292098.0, 290120.0, 289198.0, 288497.0, 290301.0, 290250.0, 288308.0, 290485.0, 288497.0, 289364.0, 292104.0, 289259.0, 291765.0, 287772.0, 289517.0, 289263.0, 290537.0, 291223.0, 289259.0, 290070.0, 289024.0, 288331.0, 287966.0, 291434.0, 289018.0, 289375.0, 291204.0, 287667.0, 290328.0, 288456.0, 288784.0, 289033.0, 288395.0, 287803.0, 287717.0, 290536.0, 291287.0, 289136.0, 289985.0, 290824.0, 289848.0, 288021.0, 289242.0, 287857.0, 287348.0, 289689.0, 291182.0, 289399.0, 287535.0, 290848.0, 287653.0, 287908.0, 288909.0, 290569.0, 290953.0, 287985.0, 288850.0, 291514.0, 287864.0, 288655.0, 288895.0, 289329.0, 288485.0, 289087.0, 288172.0, 291432.0, 287968.0, 287426.0, 288152.0, 287535.0, 288106.0, 291661.0, 288736.0, 287535.0, 288489.0, 290640.0, 287908.0, 289114.0, 287403.0, 289002.0, 287994.0, 288058.0, 291057.0, 289485.0, 289748.0, 292068.0, 289051.0, 286436.0, 287895.0, 288229.0, 292361.0, 287848.0, 286595.0, 287130.0, 289772.0, 287116.0, 287298.0, 286990.0, 286659.0, 286655.0, 286780.0, 290075.0, 287848.0, 288090.0, 288334.0, 291811.0, 287449.0, 287729.0, 288918.0, 288478.0, 286491.0, 289260.0, 287116.0, 286759.0, 290950.0, 291579.0, 288534.0, 288760.0, 286728.0, 286647.0, 289275.0, 292673.0, 287311.0, 287729.0, 290928.0, 290390.0, 286924.0, 287915.0, 289523.0, 291655.0, 289610.0, 289610.0, 287848.0, 287787.0, 286596.0, 287553.0, 287652.0, 292726.0, 288453.0, 289315.0, 288716.0, 290715.0, 286924.0, 288013.0, 287033.0, 287661.0, 286741.0, 287156.0, 287630.0, 286727.0, 290539.0, 286952.0, 288559.0, 288242.0, 289369.0, 291313.0, 288555.0, 286544.0, 290912.0, 286741.0, 288627.0, 287762.0, 286544.0, 287637.0, 287915.0, 289014.0, 287519.0, 288204.0, 288418.0, 286659.0, 286741.0, 289537.0, 290793.0, 290689.0, 288373.0, 287336.0, 288090.0, 290324.0, 286741.0, 288373.0, 286974.0, 287156.0, 289040.0, 288487.0, 290565.0, 287450.0, 288373.0, 286974.0, 289075.0, 287963.0, 291172.0, 291627.0, 289439.0, 289014.0, 287848.0, 289292.0, 288682.0, 291077.0, 288716.0, 289328.0, 287553.0, 286521.0, 287116.0, 288384.0, 287623.0, 286314.0, 290579.0, 286544.0, 290786.0, 286422.0, 289155.0, 288819.0, 288303.0, 289535.0, 290821.0, 286972.0, 293219.0, 290419.0, 290139.0, 290015.0, 286852.0, 287245.0, 288000.0, 286627.0, 286910.0, 290786.0, 287811.0, 291091.0, 286399.0, 289099.0, 289652.0, 289773.0, 286802.0, 288262.0, 288298.0, 287791.0, 286422.0, 286422.0, 288558.0, 286426.0, 288050.0, 286606.0, 287873.0, 286830.0, 288370.0, 286436.0, 288295.0, 286819.0, 288446.0, 289986.0, 286369.0, 287136.0, 289022.0, 286964.0, 287300.0, 286784.0, 288107.0, 289480.0, 287418.0, 286606.0, 287572.0, 287311.0, 289237.0, 286994.0, 287498.0, 288000.0, 288723.0, 287311.0, 288918.0, 290355.0, 287573.0, 287718.0, 287558.0, 288511.0, 288193.0, 290159.0, 286544.0, 288594.0, 290758.0, 288000.0, 289292.0, 286802.0, 288251.0, 287086.0, 287045.0, 286436.0, 287241.0, 288284.0, 289022.0, 288144.0, 286802.0, 287046.0, 287128.0, 287674.0, 287049.0, 291421.0, 289621.0, 287008.0, 289621.0, 288660.0, 288370.0, 290286.0, 287082.0, 287081.0, 287046.0, 286972.0, 287082.0, 288262.0, 292152.0, 286312.0, 286605.0, 287032.0, 288427.0, 287400.0, 287212.0, 286367.0, 289081.0, 286821.0, 287134.0, 288105.0, 289998.0, 288464.0, 289081.0, 287126.0, 287591.0, 289249.0, 290780.0, 289726.0, 288105.0, 289801.0, 287006.0, 290434.0, 290246.0, 288125.0, 287084.0, 286596.0, 287871.0, 287187.0, 289194.0, 287363.0, 287741.0, 289514.0, 286992.0, 290498.0, 287875.0, 288111.0, 287966.0, 286850.0, 286992.0, 289204.0, 290472.0, 287966.0, 286973.0, 287942.0, 286656.0, 290565.0, 287535.0, 289673.0, 290998.0, 288407.0, 286761.0, 286540.0, 287915.0, 287044.0, 287144.0, 287254.0, 287212.0, 290516.0, 290472.0, 287160.0, 288012.0, 289462.0, 292953.0, 287084.0, 287537.0, 289706.0, 286540.0, 286850.0, 286485.0, 287239.0]
cong_K= Any[3, 2, 2, 1, 2, 1, 1, 3, 1, 3, 3, 1, 1, 1, 1, 2, 1, 1, 1, 1, 1, 1, 2, 1, 1, 1, 1, 1, 1, 1, 1, 1, 1, 1, 2, 1, 1, 1] 
obj_k= Any[329509, 315465, 315085, 311032, 308793, 307444, 306203, 305761, 305205, 301459, 298468, 296849, 296340, 294883, 294635, 294107, 293865, 293203, 293008, 292335, 290931, 290838, 290491, 290405, 290186, 290170, 289835, 289303, 289265, 288534, 288312, 287966, 287717, 287667, 287348, 286436, 286314, 286312] 
iter_obj = Any[1, 2, 3, 4, 6, 8, 11, 12, 13, 15, 19, 25, 26, 29, 33, 34, 36, 42, 43, 44, 52, 55, 57, 64, 72, 76, 80, 115, 163, 186, 189, 211, 216, 248, 265, 308, 426, 530] 
