n° iter       = 600 
neighborhood_structure = [1 2 3] 
Prioridad     = 5 
balance       = 0.3 
Len_N         = 3 
N° clusters   = 15 
N° estaciones = 452 
N° mejoras    = 37
N° iter completadas  = 397
1° FO         = 342737.0
FO            = 285821
Centros       = [14, 19, 72, 87, 137, 153, 212, 215, 264, 309, 318, 360, 368, 414, 428]
C = [0, 0, 0, 0, 0, 0, 0, 0, 0, 0, 0, 0, 0, 1, 0, 0, 0, 0, 1, 0, 0, 0, 0, 0, 0, 0, 0, 0, 0, 0, 0, 0, 0, 0, 0, 0, 0, 0, 0, 0, 0, 0, 0, 0, 0, 0, 0, 0, 0, 0, 0, 0, 0, 0, 0, 0, 0, 0, 0, 0, 0, 0, 0, 0, 0, 0, 0, 0, 0, 0, 0, 1, 0, 0, 0, 0, 0, 0, 0, 0, 0, 0, 0, 0, 0, 0, 1, 0, 0, 0, 0, 0, 0, 0, 0, 0, 0, 0, 0, 0, 0, 0, 0, 0, 0, 0, 0, 0, 0, 0, 0, 0, 0, 0, 0, 0, 0, 0, 0, 0, 0, 0, 0, 0, 0, 0, 0, 0, 0, 0, 0, 0, 0, 0, 0, 0, 1, 0, 0, 0, 0, 0, 0, 0, 0, 0, 0, 0, 0, 0, 0, 0, 1, 0, 0, 0, 0, 0, 0, 0, 0, 0, 0, 0, 0, 0, 0, 0, 0, 0, 0, 0, 0, 0, 0, 0, 0, 0, 0, 0, 0, 0, 0, 0, 0, 0, 0, 0, 0, 0, 0, 0, 0, 0, 0, 0, 0, 0, 0, 0, 0, 0, 0, 0, 0, 0, 0, 0, 0, 0, 0, 1, 0, 0, 1, 0, 0, 0, 0, 0, 0, 0, 0, 0, 0, 0, 0, 0, 0, 0, 0, 0, 0, 0, 0, 0, 0, 0, 0, 0, 0, 0, 0, 0, 0, 0, 0, 0, 0, 0, 0, 0, 0, 0, 0, 0, 0, 0, 0, 0, 0, 0, 0, 1, 0, 0, 0, 0, 0, 0, 0, 0, 0, 0, 0, 0, 0, 0, 0, 0, 0, 0, 0, 0, 0, 0, 0, 0, 0, 0, 0, 0, 0, 0, 0, 0, 0, 0, 0, 0, 0, 0, 0, 0, 0, 0, 0, 0, 1, 0, 0, 0, 0, 0, 0, 0, 0, 1, 0, 0, 0, 0, 0, 0, 0, 0, 0, 0, 0, 0, 0, 0, 0, 0, 0, 0, 0, 0, 0, 0, 0, 0, 0, 0, 0, 0, 0, 0, 0, 0, 0, 0, 0, 0, 0, 0, 0, 0, 0, 1, 0, 0, 0, 0, 0, 0, 0, 1, 0, 0, 0, 0, 0, 0, 0, 0, 0, 0, 0, 0, 0, 0, 0, 0, 0, 0, 0, 0, 0, 0, 0, 0, 0, 0, 0, 0, 0, 0, 0, 0, 0, 0, 0, 0, 0, 0, 0, 0, 0, 0, 0, 0, 0, 1, 0, 0, 0, 0, 0, 0, 0, 0, 0, 0, 0, 0, 0, 1, 0, 0, 0, 0, 0, 0, 0, 0, 0, 0, 0, 0, 0, 0, 0, 0, 0, 0, 0, 0, 0, 0, 0, 0]
E = [19, 14, 19, 14, 19, 19, 14, 19, 14, 264, 19, 19, 72, 14, 14, 19, 19, 19, 19, 19, 14, 14, 14, 14, 19, 264, 19, 14, 264, 264, 264, 14, 19, 14, 14, 14, 14, 72, 14, 137, 87, 14, 87, 14, 72, 72, 153, 87, 14, 14, 153, 87, 72, 72, 87, 153, 72, 14, 153, 14, 153, 72, 72, 153, 264, 72, 72, 72, 153, 153, 153, 72, 72, 72, 72, 153, 72, 72, 72, 153, 153, 87, 153, 153, 19, 19, 87, 87, 87, 87, 87, 87, 87, 87, 87, 87, 87, 87, 87, 87, 87, 87, 19, 87, 87, 87, 87, 87, 87, 87, 19, 19, 19, 19, 19, 264, 19, 19, 19, 19, 19, 87, 137, 137, 137, 137, 137, 137, 137, 137, 137, 137, 137, 137, 137, 137, 137, 137, 0, 137, 137, 153, 137, 137, 137, 153, 137, 137, 137, 153, 153, 153, 153, 153, 153, 153, 153, 137, 0, 19, 153, 153, 153, 153, 153, 72, 72, 72, 72, 72, 72, 72, 72, 264, 153, 264, 72, 72, 153, 153, 72, 318, 19, 72, 72, 72, 72, 72, 72, 72, 72, 215, 215, 14, 212, 212, 215, 215, 215, 212, 212, 215, 215, 215, 212, 215, 212, 212, 215, 215, 212, 212, 215, 215, 215, 215, 212, 212, 215, 215, 215, 212, 212, 212, 212, 14, 215, 215, 215, 215, 212, 14, 215, 212, 215, 215, 215, 215, 212, 215, 215, 215, 215, 212, 212, 212, 14, 14, 14, 14, 14, 14, 14, 19, 19, 19, 19, 212, 264, 87, 14, 87, 19, 264, 264, 264, 264, 264, 264, 264, 264, 264, 264, 264, 264, 153, 153, 153, 153, 153, 153, 0, 318, 309, 309, 309, 309, 309, 309, 0, 318, 318, 318, 318, 0, 318, 318, 318, 318, 318, 318, 318, 0, 309, 309, 309, 309, 309, 309, 309, 309, 309, 309, 309, 309, 318, 318, 318, 318, 318, 318, 318, 318, 318, 318, 368, 309, 309, 309, 309, 309, 368, 309, 368, 360, 360, 0, 360, 318, 318, 360, 360, 360, 360, 368, 360, 368, 368, 368, 368, 368, 368, 368, 368, 368, 360, 360, 360, 360, 360, 368, 368, 368, 368, 368, 368, 368, 368, 368, 368, 368, 414, 360, 360, 360, 360, 360, 360, 414, 414, 368, 368, 368, 368, 368, 368, 368, 368, 368, 414, 414, 414, 414, 414, 414, 414, 414, 414, 360, 360, 360, 428, 428, 360, 414, 428, 428, 428, 428, 428, 428, 428, 414, 414, 414, 414, 368, 368, 414, 414, 414, 414, 414, 414, 414, 428, 428, 428, 428, 428, 428, 428, 414, 414, 414, 414, 414, 414, 414, 428, 428, 428, 428, 428, 428, 428, 14, 87, 14, 264, 215, 212]
Objs= Any[342737.0, 330564, 328440, 319220, 315621, 315621, 315621, 310113, 308518, 308518, 307391, 306895, 303103, 300901, 299003, 299003, 299003, 298931, 298931, 298815, 297441, 297441, 296501, 296501, 296501, 295800, 295800, 295298, 295210, 294271, 294271, 294271, 294271, 293500, 293500, 293500, 293208, 292612, 292612, 292612, 292612, 292612, 292612, 292612, 292612, 292612, 292612, 292612, 292612, 292072, 292072, 292072, 292072, 290293, 290293, 290065, 290065, 290065, 290065, 290065, 290065, 290065, 288698, 288698, 288698, 288698, 288698, 288698, 288698, 288698, 288698, 288698, 288698, 288698, 288698, 288698, 288698, 288698, 288624, 288624, 288624, 288624, 288624, 288624, 288525, 288525, 288525, 288525, 288525, 288525, 288525, 288525, 288525, 288525, 287648, 287648, 287648, 287648, 287648, 287648, 287648, 287609, 287609, 287609, 287482, 287482, 287482, 287482, 287482, 287482, 287482, 287482, 287482, 287482, 287482, 287482, 287482, 287482, 287482, 287482, 287482, 287482, 287482, 287482, 287482, 287482, 287482, 287482, 287482, 287482, 287482, 287482, 287482, 287482, 287482, 287482, 287482, 287482, 287482, 287482, 287482, 287482, 287482, 287482, 287482, 287482, 286794, 286794, 286626, 286626, 286626, 286626, 286626, 286626, 286626, 286626, 286626, 286378, 286378, 286378, 286378, 286378, 286378, 286378, 286334, 286334, 286334, 286334, 286019, 286019, 286019, 286019, 286019, 286019, 286019, 286019, 286019, 286019, 286019, 286019, 286019, 286019, 286019, 286019, 286019, 286019, 286019, 286019, 286019, 286019, 286019, 286019, 286019, 286019, 286019, 286019, 286019, 286019, 286019, 286019, 286019, 286019, 286019, 286019, 286019, 286019, 286019, 286019, 286019, 286019, 286019, 286019, 286019, 286019, 286019, 286019, 286019, 286019, 286019, 286019, 286019, 286019, 286019, 286019, 286019, 286019, 286019, 286019, 286019, 286019, 286019, 286019, 286019, 286019, 286019, 286019, 286019, 286019, 286019, 286019, 286019, 286019, 286019, 286019, 286019, 286019, 286019, 286019, 285821, 285821, 285821, 285821, 285821, 285821, 285821, 285821, 285821, 285821, 285821, 285821, 285821, 285821, 285821, 285821, 285821, 285821, 285821, 285821, 285821, 285821, 285821, 285821, 285821, 285821, 285821, 285821, 285821, 285821, 285821, 285821, 285821, 285821, 285821, 285821, 285821, 285821, 285821, 285821, 285821, 285821, 285821, 285821, 285821, 285821, 285821, 285821, 285821, 285821, 285821, 285821, 285821, 285821, 285821, 285821, 285821, 285821, 285821, 285821, 285821, 285821, 285821, 285821, 285821, 285821, 285821, 285821, 285821, 285821, 285821, 285821, 285821, 285821, 285821, 285821, 285821, 285821, 285821, 285821, 285821, 285821, 285821, 285821, 285821, 285821, 285821, 285821, 285821, 285821, 285821, 285821, 285821, 285821, 285821, 285821, 285821, 285821, 285821, 285821, 285821, 285821, 285821, 285821, 285821, 285821, 285821, 285821, 285821, 285821, 285821, 285821, 285821, 285821, 285821, 285821, 285821, 285821, 285821, 285821, 285821, 285821, 285821, 285821, 285821, 285821, 285821, 285821, 285821, 285821, 285821, 285821, 285821, 285821, 285821, 285821, 285821, 285821, 285821, 285821, 285821, 285821, 285821, 285821, 285821, 285821, 285821, 285821, 285821, 285821]
current_obj = [330564.0, 328440.0, 319220.0, 315621.0, 317392.0, 315804.0, 310113.0, 308518.0, 311310.0, 307391.0, 306895.0, 303103.0, 300901.0, 299003.0, 299319.0, 301139.0, 298931.0, 299001.0, 298815.0, 297441.0, 298437.0, 296501.0, 298004.0, 297761.0, 295800.0, 295982.0, 295298.0, 295210.0, 294271.0, 294895.0, 296538.0, 296069.0, 293500.0, 293585.0, 294581.0, 293208.0, 292612.0, 295091.0, 294145.0, 294228.0, 293008.0, 293086.0, 295621.0, 293383.0, 294202.0, 292890.0, 294666.0, 296215.0, 292072.0, 293822.0, 295179.0, 292545.0, 290293.0, 291637.0, 290065.0, 291585.0, 290534.0, 290997.0, 294144.0, 291002.0, 290274.0, 288698.0, 290460.0, 289174.0, 292398.0, 288972.0, 292408.0, 292718.0, 290797.0, 289937.0, 289697.0, 291448.0, 292273.0, 292408.0, 291432.0, 291413.0, 289341.0, 288624.0, 288705.0, 288945.0, 292778.0, 289055.0, 289968.0, 288525.0, 291004.0, 289462.0, 289385.0, 291596.0, 289299.0, 289844.0, 290075.0, 291639.0, 290286.0, 287648.0, 288285.0, 288343.0, 287902.0, 289398.0, 289715.0, 287727.0, 287609.0, 289642.0, 290795.0, 287482.0, 287730.0, 287774.0, 288567.0, 288565.0, 287894.0, 288224.0, 288965.0, 288284.0, 287853.0, 288318.0, 287907.0, 288690.0, 289825.0, 289158.0, 288616.0, 287586.0, 289279.0, 291861.0, 289091.0, 291696.0, 288141.0, 287671.0, 290019.0, 287532.0, 287704.0, 287890.0, 288753.0, 290444.0, 290540.0, 289169.0, 288310.0, 288057.0, 290497.0, 288141.0, 289463.0, 288586.0, 289081.0, 287722.0, 291176.0, 287602.0, 289000.0, 286794.0, 288704.0, 286626.0, 288452.0, 287693.0, 289111.0, 287109.0, 290876.0, 291109.0, 287428.0, 288827.0, 286378.0, 288195.0, 288782.0, 292168.0, 287968.0, 288766.0, 288000.0, 286334.0, 290018.0, 287362.0, 286389.0, 286019.0, 286340.0, 287390.0, 287885.0, 287649.0, 286717.0, 287070.0, 291312.0, 287988.0, 286648.0, 287986.0, 286171.0, 286241.0, 287224.0, 286123.0, 287968.0, 287205.0, 288645.0, 290016.0, 287113.0, 286679.0, 288168.0, 286551.0, 290422.0, 292775.0, 288806.0, 288018.0, 290921.0, 286287.0, 287515.0, 289649.0, 288083.0, 289358.0, 287096.0, 286516.0, 289532.0, 286675.0, 286241.0, 287359.0, 289698.0, 286675.0, 286074.0, 286976.0, 286266.0, 286516.0, 288680.0, 287430.0, 286340.0, 290143.0, 286679.0, 288335.0, 288645.0, 287273.0, 286737.0, 287757.0, 286180.0, 287880.0, 287627.0, 287836.0, 286516.0, 288362.0, 288806.0, 287277.0, 286896.0, 286896.0, 286074.0, 286737.0, 286260.0, 288168.0, 287003.0, 286378.0, 288753.0, 288998.0, 286648.0, 290659.0, 286260.0, 289754.0, 286871.0, 288659.0, 286993.0, 285821.0, 286318.0, 286482.0, 288893.0, 287770.0, 285925.0, 289557.0, 286805.0, 289278.0, 289972.0, 286900.0, 289799.0, 285973.0, 286176.0, 288267.0, 292304.0, 289463.0, 285966.0, 286985.0, 289940.0, 286982.0, 287475.0, 285876.0, 287026.0, 288503.0, 286143.0, 286805.0, 288800.0, 286770.0, 287613.0, 291293.0, 286018.0, 286966.0, 285973.0, 289500.0, 292754.0, 286019.0, 287796.0, 286339.0, 288455.0, 286082.0, 290470.0, 286718.0, 288723.0, 287246.0, 286985.0, 286480.0, 287403.0, 287993.0, 285876.0, 286898.0, 287649.0, 287474.0, 287123.0, 288679.0, 286673.0, 288386.0, 285876.0, 288893.0, 287770.0, 288768.0, 288073.0, 288850.0, 290213.0, 289765.0, 289935.0, 286770.0, 287216.0, 286043.0, 288032.0, 289842.0, 286570.0, 286946.0, 286062.0, 286977.0, 290769.0, 289272.0, 290128.0, 286915.0, 285925.0, 291216.0, 285896.0, 285925.0, 287161.0, 288378.0, 291002.0, 286180.0, 287261.0, 286176.0, 287010.0, 290716.0, 289747.0, 291207.0, 289271.0, 290532.0, 286176.0, 287139.0, 288189.0, 287608.0, 287715.0, 288065.0, 287467.0, 287632.0, 288243.0, 287161.0, 287585.0, 286982.0, 287886.0, 288931.0, 287474.0, 287360.0, 290007.0, 286957.0, 288494.0, 289930.0, 289103.0, 290012.0, 287970.0, 286304.0, 288139.0, 288203.0, 286082.0, 286698.0, 285876.0, 286176.0, 289123.0, 289211.0, 286339.0, 289195.0, 286143.0, 287576.0, 286062.0, 290691.0, 286649.0, 288559.0, 286353.0, 288768.0, 287568.0, 287051.0, 286982.0, 286082.0, 286069.0, 286650.0, 288065.0, 288219.0, 289688.0, 287806.0, 286904.0, 289714.0, 286427.0, 289926.0, 0.0, 0.0, 0.0, 0.0, 0.0, 0.0, 0.0, 0.0, 0.0, 0.0, 0.0, 0.0, 0.0, 0.0, 0.0, 0.0, 0.0, 0.0, 0.0, 0.0, 0.0, 0.0, 0.0, 0.0, 0.0, 0.0, 0.0, 0.0, 0.0, 0.0, 0.0, 0.0, 0.0, 0.0, 0.0, 0.0, 0.0, 0.0, 0.0, 0.0, 0.0, 0.0, 0.0, 0.0, 0.0, 0.0, 0.0, 0.0, 0.0, 0.0, 0.0, 0.0, 0.0, 0.0, 0.0, 0.0, 0.0, 0.0, 0.0, 0.0, 0.0, 0.0, 0.0, 0.0, 0.0, 0.0, 0.0, 0.0, 0.0, 0.0, 0.0, 0.0, 0.0, 0.0, 0.0, 0.0, 0.0, 0.0, 0.0, 0.0, 0.0, 0.0, 0.0, 0.0, 0.0, 0.0, 0.0, 0.0, 0.0, 0.0, 0.0, 0.0, 0.0, 0.0, 0.0, 0.0, 0.0, 0.0, 0.0, 0.0, 0.0, 0.0, 0.0, 0.0, 0.0, 0.0, 0.0, 0.0, 0.0, 0.0, 0.0, 0.0, 0.0, 0.0, 0.0, 0.0, 0.0, 0.0, 0.0, 0.0, 0.0, 0.0, 0.0, 0.0, 0.0, 0.0, 0.0, 0.0, 0.0, 0.0, 0.0, 0.0, 0.0, 0.0, 0.0, 0.0, 0.0, 0.0, 0.0, 0.0, 0.0, 0.0, 0.0, 0.0, 0.0, 0.0, 0.0, 0.0, 0.0, 0.0, 0.0, 0.0, 0.0, 0.0, 0.0, 0.0, 0.0, 0.0, 0.0, 0.0, 0.0, 0.0, 0.0, 0.0, 0.0, 0.0, 0.0, 0.0, 0.0, 0.0, 0.0, 0.0, 0.0, 0.0, 0.0, 0.0, 0.0, 0.0, 0.0, 0.0, 0.0, 0.0, 0.0, 0.0, 0.0, 0.0, 0.0, 0.0, 0.0, 0.0, 0.0, 0.0, 0.0, 0.0, 0.0, 0.0, 0.0, 0.0, 0.0, 0.0, 0.0, 0.0]
cong_K= Any[3, 2, 3, 1, 1, 1, 1, 2, 3, 1, 3, 1, 3, 2, 2, 1, 1, 1, 2, 1, 2, 1, 1, 1, 1, 1, 1, 1, 1, 1, 1, 1, 1, 1, 1, 1, 1] 
obj_k= Any[330564, 328440, 319220, 315621, 310113, 308518, 307391, 306895, 303103, 300901, 299003, 298931, 298815, 297441, 296501, 295800, 295298, 295210, 294271, 293500, 293208, 292612, 292072, 290293, 290065, 288698, 288624, 288525, 287648, 287609, 287482, 286794, 286626, 286378, 286334, 286019, 285821] 
iter_obj = Any[1, 2, 3, 4, 7, 8, 10, 11, 12, 13, 14, 17, 19, 20, 22, 25, 27, 28, 29, 33, 36, 37, 49, 53, 55, 62, 78, 84, 94, 101, 104, 146, 148, 157, 164, 168, 248] 
