n° iter       = 600 
neighborhood_structure = [1 2 3] 
Prioridad     = 5 
balance       = 0.3 
Len_N         = 3 
N° clusters   = 15 
N° estaciones = 452 
N° mejoras    = 47
N° iter completadas  = 600
1° FO         = 352279.0
FO            = 284810
Centros       = [12, 14, 72, 87, 137, 152, 212, 215, 264, 299, 308, 360, 362, 415, 428]
C = [0, 0, 0, 0, 0, 0, 0, 0, 0, 0, 0, 1, 0, 1, 0, 0, 0, 0, 0, 0, 0, 0, 0, 0, 0, 0, 0, 0, 0, 0, 0, 0, 0, 0, 0, 0, 0, 0, 0, 0, 0, 0, 0, 0, 0, 0, 0, 0, 0, 0, 0, 0, 0, 0, 0, 0, 0, 0, 0, 0, 0, 0, 0, 0, 0, 0, 0, 0, 0, 0, 0, 1, 0, 0, 0, 0, 0, 0, 0, 0, 0, 0, 0, 0, 0, 0, 1, 0, 0, 0, 0, 0, 0, 0, 0, 0, 0, 0, 0, 0, 0, 0, 0, 0, 0, 0, 0, 0, 0, 0, 0, 0, 0, 0, 0, 0, 0, 0, 0, 0, 0, 0, 0, 0, 0, 0, 0, 0, 0, 0, 0, 0, 0, 0, 0, 0, 1, 0, 0, 0, 0, 0, 0, 0, 0, 0, 0, 0, 0, 0, 0, 1, 0, 0, 0, 0, 0, 0, 0, 0, 0, 0, 0, 0, 0, 0, 0, 0, 0, 0, 0, 0, 0, 0, 0, 0, 0, 0, 0, 0, 0, 0, 0, 0, 0, 0, 0, 0, 0, 0, 0, 0, 0, 0, 0, 0, 0, 0, 0, 0, 0, 0, 0, 0, 0, 0, 0, 0, 0, 0, 0, 1, 0, 0, 1, 0, 0, 0, 0, 0, 0, 0, 0, 0, 0, 0, 0, 0, 0, 0, 0, 0, 0, 0, 0, 0, 0, 0, 0, 0, 0, 0, 0, 0, 0, 0, 0, 0, 0, 0, 0, 0, 0, 0, 0, 0, 0, 0, 0, 0, 0, 0, 0, 1, 0, 0, 0, 0, 0, 0, 0, 0, 0, 0, 0, 0, 0, 0, 0, 0, 0, 0, 0, 0, 0, 0, 0, 0, 0, 0, 0, 0, 0, 0, 0, 0, 0, 0, 1, 0, 0, 0, 0, 0, 0, 0, 0, 1, 0, 0, 0, 0, 0, 0, 0, 0, 0, 0, 0, 0, 0, 0, 0, 0, 0, 0, 0, 0, 0, 0, 0, 0, 0, 0, 0, 0, 0, 0, 0, 0, 0, 0, 0, 0, 0, 0, 0, 0, 0, 0, 0, 0, 0, 0, 0, 0, 0, 0, 0, 1, 0, 1, 0, 0, 0, 0, 0, 0, 0, 0, 0, 0, 0, 0, 0, 0, 0, 0, 0, 0, 0, 0, 0, 0, 0, 0, 0, 0, 0, 0, 0, 0, 0, 0, 0, 0, 0, 0, 0, 0, 0, 0, 0, 0, 0, 0, 0, 0, 0, 0, 0, 0, 0, 0, 1, 0, 0, 0, 0, 0, 0, 0, 0, 0, 0, 0, 0, 1, 0, 0, 0, 0, 0, 0, 0, 0, 0, 0, 0, 0, 0, 0, 0, 0, 0, 0, 0, 0, 0, 0, 0, 0]
E = [12, 14, 12, 14, 12, 12, 14, 12, 14, 264, 12, 12, 72, 14, 14, 12, 12, 12, 12, 12, 14, 14, 14, 14, 12, 264, 12, 14, 264, 264, 264, 14, 12, 14, 14, 14, 14, 72, 14, 137, 87, 14, 87, 14, 152, 72, 152, 87, 14, 14, 152, 87, 72, 72, 87, 152, 72, 152, 152, 14, 152, 72, 72, 152, 264, 72, 72, 72, 152, 152, 152, 72, 72, 72, 72, 152, 72, 72, 72, 152, 152, 87, 152, 152, 12, 12, 87, 87, 87, 87, 87, 87, 87, 87, 87, 87, 87, 87, 87, 87, 87, 87, 12, 87, 87, 87, 87, 87, 87, 87, 12, 12, 12, 12, 12, 264, 12, 12, 12, 137, 137, 87, 137, 137, 137, 137, 137, 137, 137, 137, 137, 137, 137, 137, 137, 137, 137, 137, 137, 137, 137, 152, 137, 137, 137, 152, 137, 137, 137, 152, 152, 152, 152, 152, 152, 152, 299, 137, 137, 12, 152, 152, 152, 152, 152, 72, 72, 72, 72, 72, 72, 72, 72, 264, 152, 264, 72, 72, 152, 152, 72, 299, 12, 72, 72, 72, 72, 72, 72, 72, 72, 215, 215, 14, 212, 212, 215, 215, 215, 212, 212, 215, 215, 215, 212, 215, 212, 212, 215, 215, 212, 212, 215, 215, 215, 215, 212, 212, 215, 215, 215, 212, 212, 212, 212, 14, 215, 215, 215, 215, 212, 14, 215, 212, 215, 215, 215, 215, 212, 215, 215, 215, 215, 212, 212, 212, 14, 14, 14, 14, 14, 14, 14, 12, 12, 12, 12, 212, 264, 87, 14, 87, 12, 264, 264, 264, 264, 264, 264, 264, 264, 264, 264, 264, 264, 299, 152, 152, 299, 152, 299, 299, 299, 308, 308, 308, 308, 308, 308, 299, 299, 299, 299, 299, 299, 299, 299, 299, 299, 299, 299, 299, 308, 308, 308, 308, 308, 308, 308, 308, 308, 308, 308, 308, 308, 362, 299, 299, 299, 299, 299, 299, 299, 299, 299, 360, 308, 308, 308, 308, 308, 362, 308, 362, 360, 299, 360, 360, 360, 299, 360, 360, 360, 360, 362, 362, 362, 362, 362, 362, 362, 362, 362, 362, 362, 360, 360, 360, 360, 360, 362, 362, 362, 362, 362, 362, 362, 362, 362, 362, 360, 415, 360, 360, 360, 360, 360, 360, 415, 415, 415, 415, 362, 362, 362, 362, 415, 415, 415, 415, 415, 415, 415, 415, 415, 415, 360, 415, 360, 360, 360, 428, 428, 360, 360, 428, 428, 428, 428, 428, 428, 428, 415, 415, 415, 415, 415, 415, 415, 415, 415, 415, 415, 415, 428, 428, 428, 428, 428, 428, 428, 428, 415, 415, 415, 415, 415, 415, 415, 428, 428, 428, 428, 428, 428, 428, 14, 87, 14, 264, 215, 212]
Objs= Any[352279.0, 335265, 325891, 318038, 318038, 314265, 314265, 312749, 310732, 307510, 306106, 306106, 303105, 300936, 300936, 300100, 300100, 299796, 299796, 299796, 299796, 299073, 298425, 298425, 298425, 298425, 298115, 297315, 297315, 297315, 297315, 296060, 296060, 291932, 291932, 291932, 291932, 291932, 291585, 291585, 291585, 291585, 291585, 291585, 291585, 291585, 291585, 291585, 291585, 291585, 291585, 291585, 291585, 291585, 291585, 291585, 291585, 291585, 291576, 291576, 291452, 291452, 291452, 291452, 291452, 291051, 290609, 290609, 290609, 290609, 290609, 290609, 290609, 290609, 290609, 290609, 290609, 290579, 290579, 290579, 289871, 289871, 289871, 289871, 289871, 289871, 289871, 289223, 289031, 289031, 288742, 288742, 288742, 288742, 288736, 288688, 288688, 288688, 288688, 288688, 288688, 288688, 288688, 288688, 288688, 288688, 288688, 288688, 288688, 288688, 288688, 288688, 288688, 288688, 288688, 288688, 288688, 287808, 287808, 287808, 287808, 287808, 287808, 287808, 287808, 287808, 287808, 287633, 287633, 287633, 287633, 287633, 287633, 287633, 287633, 287633, 287633, 287633, 287633, 287334, 287312, 287312, 287312, 287312, 287305, 287305, 287305, 287305, 287305, 287305, 287305, 287305, 287305, 287305, 287196, 287196, 287196, 287196, 287196, 287196, 287196, 287196, 287196, 287196, 287196, 287196, 287196, 287196, 287196, 287062, 287062, 287062, 287062, 287062, 287062, 287062, 287062, 287062, 287062, 287062, 287062, 287062, 287062, 287062, 287062, 287062, 287062, 287062, 287062, 287062, 287062, 287062, 287062, 287062, 287062, 287062, 287062, 287062, 287062, 287062, 287062, 287062, 287062, 287062, 287062, 287062, 287062, 287062, 287062, 287062, 287062, 287062, 287062, 287062, 287062, 287062, 287062, 287062, 287062, 287062, 287062, 287062, 287062, 287062, 287062, 287062, 287062, 287062, 287062, 287062, 287062, 287062, 287062, 287062, 287062, 287062, 287062, 287062, 287062, 287062, 287018, 287018, 287018, 287018, 287018, 287018, 287018, 287018, 287018, 287018, 287018, 287018, 287018, 287018, 287018, 287018, 287018, 287018, 287018, 287018, 287018, 287018, 287018, 287018, 287018, 287018, 287018, 287018, 287018, 287018, 286963, 286963, 286963, 286963, 286963, 286963, 286963, 286963, 286963, 286963, 286963, 286963, 286963, 286963, 286963, 286963, 286963, 286963, 286963, 286963, 286963, 286963, 286963, 286963, 286963, 286963, 286963, 286963, 286963, 286963, 286963, 286963, 286963, 286963, 286963, 286963, 286963, 286963, 286963, 286963, 286963, 286963, 286963, 286963, 286963, 286963, 286963, 286963, 286963, 286963, 286963, 286963, 286963, 286963, 286963, 286963, 286963, 286963, 286963, 286963, 286963, 286963, 286963, 286963, 286779, 286779, 286551, 286551, 286551, 286551, 286490, 286490, 286490, 286490, 286490, 286490, 286490, 286490, 286490, 286490, 286490, 286490, 286490, 286490, 286490, 286490, 286490, 286490, 285925, 285925, 285925, 285925, 285925, 285925, 285925, 285925, 285925, 285925, 285925, 285925, 285925, 285925, 285495, 285495, 285495, 285495, 285495, 285495, 285495, 285495, 285495, 285495, 285495, 285495, 285495, 285495, 285495, 285495, 285495, 285495, 285495, 285495, 285495, 285495, 285495, 285495, 285495, 285495, 285495, 285495, 285495, 285495, 285495, 285495, 285495, 285495, 285495, 285495, 285495, 285495, 285495, 285249, 285249, 285249, 285249, 285249, 285249, 285249, 285249, 285249, 285249, 285249, 285249, 285249, 285249, 285249, 285249, 285249, 285249, 285249, 285249, 285249, 285249, 285032, 285032, 285032, 285032, 285032, 285032, 285032, 285032, 285032, 285032, 285032, 285032, 285032, 285032, 285032, 285032, 285032, 285032, 285032, 285032, 285032, 285032, 285032, 285032, 285032, 285032, 285032, 285032, 285032, 285032, 285032, 285032, 285032, 285032, 285032, 285032, 285032, 285032, 285032, 285032, 285032, 285032, 285032, 285032, 285032, 285032, 285032, 285032, 285032, 285032, 285032, 285032, 285032, 285032, 285032, 285032, 285032, 285032, 285032, 285032, 285032, 285032, 285032, 285032, 285032, 285032, 285032, 285032, 285032, 285032, 285032, 285032, 285032, 285032, 285032, 285032, 285032, 285032, 285032, 285032, 285032, 285032, 285032, 285032, 285032, 285032, 285032, 285032, 285032, 285032, 285032, 285032, 285032, 285032, 285032, 285032, 285032, 285032, 285032, 285032, 285032, 285032, 285032, 285032, 285032, 285032, 285032, 285032, 285032, 285032, 285032, 285032, 285032, 285032, 285032, 285032, 285032, 285032, 285032, 285032, 285032, 285032, 285032, 285032, 285032, 285032, 285032, 285032, 285032, 285032, 285032, 285032, 285032, 285032, 284810, 284810, 284810, 284810, 284810, 284810, 284810, 284810, 284810, 284810, 284810, 284810, 284810, 284810, 284810, 284810, 284810, 284810, 284810, 284810, 284810, 284810, 284810, 284810, 284810, 284810, 284810, 284810, 284810, 284810, 284810, 284810, 284810]
current_obj = [335265.0, 325891.0, 318038.0, 318143.0, 314265.0, 315552.0, 312749.0, 310732.0, 307510.0, 306106.0, 308538.0, 303105.0, 300936.0, 302000.0, 300100.0, 301835.0, 299796.0, 302178.0, 300260.0, 300976.0, 299073.0, 298425.0, 299605.0, 299426.0, 300475.0, 298115.0, 297315.0, 299250.0, 299352.0, 298606.0, 296060.0, 297922.0, 291932.0, 293187.0, 295666.0, 294371.0, 292184.0, 291585.0, 291952.0, 294085.0, 293302.0, 293544.0, 292697.0, 293287.0, 291855.0, 292825.0, 298429.0, 292777.0, 293497.0, 292703.0, 292486.0, 292874.0, 295236.0, 295496.0, 293993.0, 292641.0, 291711.0, 291576.0, 294387.0, 291452.0, 292353.0, 293248.0, 292844.0, 292720.0, 291051.0, 290609.0, 293006.0, 291584.0, 295978.0, 294650.0, 291245.0, 291363.0, 291448.0, 293979.0, 294615.0, 290763.0, 290579.0, 294613.0, 295309.0, 289871.0, 290223.0, 290382.0, 293384.0, 290845.0, 295487.0, 290051.0, 289223.0, 289031.0, 293063.0, 288742.0, 292044.0, 288797.0, 290714.0, 288736.0, 288688.0, 290355.0, 289225.0, 289824.0, 289157.0, 288742.0, 288736.0, 290023.0, 292288.0, 291837.0, 288935.0, 291089.0, 290859.0, 289058.0, 291254.0, 290905.0, 289525.0, 291370.0, 293493.0, 289440.0, 288698.0, 292642.0, 287808.0, 288466.0, 289638.0, 289571.0, 288826.0, 292853.0, 289571.0, 287984.0, 290004.0, 288466.0, 287633.0, 287808.0, 287679.0, 287924.0, 289300.0, 289378.0, 290034.0, 288648.0, 288769.0, 289939.0, 287729.0, 289510.0, 287334.0, 287312.0, 288532.0, 288626.0, 287401.0, 287305.0, 290590.0, 287610.0, 290354.0, 288307.0, 290918.0, 288609.0, 289345.0, 289135.0, 289246.0, 287196.0, 288686.0, 291419.0, 288903.0, 289116.0, 288285.0, 287393.0, 291586.0, 289776.0, 288533.0, 288018.0, 288561.0, 291325.0, 288561.0, 288014.0, 287062.0, 288393.0, 290824.0, 287834.0, 290971.0, 287787.0, 287794.0, 289608.0, 287151.0, 288134.0, 291152.0, 290517.0, 287117.0, 288126.0, 290326.0, 288038.0, 288298.0, 288679.0, 287523.0, 287166.0, 287850.0, 289101.0, 287884.0, 287828.0, 288047.0, 288272.0, 287889.0, 287798.0, 288573.0, 287145.0, 287478.0, 289007.0, 288141.0, 289067.0, 287478.0, 287921.0, 290300.0, 289698.0, 290695.0, 288777.0, 288291.0, 289608.0, 289416.0, 287929.0, 287942.0, 288002.0, 288716.0, 289620.0, 287921.0, 292042.0, 288467.0, 287992.0, 289676.0, 288377.0, 288467.0, 290014.0, 288262.0, 288679.0, 288991.0, 289019.0, 287798.0, 290731.0, 288470.0, 287828.0, 288323.0, 288573.0, 287874.0, 288399.0, 287230.0, 287284.0, 291435.0, 287018.0, 291177.0, 288738.0, 288228.0, 287101.0, 289813.0, 288955.0, 290088.0, 287434.0, 287249.0, 291353.0, 289649.0, 288577.0, 289998.0, 287844.0, 290360.0, 287756.0, 288408.0, 289892.0, 291550.0, 288489.0, 287756.0, 289056.0, 288288.0, 289865.0, 288000.0, 290940.0, 288831.0, 290166.0, 290006.0, 286963.0, 288858.0, 287495.0, 291031.0, 290714.0, 287049.0, 287007.0, 287100.0, 287007.0, 288499.0, 287428.0, 287122.0, 289645.0, 293225.0, 288477.0, 288278.0, 288678.0, 288201.0, 290320.0, 289152.0, 288920.0, 288934.0, 288798.0, 287131.0, 288336.0, 287052.0, 288957.0, 289711.0, 287840.0, 288338.0, 288648.0, 287268.0, 288400.0, 288163.0, 288742.0, 287763.0, 287452.0, 291460.0, 288128.0, 289023.0, 288336.0, 289266.0, 287204.0, 289680.0, 290052.0, 290241.0, 288648.0, 287007.0, 290262.0, 288412.0, 288591.0, 288820.0, 288789.0, 288773.0, 287913.0, 287434.0, 288663.0, 288663.0, 288993.0, 290608.0, 288648.0, 287010.0, 287424.0, 288199.0, 286779.0, 287251.0, 286551.0, 289056.0, 291468.0, 286770.0, 286490.0, 290557.0, 287367.0, 287984.0, 287593.0, 289840.0, 287927.0, 288233.0, 288037.0, 288643.0, 288506.0, 286712.0, 289431.0, 287615.0, 290524.0, 289840.0, 287927.0, 287777.0, 285925.0, 286447.0, 288920.0, 288885.0, 286005.0, 290670.0, 286447.0, 289000.0, 289041.0, 285996.0, 290432.0, 286882.0, 287749.0, 289645.0, 285495.0, 287356.0, 288745.0, 286411.0, 287477.0, 290241.0, 286143.0, 286556.0, 286780.0, 287561.0, 287149.0, 286824.0, 286114.0, 289384.0, 285644.0, 288746.0, 287010.0, 286716.0, 289140.0, 286267.0, 287583.0, 288567.0, 286932.0, 287288.0, 287288.0, 290237.0, 285587.0, 286712.0, 288123.0, 291026.0, 289491.0, 287779.0, 286266.0, 286727.0, 288282.0, 288458.0, 287692.0, 286932.0, 286452.0, 285249.0, 285981.0, 287957.0, 289333.0, 286134.0, 288950.0, 286108.0, 285477.0, 285771.0, 289575.0, 287494.0, 286447.0, 285293.0, 286583.0, 287676.0, 286656.0, 286897.0, 286206.0, 286903.0, 286570.0, 285450.0, 286678.0, 285032.0, 285491.0, 287972.0, 290119.0, 287177.0, 285699.0, 286709.0, 285974.0, 285564.0, 286290.0, 286914.0, 286529.0, 287071.0, 287604.0, 285279.0, 285600.0, 287033.0, 285687.0, 289798.0, 287420.0, 285813.0, 285398.0, 287033.0, 285076.0, 285564.0, 285552.0, 285968.0, 287556.0, 286897.0, 286063.0, 285633.0, 288567.0, 285600.0, 285076.0, 288762.0, 288104.0, 288331.0, 286787.0, 287751.0, 287670.0, 286180.0, 285054.0, 287244.0, 286490.0, 288814.0, 289088.0, 287259.0, 285974.0, 288027.0, 286266.0, 285699.0, 286897.0, 286614.0, 285279.0, 286482.0, 285195.0, 286127.0, 286093.0, 287406.0, 287506.0, 285249.0, 289421.0, 288458.0, 287506.0, 288872.0, 286093.0, 285854.0, 285905.0, 285399.0, 286024.0, 285564.0, 286290.0, 286033.0, 288248.0, 289555.0, 285224.0, 287101.0, 287176.0, 288676.0, 285267.0, 287159.0, 287101.0, 287602.0, 289129.0, 286686.0, 286958.0, 285422.0, 290046.0, 288058.0, 285112.0, 288307.0, 289017.0, 289884.0, 286391.0, 288278.0, 285699.0, 286093.0, 286311.0, 286146.0, 285195.0, 287556.0, 285969.0, 285054.0, 290119.0, 286700.0, 288725.0, 285191.0, 287242.0, 285552.0, 288510.0, 285984.0, 288914.0, 286650.0, 290033.0, 286469.0, 287387.0, 286879.0, 288880.0, 288786.0, 286402.0, 286943.0, 286093.0, 286492.0, 288378.0, 286063.0, 287524.0, 290147.0, 285112.0, 287231.0, 288278.0, 287239.0, 285267.0, 287379.0, 287177.0, 284810.0, 288473.0, 286058.0, 287369.0, 288345.0, 285647.0, 289241.0, 288786.0, 286344.0, 286266.0, 288786.0, 288601.0, 288404.0, 290624.0, 286855.0, 285752.0, 286675.0, 285422.0, 288287.0, 285027.0, 291037.0, 286331.0, 285378.0, 285692.0, 286037.0, 287796.0, 286811.0, 289088.0, 286058.0, 285697.0, 286347.0, 287007.0, 286329.0, 286461.0]
cong_K= Any[3, 3, 3, 2, 2, 3, 3, 3, 1, 3, 2, 1, 2, 1, 1, 2, 1, 1, 1, 1, 2, 1, 1, 1, 2, 1, 1, 1, 1, 1, 1, 1, 1, 1, 1, 1, 1, 1, 1, 1, 1, 1, 2, 1, 1, 1, 1] 
obj_k= Any[335265, 325891, 318038, 314265, 312749, 310732, 307510, 306106, 303105, 300936, 300100, 299796, 299073, 298425, 298115, 297315, 296060, 291932, 291585, 291576, 291452, 291051, 290609, 290579, 289871, 289223, 289031, 288742, 288736, 288688, 287808, 287633, 287334, 287312, 287305, 287196, 287062, 287018, 286963, 286779, 286551, 286490, 285925, 285495, 285249, 285032, 284810] 
iter_obj = Any[1, 2, 3, 5, 7, 8, 9, 10, 12, 13, 15, 17, 21, 22, 26, 27, 31, 33, 38, 58, 60, 65, 66, 77, 80, 87, 88, 90, 94, 95, 117, 127, 139, 140, 144, 154, 169, 240, 270, 334, 336, 340, 358, 372, 411, 433, 567] 
