n° iter       = 600 
neighborhood_structure = [1 2 3] 
Prioridad     = 5 
balance       = 0.3 
Len_N         = 3 
N° clusters   = 15 
N° estaciones = 452 
N° mejoras    = 30
N° iter completadas  = 285
1° FO         = 336832.0
FO            = 286143
Centros       = [14, 20, 72, 87, 137, 152, 215, 218, 275, 299, 313, 358, 383, 413, 428]
C = [0, 0, 0, 0, 0, 0, 0, 0, 0, 0, 0, 0, 0, 1, 0, 0, 0, 0, 0, 1, 0, 0, 0, 0, 0, 0, 0, 0, 0, 0, 0, 0, 0, 0, 0, 0, 0, 0, 0, 0, 0, 0, 0, 0, 0, 0, 0, 0, 0, 0, 0, 0, 0, 0, 0, 0, 0, 0, 0, 0, 0, 0, 0, 0, 0, 0, 0, 0, 0, 0, 0, 1, 0, 0, 0, 0, 0, 0, 0, 0, 0, 0, 0, 0, 0, 0, 1, 0, 0, 0, 0, 0, 0, 0, 0, 0, 0, 0, 0, 0, 0, 0, 0, 0, 0, 0, 0, 0, 0, 0, 0, 0, 0, 0, 0, 0, 0, 0, 0, 0, 0, 0, 0, 0, 0, 0, 0, 0, 0, 0, 0, 0, 0, 0, 0, 0, 1, 0, 0, 0, 0, 0, 0, 0, 0, 0, 0, 0, 0, 0, 0, 1, 0, 0, 0, 0, 0, 0, 0, 0, 0, 0, 0, 0, 0, 0, 0, 0, 0, 0, 0, 0, 0, 0, 0, 0, 0, 0, 0, 0, 0, 0, 0, 0, 0, 0, 0, 0, 0, 0, 0, 0, 0, 0, 0, 0, 0, 0, 0, 0, 0, 0, 0, 0, 0, 0, 0, 0, 0, 0, 0, 0, 0, 0, 1, 0, 0, 1, 0, 0, 0, 0, 0, 0, 0, 0, 0, 0, 0, 0, 0, 0, 0, 0, 0, 0, 0, 0, 0, 0, 0, 0, 0, 0, 0, 0, 0, 0, 0, 0, 0, 0, 0, 0, 0, 0, 0, 0, 0, 0, 0, 0, 0, 0, 0, 0, 0, 0, 0, 0, 0, 0, 0, 0, 1, 0, 0, 0, 0, 0, 0, 0, 0, 0, 0, 0, 0, 0, 0, 0, 0, 0, 0, 0, 0, 0, 0, 0, 1, 0, 0, 0, 0, 0, 0, 0, 0, 0, 0, 0, 0, 0, 1, 0, 0, 0, 0, 0, 0, 0, 0, 0, 0, 0, 0, 0, 0, 0, 0, 0, 0, 0, 0, 0, 0, 0, 0, 0, 0, 0, 0, 0, 0, 0, 0, 0, 0, 0, 0, 0, 0, 0, 0, 0, 0, 0, 0, 1, 0, 0, 0, 0, 0, 0, 0, 0, 0, 0, 0, 0, 0, 0, 0, 0, 0, 0, 0, 0, 0, 0, 0, 0, 1, 0, 0, 0, 0, 0, 0, 0, 0, 0, 0, 0, 0, 0, 0, 0, 0, 0, 0, 0, 0, 0, 0, 0, 0, 0, 0, 0, 0, 0, 1, 0, 0, 0, 0, 0, 0, 0, 0, 0, 0, 0, 0, 0, 0, 1, 0, 0, 0, 0, 0, 0, 0, 0, 0, 0, 0, 0, 0, 0, 0, 0, 0, 0, 0, 0, 0, 0, 0, 0]
E = [20, 14, 20, 14, 14, 20, 14, 20, 14, 275, 20, 20, 72, 14, 14, 20, 20, 20, 20, 20, 14, 14, 14, 14, 20, 275, 20, 14, 275, 275, 275, 14, 20, 14, 14, 14, 14, 72, 14, 137, 87, 14, 87, 14, 152, 72, 152, 87, 14, 14, 152, 87, 72, 72, 87, 152, 72, 152, 152, 14, 152, 72, 72, 152, 275, 72, 72, 72, 152, 152, 152, 72, 72, 72, 72, 152, 72, 72, 72, 152, 152, 87, 152, 152, 20, 20, 87, 87, 87, 87, 87, 87, 87, 87, 87, 87, 87, 87, 87, 87, 87, 87, 20, 87, 87, 87, 87, 87, 87, 87, 20, 20, 20, 20, 20, 275, 20, 20, 20, 20, 20, 87, 137, 137, 137, 137, 137, 137, 137, 137, 137, 137, 137, 137, 137, 137, 137, 137, 137, 137, 137, 152, 137, 137, 137, 152, 137, 137, 137, 152, 152, 152, 152, 152, 152, 152, 299, 137, 137, 20, 152, 152, 152, 152, 152, 72, 72, 72, 72, 72, 72, 72, 72, 275, 152, 275, 72, 72, 152, 152, 72, 299, 20, 72, 72, 218, 72, 72, 72, 72, 72, 218, 215, 14, 218, 218, 215, 215, 215, 218, 218, 215, 215, 215, 218, 215, 218, 218, 215, 215, 218, 218, 215, 215, 215, 215, 218, 218, 215, 215, 215, 218, 215, 218, 218, 14, 215, 215, 215, 215, 218, 218, 215, 218, 215, 215, 215, 215, 218, 215, 215, 215, 215, 215, 218, 218, 14, 14, 14, 14, 14, 14, 14, 20, 20, 20, 20, 218, 275, 87, 14, 87, 20, 275, 275, 275, 275, 275, 275, 275, 275, 275, 275, 275, 275, 299, 152, 152, 299, 152, 299, 299, 299, 299, 72, 313, 313, 313, 313, 299, 299, 299, 299, 299, 299, 299, 299, 299, 299, 299, 299, 299, 313, 313, 313, 313, 313, 313, 313, 313, 313, 313, 313, 313, 313, 313, 299, 299, 299, 299, 299, 299, 299, 299, 358, 358, 313, 313, 313, 313, 313, 313, 313, 313, 358, 358, 358, 358, 358, 358, 358, 358, 358, 358, 358, 358, 313, 313, 313, 313, 313, 313, 383, 383, 358, 358, 358, 358, 358, 358, 383, 383, 383, 383, 383, 383, 383, 383, 383, 383, 383, 358, 358, 358, 358, 358, 358, 358, 413, 413, 383, 383, 383, 383, 383, 383, 383, 383, 383, 383, 383, 383, 413, 413, 413, 413, 413, 413, 413, 358, 358, 428, 428, 358, 358, 428, 428, 428, 428, 428, 428, 428, 413, 413, 413, 413, 383, 383, 383, 383, 383, 413, 413, 413, 413, 428, 428, 428, 428, 428, 428, 428, 413, 413, 413, 413, 413, 413, 413, 428, 428, 428, 428, 428, 428, 428, 14, 87, 14, 275, 215, 218]
Objs= Any[336832.0, 329472, 319205, 319205, 316410, 313646, 310430, 308473, 308473, 306302, 306302, 306302, 306052, 306052, 306052, 304654, 299249, 297800, 297541, 294324, 294324, 294324, 293868, 293868, 293868, 293868, 293868, 293868, 293868, 293655, 293655, 293655, 293655, 293655, 293655, 293655, 293655, 293655, 293569, 292069, 292069, 292069, 292069, 292069, 292069, 292069, 292069, 291591, 291591, 291408, 291408, 291304, 291304, 291304, 291304, 290820, 290820, 290820, 290669, 290669, 290669, 290669, 290669, 290669, 290669, 290669, 289071, 289071, 289071, 289071, 289071, 289071, 289071, 289071, 289071, 289071, 289071, 289054, 289054, 289054, 289054, 289054, 289054, 288827, 288827, 288827, 288190, 288190, 288190, 288190, 287640, 287640, 287640, 287640, 287640, 287640, 287640, 286555, 286555, 286555, 286555, 286555, 286555, 286549, 286549, 286549, 286549, 286549, 286549, 286549, 286549, 286549, 286549, 286549, 286549, 286549, 286549, 286549, 286549, 286549, 286549, 286549, 286549, 286549, 286549, 286549, 286549, 286549, 286549, 286549, 286549, 286549, 286549, 286549, 286549, 286549, 286143, 286143, 286143, 286143, 286143, 286143, 286143, 286143, 286143, 286143, 286143, 286143, 286143, 286143, 286143, 286143, 286143, 286143, 286143, 286143, 286143, 286143, 286143, 286143, 286143, 286143, 286143, 286143, 286143, 286143, 286143, 286143, 286143, 286143, 286143, 286143, 286143, 286143, 286143, 286143, 286143, 286143, 286143, 286143, 286143, 286143, 286143, 286143, 286143, 286143, 286143, 286143, 286143, 286143, 286143, 286143, 286143, 286143, 286143, 286143, 286143, 286143, 286143, 286143, 286143, 286143, 286143, 286143, 286143, 286143, 286143, 286143, 286143, 286143, 286143, 286143, 286143, 286143, 286143, 286143, 286143, 286143, 286143, 286143, 286143, 286143, 286143, 286143, 286143, 286143, 286143, 286143, 286143, 286143, 286143, 286143, 286143, 286143, 286143, 286143, 286143, 286143, 286143, 286143, 286143, 286143, 286143, 286143, 286143, 286143, 286143, 286143, 286143, 286143, 286143, 286143, 286143, 286143, 286143, 286143, 286143, 286143, 286143, 286143, 286143, 286143, 286143, 286143, 286143, 286143, 286143, 286143, 286143, 286143, 286143, 286143, 286143, 286143, 286143, 286143, 286143, 286143, 286143, 286143, 286143, 286143, 286143, 286143, 286143, 286143]
current_obj = [329472.0, 319205.0, 321439.0, 316410.0, 313646.0, 310430.0, 308473.0, 309041.0, 306302.0, 306655.0, 306651.0, 306052.0, 307636.0, 306440.0, 304654.0, 299249.0, 297800.0, 297541.0, 294324.0, 295263.0, 294727.0, 293868.0, 295085.0, 296871.0, 296078.0, 294068.0, 294419.0, 294237.0, 293655.0, 295923.0, 294980.0, 296037.0, 294856.0, 294820.0, 293661.0, 294326.0, 295253.0, 293569.0, 292069.0, 292519.0, 297054.0, 294581.0, 293480.0, 292635.0, 292169.0, 293723.0, 291591.0, 294711.0, 291408.0, 293084.0, 291304.0, 292798.0, 292451.0, 291675.0, 290820.0, 293036.0, 291270.0, 290669.0, 291725.0, 293402.0, 292323.0, 291352.0, 291955.0, 292788.0, 290883.0, 289071.0, 289608.0, 292859.0, 289503.0, 291010.0, 291010.0, 289955.0, 291578.0, 289638.0, 291183.0, 293129.0, 289054.0, 290353.0, 290020.0, 290095.0, 292755.0, 289477.0, 288827.0, 292300.0, 289580.0, 288190.0, 288540.0, 290125.0, 290125.0, 287640.0, 289091.0, 288346.0, 287786.0, 287983.0, 291706.0, 293268.0, 286555.0, 290713.0, 286813.0, 289139.0, 286793.0, 287097.0, 286549.0, 289008.0, 289619.0, 287581.0, 287820.0, 287916.0, 291867.0, 289576.0, 288085.0, 290440.0, 286710.0, 287250.0, 288362.0, 287374.0, 288648.0, 290066.0, 289507.0, 287076.0, 288082.0, 287798.0, 287983.0, 287082.0, 287253.0, 289673.0, 287025.0, 287941.0, 287486.0, 290269.0, 286893.0, 288976.0, 287123.0, 288652.0, 289101.0, 286143.0, 290040.0, 287503.0, 287654.0, 288343.0, 287772.0, 289528.0, 287436.0, 290366.0, 286960.0, 286963.0, 287772.0, 287406.0, 291870.0, 288478.0, 286487.0, 288906.0, 286256.0, 287503.0, 286434.0, 286333.0, 292147.0, 290436.0, 289265.0, 287385.0, 286882.0, 289122.0, 286629.0, 286666.0, 288279.0, 287363.0, 288823.0, 286458.0, 286798.0, 286992.0, 288193.0, 287000.0, 287895.0, 287458.0, 292451.0, 286153.0, 287255.0, 287247.0, 286776.0, 286333.0, 291410.0, 286247.0, 287996.0, 289763.0, 286874.0, 290251.0, 286882.0, 290359.0, 287503.0, 290530.0, 287623.0, 287503.0, 288407.0, 286956.0, 288668.0, 289305.0, 286659.0, 286410.0, 286661.0, 286410.0, 286629.0, 288798.0, 286941.0, 289364.0, 287436.0, 286956.0, 287290.0, 287212.0, 288976.0, 286629.0, 291372.0, 289528.0, 287573.0, 286817.0, 288163.0, 293441.0, 288173.0, 287644.0, 286466.0, 287148.0, 288036.0, 288740.0, 289528.0, 286487.0, 291292.0, 286247.0, 287290.0, 289364.0, 287071.0, 286333.0, 289185.0, 287736.0, 286229.0, 291022.0, 288193.0, 287636.0, 290251.0, 288277.0, 286661.0, 287071.0, 287950.0, 287207.0, 286549.0, 292398.0, 288407.0, 288109.0, 289051.0, 286508.0, 288530.0, 286893.0, 290078.0, 286798.0, 288250.0, 289933.0, 289896.0, 287705.0, 287797.0, 288348.0, 289747.0, 289031.0, 292147.0, 288797.0, 287973.0, 287080.0, 287018.0, 286587.0, 286612.0, 287636.0, 291146.0, 287290.0, 287623.0, 286434.0, 286487.0, 287074.0, 286968.0, 289221.0, 286680.0, 288016.0, 287385.0, 287363.0, 286229.0, 286458.0, 286487.0, 286874.0, 287308.0, 288697.0, 0.0, 0.0, 0.0, 0.0, 0.0, 0.0, 0.0, 0.0, 0.0, 0.0, 0.0, 0.0, 0.0, 0.0, 0.0, 0.0, 0.0, 0.0, 0.0, 0.0, 0.0, 0.0, 0.0, 0.0, 0.0, 0.0, 0.0, 0.0, 0.0, 0.0, 0.0, 0.0, 0.0, 0.0, 0.0, 0.0, 0.0, 0.0, 0.0, 0.0, 0.0, 0.0, 0.0, 0.0, 0.0, 0.0, 0.0, 0.0, 0.0, 0.0, 0.0, 0.0, 0.0, 0.0, 0.0, 0.0, 0.0, 0.0, 0.0, 0.0, 0.0, 0.0, 0.0, 0.0, 0.0, 0.0, 0.0, 0.0, 0.0, 0.0, 0.0, 0.0, 0.0, 0.0, 0.0, 0.0, 0.0, 0.0, 0.0, 0.0, 0.0, 0.0, 0.0, 0.0, 0.0, 0.0, 0.0, 0.0, 0.0, 0.0, 0.0, 0.0, 0.0, 0.0, 0.0, 0.0, 0.0, 0.0, 0.0, 0.0, 0.0, 0.0, 0.0, 0.0, 0.0, 0.0, 0.0, 0.0, 0.0, 0.0, 0.0, 0.0, 0.0, 0.0, 0.0, 0.0, 0.0, 0.0, 0.0, 0.0, 0.0, 0.0, 0.0, 0.0, 0.0, 0.0, 0.0, 0.0, 0.0, 0.0, 0.0, 0.0, 0.0, 0.0, 0.0, 0.0, 0.0, 0.0, 0.0, 0.0, 0.0, 0.0, 0.0, 0.0, 0.0, 0.0, 0.0, 0.0, 0.0, 0.0, 0.0, 0.0, 0.0, 0.0, 0.0, 0.0, 0.0, 0.0, 0.0, 0.0, 0.0, 0.0, 0.0, 0.0, 0.0, 0.0, 0.0, 0.0, 0.0, 0.0, 0.0, 0.0, 0.0, 0.0, 0.0, 0.0, 0.0, 0.0, 0.0, 0.0, 0.0, 0.0, 0.0, 0.0, 0.0, 0.0, 0.0, 0.0, 0.0, 0.0, 0.0, 0.0, 0.0, 0.0, 0.0, 0.0, 0.0, 0.0, 0.0, 0.0, 0.0, 0.0, 0.0, 0.0, 0.0, 0.0, 0.0, 0.0, 0.0, 0.0, 0.0, 0.0, 0.0, 0.0, 0.0, 0.0, 0.0, 0.0, 0.0, 0.0, 0.0, 0.0, 0.0, 0.0, 0.0, 0.0, 0.0, 0.0, 0.0, 0.0, 0.0, 0.0, 0.0, 0.0, 0.0, 0.0, 0.0, 0.0, 0.0, 0.0, 0.0, 0.0, 0.0, 0.0, 0.0, 0.0, 0.0, 0.0, 0.0, 0.0, 0.0, 0.0, 0.0, 0.0, 0.0, 0.0, 0.0, 0.0, 0.0, 0.0, 0.0, 0.0, 0.0, 0.0, 0.0, 0.0, 0.0, 0.0, 0.0, 0.0, 0.0, 0.0, 0.0, 0.0, 0.0, 0.0, 0.0, 0.0, 0.0, 0.0, 0.0, 0.0, 0.0, 0.0, 0.0, 0.0, 0.0, 0.0, 0.0, 0.0, 0.0, 0.0, 0.0, 0.0, 0.0, 0.0, 0.0, 0.0, 0.0, 0.0, 0.0, 0.0, 0.0, 0.0, 0.0, 0.0, 0.0, 0.0, 0.0, 0.0, 0.0, 0.0, 0.0, 0.0]
cong_K= Any[2, 3, 1, 2, 2, 1, 3, 1, 1, 2, 1, 1, 2, 1, 1, 1, 1, 1, 1, 1, 2, 1, 1, 1, 1, 1, 1, 1, 1, 1] 
obj_k= Any[329472, 319205, 316410, 313646, 310430, 308473, 306302, 306052, 304654, 299249, 297800, 297541, 294324, 293868, 293655, 293569, 292069, 291591, 291408, 291304, 290820, 290669, 289071, 289054, 288827, 288190, 287640, 286555, 286549, 286143] 
iter_obj = Any[1, 2, 4, 5, 6, 7, 9, 12, 15, 16, 17, 18, 19, 22, 29, 38, 39, 47, 49, 51, 55, 58, 66, 77, 83, 86, 90, 97, 103, 136] 
