n° iter       = 600 
neighborhood_structure = [1 2 3] 
Prioridad     = 5 
balance       = 0.3 
Len_N         = 3 
N° clusters   = 15 
N° estaciones = 452 
N° mejoras    = 50
N° iter completadas  = 600
1° FO         = 323932.0
FO            = 284920
Centros       = [12, 14, 72, 87, 134, 152, 215, 218, 264, 308, 318, 353, 360, 415, 428]
C = [0, 0, 0, 0, 0, 0, 0, 0, 0, 0, 0, 1, 0, 1, 0, 0, 0, 0, 0, 0, 0, 0, 0, 0, 0, 0, 0, 0, 0, 0, 0, 0, 0, 0, 0, 0, 0, 0, 0, 0, 0, 0, 0, 0, 0, 0, 0, 0, 0, 0, 0, 0, 0, 0, 0, 0, 0, 0, 0, 0, 0, 0, 0, 0, 0, 0, 0, 0, 0, 0, 0, 1, 0, 0, 0, 0, 0, 0, 0, 0, 0, 0, 0, 0, 0, 0, 1, 0, 0, 0, 0, 0, 0, 0, 0, 0, 0, 0, 0, 0, 0, 0, 0, 0, 0, 0, 0, 0, 0, 0, 0, 0, 0, 0, 0, 0, 0, 0, 0, 0, 0, 0, 0, 0, 0, 0, 0, 0, 0, 0, 0, 0, 0, 1, 0, 0, 0, 0, 0, 0, 0, 0, 0, 0, 0, 0, 0, 0, 0, 0, 0, 1, 0, 0, 0, 0, 0, 0, 0, 0, 0, 0, 0, 0, 0, 0, 0, 0, 0, 0, 0, 0, 0, 0, 0, 0, 0, 0, 0, 0, 0, 0, 0, 0, 0, 0, 0, 0, 0, 0, 0, 0, 0, 0, 0, 0, 0, 0, 0, 0, 0, 0, 0, 0, 0, 0, 0, 0, 0, 0, 0, 0, 0, 0, 1, 0, 0, 1, 0, 0, 0, 0, 0, 0, 0, 0, 0, 0, 0, 0, 0, 0, 0, 0, 0, 0, 0, 0, 0, 0, 0, 0, 0, 0, 0, 0, 0, 0, 0, 0, 0, 0, 0, 0, 0, 0, 0, 0, 0, 0, 0, 0, 0, 1, 0, 0, 0, 0, 0, 0, 0, 0, 0, 0, 0, 0, 0, 0, 0, 0, 0, 0, 0, 0, 0, 0, 0, 0, 0, 0, 0, 0, 0, 0, 0, 0, 0, 0, 0, 0, 0, 0, 0, 0, 0, 0, 0, 1, 0, 0, 0, 0, 0, 0, 0, 0, 0, 1, 0, 0, 0, 0, 0, 0, 0, 0, 0, 0, 0, 0, 0, 0, 0, 0, 0, 0, 0, 0, 0, 0, 0, 0, 0, 0, 0, 0, 0, 0, 0, 0, 0, 0, 1, 0, 0, 0, 0, 0, 0, 1, 0, 0, 0, 0, 0, 0, 0, 0, 0, 0, 0, 0, 0, 0, 0, 0, 0, 0, 0, 0, 0, 0, 0, 0, 0, 0, 0, 0, 0, 0, 0, 0, 0, 0, 0, 0, 0, 0, 0, 0, 0, 0, 0, 0, 0, 0, 0, 0, 0, 0, 0, 0, 0, 0, 1, 0, 0, 0, 0, 0, 0, 0, 0, 0, 0, 0, 0, 1, 0, 0, 0, 0, 0, 0, 0, 0, 0, 0, 0, 0, 0, 0, 0, 0, 0, 0, 0, 0, 0, 0, 0, 0]
E = [12, 14, 12, 14, 14, 12, 14, 12, 14, 264, 12, 12, 72, 14, 14, 12, 12, 12, 12, 12, 14, 14, 14, 14, 12, 264, 12, 14, 264, 264, 264, 14, 12, 14, 14, 14, 14, 72, 14, 134, 87, 14, 87, 14, 152, 72, 134, 87, 14, 14, 152, 87, 72, 152, 87, 152, 72, 152, 152, 14, 152, 72, 72, 152, 264, 72, 72, 72, 152, 152, 152, 72, 72, 72, 72, 152, 72, 72, 72, 152, 152, 87, 152, 152, 12, 12, 87, 87, 87, 87, 87, 87, 87, 87, 87, 87, 87, 87, 87, 87, 87, 87, 12, 87, 87, 87, 87, 87, 87, 87, 12, 12, 12, 12, 12, 264, 12, 12, 134, 134, 134, 87, 134, 134, 134, 134, 134, 134, 134, 134, 134, 134, 134, 134, 134, 134, 134, 134, 134, 134, 134, 152, 134, 134, 134, 152, 134, 134, 134, 152, 152, 152, 152, 152, 152, 152, 318, 134, 134, 12, 152, 152, 134, 152, 152, 72, 72, 72, 72, 72, 72, 72, 72, 264, 152, 264, 72, 72, 152, 152, 152, 318, 12, 72, 72, 218, 72, 72, 72, 72, 72, 218, 215, 14, 218, 218, 215, 215, 215, 218, 218, 215, 215, 215, 218, 215, 218, 218, 215, 215, 218, 218, 215, 215, 215, 215, 218, 218, 215, 215, 215, 218, 215, 218, 218, 14, 215, 215, 215, 215, 218, 218, 215, 218, 215, 215, 215, 215, 218, 215, 215, 215, 215, 215, 218, 218, 14, 14, 14, 14, 14, 14, 14, 12, 12, 12, 12, 218, 264, 87, 14, 87, 12, 264, 264, 264, 264, 264, 264, 264, 264, 264, 264, 264, 264, 152, 152, 152, 318, 152, 318, 318, 318, 308, 308, 308, 308, 308, 308, 318, 318, 318, 318, 318, 318, 318, 318, 318, 318, 318, 318, 318, 308, 308, 308, 308, 308, 308, 308, 308, 308, 308, 308, 308, 308, 318, 318, 318, 318, 318, 318, 318, 318, 318, 318, 360, 308, 308, 308, 308, 308, 353, 308, 353, 360, 360, 318, 360, 318, 318, 360, 360, 360, 360, 353, 353, 353, 353, 353, 353, 353, 353, 353, 353, 353, 360, 360, 360, 360, 360, 353, 353, 353, 353, 353, 353, 353, 353, 353, 353, 353, 353, 360, 360, 360, 360, 360, 360, 415, 415, 415, 415, 353, 353, 353, 415, 415, 415, 415, 415, 415, 415, 415, 415, 415, 415, 360, 360, 360, 360, 360, 428, 428, 360, 360, 428, 428, 428, 428, 428, 428, 428, 415, 415, 415, 415, 415, 415, 415, 415, 415, 415, 415, 415, 428, 428, 428, 428, 428, 428, 428, 428, 415, 415, 415, 415, 415, 415, 415, 428, 428, 428, 428, 428, 428, 428, 14, 87, 14, 264, 215, 218]
Objs= Any[323932.0, 322408, 322286, 322286, 315554, 315214, 315214, 312383, 310592, 303376, 303376, 303376, 302583, 301198, 300851, 300851, 299393, 296278, 295371, 295371, 294892, 294892, 294892, 294892, 294466, 294268, 294268, 294268, 294268, 294268, 293822, 293822, 293822, 293718, 293235, 293235, 293235, 292736, 292736, 292736, 292736, 292736, 292736, 292736, 292736, 292736, 292736, 292736, 292736, 292736, 292736, 292522, 292522, 292522, 292522, 292522, 292522, 292522, 292522, 292522, 292522, 292522, 292522, 292522, 291864, 291864, 291864, 291864, 291864, 291864, 291864, 291128, 291128, 291128, 291128, 291128, 291128, 291128, 291128, 291128, 291128, 291128, 291128, 291128, 291128, 291128, 291128, 291128, 291083, 291083, 291083, 291083, 291083, 290382, 290382, 290382, 290382, 290382, 290068, 289654, 289654, 289654, 289654, 289654, 289610, 289610, 289610, 289610, 289610, 289610, 289610, 289610, 289610, 289610, 289610, 289610, 289610, 289610, 289451, 289451, 289451, 289451, 289451, 289451, 289451, 289429, 289429, 289429, 289429, 289429, 289429, 289429, 289429, 289429, 289429, 289429, 289429, 289429, 289429, 289429, 289429, 289429, 289429, 289429, 289429, 289429, 289429, 289429, 289429, 289429, 289376, 289376, 289376, 289008, 289008, 289008, 289008, 289008, 289008, 289008, 289008, 289008, 289008, 289008, 289008, 289008, 289008, 289008, 289008, 289008, 289008, 289008, 289008, 289008, 289008, 289008, 289008, 289008, 289008, 289008, 289008, 289008, 289008, 289008, 289008, 289008, 289008, 289008, 289008, 289008, 289008, 289008, 289008, 289008, 289008, 289008, 289008, 289008, 289008, 289008, 288742, 288742, 288742, 288742, 288742, 288742, 288701, 288701, 288701, 288701, 288701, 288701, 288701, 288701, 288701, 288701, 288701, 288439, 288439, 288439, 288439, 288313, 288313, 288313, 288313, 288313, 288313, 288313, 288313, 288313, 288313, 288313, 288313, 288313, 288313, 288313, 288313, 288313, 288313, 288313, 288313, 288313, 288313, 288313, 288313, 288292, 288292, 288292, 288292, 288292, 288292, 287935, 287935, 287625, 287625, 287625, 287625, 287625, 287625, 287625, 287625, 287625, 287625, 287625, 287625, 287625, 287625, 287625, 287625, 287625, 287625, 287398, 287398, 287398, 287127, 287127, 287127, 287127, 287127, 287127, 287127, 287127, 287127, 287127, 287127, 287127, 287127, 287127, 287127, 287127, 287127, 287127, 287127, 287127, 287127, 287127, 287127, 287127, 287127, 287127, 287127, 287127, 287127, 287127, 287127, 287127, 287127, 287127, 287127, 287127, 287127, 287127, 287127, 287127, 287127, 287127, 287127, 287127, 287127, 287073, 287073, 287073, 286393, 286393, 286393, 286393, 286393, 286393, 286393, 286393, 286393, 286393, 286393, 286123, 286079, 286079, 286079, 286079, 285827, 285827, 285827, 285827, 285827, 285827, 285827, 285827, 285827, 285827, 285827, 285827, 285827, 285827, 285827, 285827, 285827, 285827, 285827, 285827, 285827, 285667, 285667, 285667, 285667, 285667, 285667, 285667, 285667, 285667, 285667, 285667, 285667, 285667, 285667, 285667, 285667, 285667, 285667, 285667, 285667, 285667, 285667, 285667, 285667, 285667, 285667, 285667, 285667, 285667, 285667, 285667, 285667, 285667, 285667, 285667, 285667, 285667, 285667, 285667, 285667, 285667, 285667, 285667, 285667, 285667, 285667, 285667, 285667, 285667, 285667, 285667, 285667, 285667, 285667, 285667, 285667, 284928, 284928, 284928, 284928, 284928, 284928, 284928, 284928, 284928, 284928, 284928, 284928, 284928, 284928, 284928, 284928, 284928, 284928, 284928, 284928, 284928, 284928, 284928, 284928, 284928, 284928, 284928, 284928, 284928, 284928, 284928, 284928, 284928, 284928, 284928, 284928, 284928, 284928, 284928, 284928, 284928, 284928, 284928, 284928, 284928, 284928, 284928, 284928, 284928, 284928, 284928, 284928, 284928, 284928, 284928, 284928, 284928, 284928, 284928, 284928, 284928, 284928, 284928, 284928, 284928, 284928, 284928, 284928, 284928, 284928, 284928, 284928, 284928, 284928, 284928, 284928, 284928, 284927, 284927, 284927, 284927, 284927, 284927, 284927, 284927, 284927, 284927, 284927, 284927, 284927, 284927, 284927, 284927, 284927, 284927, 284927, 284927, 284927, 284927, 284927, 284927, 284927, 284927, 284927, 284927, 284927, 284927, 284927, 284927, 284927, 284927, 284927, 284927, 284927, 284927, 284927, 284927, 284927, 284927, 284927, 284927, 284927, 284920, 284920, 284920, 284920, 284920, 284920, 284920, 284920, 284920, 284920, 284920, 284920, 284920, 284920, 284920, 284920, 284920, 284920, 284920, 284920, 284920, 284920, 284920, 284920, 284920, 284920, 284920, 284920, 284920, 284920, 284920, 284920, 284920, 284920, 284920, 284920, 284920, 284920, 284920, 284920, 284920, 284920, 284920, 284920, 284920, 284920, 284920, 284920, 284920, 284920, 284920, 284920, 284920, 284920, 284920, 284920, 284920, 284920, 284920, 284920, 284920, 284920, 284920]
current_obj = [322408.0, 322286.0, 322777.0, 315554.0, 315214.0, 315445.0, 312383.0, 310592.0, 303376.0, 304094.0, 305676.0, 302583.0, 301198.0, 300851.0, 301690.0, 299393.0, 296278.0, 295371.0, 297303.0, 294892.0, 295878.0, 295121.0, 297155.0, 294466.0, 294268.0, 296382.0, 294807.0, 295145.0, 295016.0, 293822.0, 293939.0, 296823.0, 293718.0, 293235.0, 296713.0, 293751.0, 292736.0, 292764.0, 292940.0, 294353.0, 292948.0, 295077.0, 294953.0, 294596.0, 295377.0, 293687.0, 295764.0, 292757.0, 294672.0, 295751.0, 292522.0, 292830.0, 292785.0, 292634.0, 294035.0, 293997.0, 295216.0, 294237.0, 294982.0, 294624.0, 294486.0, 296531.0, 294501.0, 291864.0, 293956.0, 295594.0, 295560.0, 291905.0, 291872.0, 293749.0, 291128.0, 293414.0, 291723.0, 292672.0, 292070.0, 293784.0, 291350.0, 291369.0, 291992.0, 293262.0, 294297.0, 293262.0, 293984.0, 291262.0, 294297.0, 292140.0, 292086.0, 291083.0, 292561.0, 292561.0, 291957.0, 292617.0, 290382.0, 291164.0, 291999.0, 290468.0, 290845.0, 290068.0, 289654.0, 291338.0, 290220.0, 293937.0, 291731.0, 289610.0, 290111.0, 291962.0, 294885.0, 292728.0, 290243.0, 290886.0, 289858.0, 290243.0, 294453.0, 291047.0, 290020.0, 291178.0, 290288.0, 289451.0, 292649.0, 292928.0, 290201.0, 290489.0, 292787.0, 292921.0, 289429.0, 290228.0, 293557.0, 293601.0, 291953.0, 292692.0, 290336.0, 289951.0, 297206.0, 290918.0, 292610.0, 290244.0, 291449.0, 291005.0, 293952.0, 292563.0, 290896.0, 290228.0, 291616.0, 290986.0, 290087.0, 292610.0, 290064.0, 289741.0, 289478.0, 289376.0, 292853.0, 291318.0, 289008.0, 290621.0, 291875.0, 289419.0, 290688.0, 289256.0, 289966.0, 289582.0, 290377.0, 291845.0, 289224.0, 290941.0, 289933.0, 289829.0, 289539.0, 290974.0, 290000.0, 291367.0, 289582.0, 289906.0, 292148.0, 291194.0, 289256.0, 290179.0, 292162.0, 290220.0, 289985.0, 289532.0, 289884.0, 289664.0, 292478.0, 291781.0, 290231.0, 291899.0, 292648.0, 289400.0, 294824.0, 289459.0, 289996.0, 292697.0, 289823.0, 289230.0, 292932.0, 290043.0, 290634.0, 290213.0, 289822.0, 288742.0, 289641.0, 288964.0, 289965.0, 291380.0, 290453.0, 288701.0, 289139.0, 291826.0, 290681.0, 290657.0, 292844.0, 290355.0, 288896.0, 289921.0, 289429.0, 291033.0, 288439.0, 289558.0, 289268.0, 290299.0, 288313.0, 292465.0, 288736.0, 290304.0, 292396.0, 291291.0, 289390.0, 293204.0, 292469.0, 288706.0, 289676.0, 289093.0, 289058.0, 291991.0, 288327.0, 288429.0, 288381.0, 289564.0, 288511.0, 290109.0, 290479.0, 290123.0, 291863.0, 292816.0, 288292.0, 290356.0, 291448.0, 288698.0, 290218.0, 289422.0, 287935.0, 288903.0, 287625.0, 289186.0, 291117.0, 288559.0, 288876.0, 290193.0, 288606.0, 288779.0, 288912.0, 288559.0, 288094.0, 290370.0, 288150.0, 289385.0, 287984.0, 289909.0, 288860.0, 292078.0, 287398.0, 288620.0, 288366.0, 287127.0, 288192.0, 287584.0, 291808.0, 287301.0, 291457.0, 287617.0, 287356.0, 288711.0, 291156.0, 288860.0, 288195.0, 292411.0, 288421.0, 289740.0, 289285.0, 288195.0, 287398.0, 287577.0, 288203.0, 289880.0, 287577.0, 287684.0, 292061.0, 288342.0, 288889.0, 292835.0, 287881.0, 289593.0, 294430.0, 290768.0, 288255.0, 288328.0, 287991.0, 292059.0, 287684.0, 290160.0, 287456.0, 290836.0, 293560.0, 287224.0, 289615.0, 289078.0, 287418.0, 291878.0, 287073.0, 290697.0, 289188.0, 286393.0, 289209.0, 286869.0, 286916.0, 292360.0, 287586.0, 286945.0, 287754.0, 288695.0, 288143.0, 286422.0, 286123.0, 286079.0, 287909.0, 290999.0, 289130.0, 285827.0, 286483.0, 286720.0, 288129.0, 286751.0, 287831.0, 290367.0, 290629.0, 286464.0, 286454.0, 286128.0, 287297.0, 289792.0, 288192.0, 285922.0, 288670.0, 288994.0, 288192.0, 286062.0, 287101.0, 290223.0, 285667.0, 291085.0, 285883.0, 289318.0, 286304.0, 285989.0, 287061.0, 287229.0, 286460.0, 288510.0, 290724.0, 289356.0, 286243.0, 288171.0, 286194.0, 287856.0, 291304.0, 287545.0, 287157.0, 286101.0, 287484.0, 287701.0, 287382.0, 286101.0, 286572.0, 286310.0, 289887.0, 286878.0, 285883.0, 286243.0, 290505.0, 289260.0, 288744.0, 285974.0, 291659.0, 285989.0, 286572.0, 285915.0, 285989.0, 287651.0, 289499.0, 288296.0, 289438.0, 287596.0, 288345.0, 290645.0, 286246.0, 288154.0, 288896.0, 286821.0, 288082.0, 287545.0, 287780.0, 288126.0, 288440.0, 286217.0, 284928.0, 285427.0, 286315.0, 287953.0, 288254.0, 287117.0, 286336.0, 285517.0, 285144.0, 287405.0, 286139.0, 287825.0, 288561.0, 288565.0, 289396.0, 287244.0, 286013.0, 285144.0, 287651.0, 285251.0, 289376.0, 286315.0, 286014.0, 290396.0, 290975.0, 288254.0, 286455.0, 286947.0, 285235.0, 286745.0, 285715.0, 286474.0, 287282.0, 286699.0, 286723.0, 285482.0, 286879.0, 286181.0, 285979.0, 287651.0, 285862.0, 288818.0, 286161.0, 285838.0, 285829.0, 288426.0, 285682.0, 286330.0, 287040.0, 287960.0, 288620.0, 286962.0, 287343.0, 287291.0, 287383.0, 290443.0, 286223.0, 286085.0, 285212.0, 287613.0, 286155.0, 286689.0, 286315.0, 287651.0, 286014.0, 285917.0, 288282.0, 288182.0, 286367.0, 285382.0, 285761.0, 286038.0, 287388.0, 286628.0, 286315.0, 287217.0, 286683.0, 284927.0, 285632.0, 285066.0, 286627.0, 289299.0, 285207.0, 287389.0, 287431.0, 285365.0, 285867.0, 287393.0, 286745.0, 288036.0, 288037.0, 287342.0, 285939.0, 286681.0, 289077.0, 285227.0, 285720.0, 286635.0, 288476.0, 289968.0, 288908.0, 286433.0, 285265.0, 286617.0, 289952.0, 285681.0, 289338.0, 286683.0, 289544.0, 285749.0, 287014.0, 285935.0, 290304.0, 290706.0, 287556.0, 290411.0, 286635.0, 285806.0, 286533.0, 286286.0, 288215.0, 287130.0, 284920.0, 289185.0, 285652.0, 286574.0, 288658.0, 288697.0, 287283.0, 285222.0, 286321.0, 286450.0, 285981.0, 288407.0, 286656.0, 286433.0, 286009.0, 293015.0, 289204.0, 288462.0, 285266.0, 285136.0, 289510.0, 286130.0, 291797.0, 287003.0, 285243.0, 285817.0, 287100.0, 286153.0, 285550.0, 287262.0, 287627.0, 287700.0, 285209.0, 286691.0, 287283.0, 288093.0, 288232.0, 285074.0, 288263.0, 287276.0, 286131.0, 290257.0, 286761.0, 287581.0, 288215.0, 285817.0, 285046.0, 287315.0, 289112.0, 285415.0, 285800.0, 285222.0, 284975.0, 287315.0, 285557.0, 285742.0, 285365.0, 285471.0, 287297.0, 287386.0, 289111.0, 286401.0, 286006.0, 293635.0]
cong_K= Any[1, 2, 3, 1, 1, 2, 3, 1, 2, 1, 1, 1, 3, 2, 1, 1, 1, 1, 1, 1, 1, 2, 2, 1, 2, 2, 1, 1, 1, 1, 1, 2, 2, 1, 1, 2, 1, 1, 1, 2, 1, 1, 1, 1, 1, 1, 1, 1, 1, 1] 
obj_k= Any[322408, 322286, 315554, 315214, 312383, 310592, 303376, 302583, 301198, 300851, 299393, 296278, 295371, 294892, 294466, 294268, 293822, 293718, 293235, 292736, 292522, 291864, 291128, 291083, 290382, 290068, 289654, 289610, 289451, 289429, 289376, 289008, 288742, 288701, 288439, 288313, 288292, 287935, 287625, 287398, 287127, 287073, 286393, 286123, 286079, 285827, 285667, 284928, 284927, 284920] 
iter_obj = Any[1, 2, 4, 5, 7, 8, 9, 12, 13, 14, 16, 17, 18, 20, 24, 25, 30, 33, 34, 37, 51, 64, 71, 88, 93, 98, 99, 104, 118, 125, 150, 153, 200, 206, 217, 221, 245, 251, 253, 271, 274, 319, 322, 333, 334, 338, 359, 415, 492, 537] 
