n° iter       = 300 
neighborhood_structure = [2] 
Prioridad     = 10 
balance       = 0.5 
Len_N         = 3 
N° clusters   = 7 
N° estaciones = 228 
N° mejoras    = 14
N° iter completadas  = 253
1° FO         = 196155.0
FO            = 167335
Centros       = [101, 117, 146, 270, 298, 400, 428]
Objs= Any[196155.0, 189788, 185452, 185452, 180007, 180007, 180007, 180007, 176460, 176460, 176460, 173484, 173484, 173484, 173484, 173484, 173484, 173484, 173484, 173484, 173484, 173484, 173484, 173484, 173484, 173484, 172423, 172423, 172423, 172423, 172423, 172423, 172423, 172423, 172423, 172423, 172423, 172423, 172423, 172423, 172423, 172423, 172423, 172423, 172423, 172423, 172423, 170905, 170905, 170894, 170894, 170894, 170894, 170894, 170894, 170894, 170894, 170894, 170894, 170583, 170583, 170583, 170583, 170583, 170583, 170583, 170583, 170583, 170583, 170583, 170583, 170583, 170583, 170583, 170583, 170583, 170583, 170583, 170583, 170583, 170473, 170473, 170473, 170473, 170473, 169284, 169284, 169120, 169120, 169120, 169120, 169120, 169120, 169120, 169120, 169120, 169120, 169120, 169120, 169120, 169120, 169120, 169120, 169120, 169120, 169120, 169120, 169120, 169120, 169120, 169120, 169120, 169120, 169120, 169120, 169120, 169120, 169120, 169120, 169120, 169120, 169120, 169120, 169120, 169120, 169120, 169120, 169120, 169120, 169120, 169120, 169120, 169120, 169120, 169120, 169120, 169120, 169120, 169120, 169120, 169120, 169120, 169120, 169120, 169120, 169120, 169120, 169120, 168451, 168451, 168451, 168451, 168451, 168451, 168451, 168451, 168451, 168451, 168451, 168451, 168451, 168451, 168451, 168451, 168451, 168451, 168451, 168451, 168451, 168451, 168451, 168451, 168451, 168451, 168451, 168451, 168451, 168451, 168451, 167335, 167335, 167335, 167335, 167335, 167335, 167335, 167335, 167335, 167335, 167335, 167335, 167335, 167335, 167335, 167335, 167335, 167335, 167335, 167335, 167335, 167335, 167335, 167335, 167335, 167335, 167335, 167335, 167335, 167335, 167335, 167335, 167335, 167335, 167335, 167335, 167335, 167335, 167335, 167335, 167335, 167335, 167335, 167335, 167335, 167335, 167335, 167335, 167335, 167335, 167335, 167335, 167335, 167335, 167335, 167335, 167335, 167335, 167335, 167335, 167335, 167335, 167335, 167335, 167335, 167335, 167335, 167335, 167335, 167335, 167335, 167335, 167335, 167335, 167335]
current_obj = [189788.0, 185452.0, 192468.0, 180007.0, 184552.0, 182692.0, 181756.0, 176460.0, 178105.0, 184146.0, 173484.0, 184427.0, 181877.0, 176554.0, 1.0e15, 1.0e15, 181911.0, 177990.0, 175636.0, 176376.0, 1.0e15, 181249.0, 177187.0, 173921.0, 173605.0, 172423.0, 175297.0, 1.0e15, 172647.0, 177112.0, 177033.0, 172837.0, 172706.0, 182069.0, 177935.0, 173633.0, 1.0e15, 1.0e15, 175283.0, 174789.0, 175520.0, 186535.0, 186045.0, 177107.0, 173424.0, 180854.0, 170905.0, 176566.0, 170894.0, 174123.0, 1.0e15, 175533.0, 172432.0, 179442.0, 179909.0, 176128.0, 172980.0, 171907.0, 170583.0, 173012.0, 170923.0, 176358.0, 171322.0, 172313.0, 184738.0, 1.0e15, 171151.0, 181057.0, 1.0e15, 172883.0, 172350.0, 184507.0, 173924.0, 175520.0, 175589.0, 171138.0, 175805.0, 182494.0, 176278.0, 170473.0, 171179.0, 174162.0, 172511.0, 172419.0, 169284.0, 172538.0, 169120.0, 175613.0, 172621.0, 173470.0, 173424.0, 174108.0, 172221.0, 174753.0, 173796.0, 176352.0, 174019.0, 172833.0, 169775.0, 176271.0, 170771.0, 1.0e15, 175755.0, 1.0e15, 182975.0, 174507.0, 1.0e15, 1.0e15, 1.0e15, 1.0e15, 174690.0, 170797.0, 180062.0, 180477.0, 169470.0, 171473.0, 174431.0, 177687.0, 175930.0, 173088.0, 174245.0, 184955.0, 171295.0, 176105.0, 172803.0, 173634.0, 169573.0, 172985.0, 1.0e15, 171988.0, 174094.0, 173817.0, 174424.0, 1.0e15, 177731.0, 178078.0, 170418.0, 181011.0, 173034.0, 175423.0, 171153.0, 1.0e15, 175806.0, 1.0e15, 1.0e15, 174797.0, 172074.0, 168451.0, 172286.0, 192949.0, 1.0e15, 172904.0, 174190.0, 178304.0, 1.0e15, 174399.0, 1.0e15, 1.0e15, 171268.0, 168502.0, 173182.0, 178191.0, 177726.0, 173181.0, 1.0e15, 173907.0, 171619.0, 1.0e15, 171767.0, 176861.0, 1.0e15, 175868.0, 176968.0, 1.0e15, 1.0e15, 173892.0, 174238.0, 169842.0, 167335.0, 1.0e15, 183805.0, 1.0e15, 1.0e15, 1.0e15, 1.0e15, 1.0e15, 169991.0, 176579.0, 171844.0, 171237.0, 169967.0, 181263.0, 177101.0, 175306.0, 178293.0, 175010.0, 175856.0, 178711.0, 176675.0, 183343.0, 180899.0, 179508.0, 169656.0, 171115.0, 1.0e15, 169727.0, 172925.0, 172419.0, 173965.0, 170681.0, 173843.0, 169170.0, 170950.0, 178688.0, 175949.0, 174544.0, 170506.0, 167774.0, 176473.0, 1.0e15, 176425.0, 174188.0, 175087.0, 1.0e15, 170071.0, 1.0e15, 173475.0, 169817.0, 170183.0, 171584.0, 175322.0, 175850.0, 170562.0, 172229.0, 170558.0, 171757.0, 1.0e15, 170236.0, 172212.0, 1.0e15, 171365.0, 175548.0, 172029.0, 182189.0, 173793.0, 182046.0, 174282.0, 175075.0, 173032.0, 170183.0, 1.0e15, 171533.0, 169839.0, 172345.0, 0.0, 0.0, 0.0, 0.0, 0.0, 0.0, 0.0, 0.0, 0.0, 0.0, 0.0, 0.0, 0.0, 0.0, 0.0, 0.0, 0.0, 0.0, 0.0, 0.0, 0.0, 0.0, 0.0, 0.0, 0.0, 0.0, 0.0, 0.0, 0.0, 0.0, 0.0, 0.0, 0.0, 0.0, 0.0, 0.0, 0.0, 0.0, 0.0, 0.0, 0.0, 0.0, 0.0, 0.0, 0.0, 0.0]
cong_K= Any[2, 2, 2, 2, 2, 2, 2, 2, 2, 2, 2, 2, 2, 2] 
obj_k= Any[189788, 185452, 180007, 176460, 173484, 172423, 170905, 170894, 170583, 170473, 169284, 169120, 168451, 167335] 
iter_obj = Any[1, 2, 4, 8, 11, 26, 47, 49, 59, 80, 85, 87, 148, 179] 
avgClusterDiam = 2571.0 
maxClusterDiam = 4837.0 
clusterDiamete = [1982.0; 2580.0; 2112.0; 2725.0; 4837.0; 2080.0; 1681.0]   
C = [0, 0, 0, 0, 0, 0, 0, 0, 0, 0, 0, 0, 0, 0, 0, 0, 0, 0, 0, 0, 0, 0, 0, 0, 0, 0, 0, 0, 0, 0, 0, 0, 0, 0, 0, 0, 0, 0, 0, 0, 0, 0, 0, 0, 0, 0, 0, 0, 0, 0, 0, 0, 0, 0, 0, 0, 0, 0, 1, 0, 0, 0, 0, 0, 0, 0, 0, 0, 0, 0, 0, 0, 0, 0, 1, 0, 0, 0, 0, 0, 0, 0, 0, 0, 0, 0, 0, 0, 0, 0, 0, 0, 0, 0, 0, 0, 0, 0, 0, 0, 0, 0, 0, 1, 0, 0, 0, 0, 0, 0, 0, 0, 0, 0, 0, 0, 0, 0, 0, 0, 0, 0, 0, 0, 0, 0, 0, 0, 0, 0, 0, 0, 0, 0, 0, 0, 0, 0, 0, 0, 0, 0, 0, 1, 0, 0, 0, 0, 0, 0, 0, 0, 0, 0, 0, 0, 0, 0, 0, 0, 0, 0, 0, 1, 0, 0, 0, 0, 0, 0, 0, 0, 0, 0, 0, 0, 0, 0, 0, 0, 0, 0, 0, 0, 0, 0, 0, 0, 0, 0, 0, 0, 0, 0, 0, 0, 0, 0, 1, 0, 0, 0, 0, 0, 0, 0, 0, 0, 0, 0, 0, 0, 0, 0, 1, 0, 0, 0, 0, 0, 0, 0, 0, 0, 0, 0, 0, 0]
E = [117, 117, 117, 117, 270, 117, 117, 117, 117, 117, 270, 117, 270, 117, 270, 117, 117, 117, 270, 270, 146, 270, 101, 146, 101, 146, 146, 298, 146, 146, 146, 270, 146, 146, 146, 298, 146, 146, 146, 270, 146, 146, 117, 117, 101, 101, 101, 101, 101, 101, 101, 101, 101, 101, 101, 270, 270, 101, 101, 101, 270, 101, 101, 101, 117, 117, 101, 101, 117, 270, 270, 117, 117, 270, 117, 117, 117, 117, 117, 101, 117, 117, 117, 117, 117, 117, 117, 117, 117, 117, 117, 117, 117, 146, 117, 117, 146, 146, 298, 146, 146, 146, 146, 146, 146, 146, 146, 146, 146, 146, 146, 146, 146, 146, 298, 146, 146, 270, 146, 146, 146, 146, 146, 270, 270, 146, 146, 298, 117, 270, 117, 270, 117, 270, 270, 101, 270, 270, 270, 270, 270, 270, 270, 270, 270, 270, 270, 270, 270, 298, 146, 298, 298, 298, 298, 298, 298, 298, 298, 298, 298, 298, 298, 298, 298, 298, 298, 298, 298, 298, 298, 298, 298, 298, 400, 298, 298, 298, 298, 298, 400, 298, 400, 400, 298, 400, 298, 298, 298, 298, 400, 400, 400, 400, 400, 400, 400, 400, 298, 400, 400, 428, 298, 428, 400, 428, 428, 428, 428, 400, 400, 400, 428, 428, 428, 428, 428, 428, 428, 428, 428, 428, 428, 428, 428, 428, 101, 270]
