n° iter       = 300 
neighborhood_structure = [2] 
Prioridad     = 10 
balance       = 0.5 
Len_N         = 3 
N° clusters   = 7 
N° estaciones = 228 
N° mejoras    = 15
N° iter completadas  = 300
1° FO         = 218482.0
FO            = 168948
Centros       = [100, 120, 153, 319, 358, 427, 450]
Objs= Any[218482.0, 197620, 197587, 197587, 194963, 193911, 193911, 184898, 178841, 178841, 176306, 176306, 176306, 176306, 176306, 176306, 176306, 173245, 173245, 173245, 173245, 173245, 173245, 173245, 173245, 173245, 173245, 173245, 173245, 173245, 173245, 173245, 173245, 173245, 173245, 173245, 173245, 173245, 173245, 173245, 172324, 172324, 172324, 172324, 172324, 172324, 172324, 172324, 172324, 172324, 172324, 172324, 172324, 172324, 172324, 172324, 172324, 172324, 170255, 170255, 170255, 170255, 170255, 170255, 170255, 170255, 170255, 170255, 170255, 170255, 170255, 170255, 170255, 170255, 170255, 170255, 170255, 170255, 170255, 170255, 170255, 170255, 170255, 170255, 170255, 170255, 170255, 170255, 170255, 170255, 170255, 169558, 169558, 169558, 169558, 169558, 169558, 169558, 169558, 169558, 169558, 169558, 169558, 169558, 169558, 169558, 169558, 169558, 169558, 169483, 169483, 169483, 169483, 169483, 169483, 169483, 169483, 169483, 169483, 169483, 169483, 169483, 169483, 169483, 169483, 169483, 169483, 169018, 169018, 169018, 169018, 169018, 169018, 169018, 169018, 169018, 169018, 169018, 169018, 169018, 169018, 169018, 169018, 169018, 169018, 169018, 169018, 169018, 169018, 169018, 169018, 169018, 169018, 169018, 169018, 169018, 169018, 169018, 169018, 169018, 169018, 169018, 169018, 169018, 169018, 169018, 169018, 169018, 169018, 169018, 169018, 169018, 169018, 169018, 169018, 169018, 169018, 169018, 169018, 169018, 169018, 169018, 169018, 169018, 169018, 169018, 169018, 169018, 169018, 169018, 169018, 169018, 169018, 169018, 169018, 169018, 169018, 169018, 169018, 169018, 169018, 168979, 168979, 168979, 168979, 168979, 168979, 168979, 168979, 168979, 168979, 168979, 168979, 168979, 168979, 168979, 168979, 168979, 168979, 168979, 168979, 168979, 168979, 168979, 168979, 168979, 168979, 168979, 168979, 168979, 168979, 168979, 168979, 168979, 168979, 168979, 168979, 168979, 168979, 168979, 168979, 168979, 168979, 168979, 168979, 168979, 168979, 168979, 168979, 168979, 168979, 168979, 168979, 168979, 168979, 168979, 168979, 168979, 168979, 168979, 168979, 168979, 168979, 168979, 168979, 168979, 168979, 168979, 168979, 168979, 168979, 168979, 168948, 168948, 168948, 168948, 168948, 168948, 168948, 168948, 168948, 168948, 168948, 168948, 168948, 168948, 168948, 168948, 168948, 168948, 168948, 168948, 168948, 168948, 168948, 168948, 168948, 168948, 168948, 168948]
current_obj = [197620.0, 197587.0, 198567.0, 194963.0, 193911.0, 199871.0, 184898.0, 178841.0, 187361.0, 176306.0, 193339.0, 183052.0, 176656.0, 177798.0, 180843.0, 180173.0, 173245.0, 181851.0, 179499.0, 176893.0, 180730.0, 174287.0, 179040.0, 175536.0, 177300.0, 175651.0, 178557.0, 173797.0, 187028.0, 176719.0, 176140.0, 183436.0, 174291.0, 183474.0, 175217.0, 177627.0, 185796.0, 180841.0, 173269.0, 172324.0, 175003.0, 174040.0, 174434.0, 181270.0, 1.0e15, 175194.0, 173728.0, 179461.0, 172380.0, 176432.0, 1.0e15, 177292.0, 172332.0, 195283.0, 189948.0, 178726.0, 175384.0, 170255.0, 171031.0, 174191.0, 177500.0, 178931.0, 174734.0, 186815.0, 182123.0, 183599.0, 173985.0, 1.0e15, 173538.0, 176782.0, 1.0e15, 182621.0, 192206.0, 172991.0, 1.0e15, 176857.0, 182517.0, 1.0e15, 173896.0, 181135.0, 185481.0, 1.0e15, 176348.0, 171833.0, 180579.0, 171628.0, 172554.0, 171020.0, 175924.0, 1.0e15, 169558.0, 173692.0, 171933.0, 179446.0, 174209.0, 179646.0, 1.0e15, 174314.0, 176822.0, 177580.0, 171050.0, 174327.0, 175054.0, 175877.0, 174688.0, 171437.0, 172933.0, 178382.0, 169483.0, 1.0e15, 174799.0, 169958.0, 174703.0, 173898.0, 169926.0, 1.0e15, 184014.0, 177009.0, 173628.0, 183626.0, 174990.0, 171287.0, 177607.0, 1.0e15, 174082.0, 170910.0, 169018.0, 178037.0, 181748.0, 177618.0, 174209.0, 1.0e15, 171833.0, 173298.0, 173588.0, 173044.0, 174484.0, 1.0e15, 172501.0, 172027.0, 177362.0, 1.0e15, 173434.0, 179857.0, 200316.0, 169255.0, 174856.0, 1.0e15, 171570.0, 176762.0, 170487.0, 172340.0, 172014.0, 176425.0, 169039.0, 173714.0, 1.0e15, 171507.0, 174888.0, 170814.0, 175131.0, 182076.0, 174792.0, 1.0e15, 1.0e15, 169960.0, 171626.0, 171156.0, 180356.0, 170619.0, 177577.0, 170926.0, 171593.0, 170877.0, 172431.0, 195041.0, 1.0e15, 173996.0, 175533.0, 172985.0, 170818.0, 170165.0, 169531.0, 174894.0, 1.0e15, 171450.0, 175305.0, 1.0e15, 176801.0, 178555.0, 1.0e15, 174369.0, 174173.0, 1.0e15, 181847.0, 172399.0, 173091.0, 1.0e15, 185508.0, 189181.0, 168979.0, 1.0e15, 175105.0, 171463.0, 171675.0, 170157.0, 182110.0, 171421.0, 175481.0, 171769.0, 174389.0, 171382.0, 172607.0, 173220.0, 173834.0, 171833.0, 173112.0, 1.0e15, 174171.0, 173112.0, 170197.0, 1.0e15, 174286.0, 181154.0, 170011.0, 172039.0, 1.0e15, 170436.0, 172917.0, 173531.0, 1.0e15, 176605.0, 174906.0, 189581.0, 170285.0, 177910.0, 174649.0, 169288.0, 1.0e15, 174379.0, 173442.0, 170345.0, 177924.0, 172170.0, 175647.0, 177775.0, 175305.0, 175514.0, 185425.0, 174240.0, 175302.0, 172110.0, 173620.0, 175002.0, 178230.0, 172050.0, 176775.0, 1.0e15, 170930.0, 176366.0, 174618.0, 1.0e15, 207725.0, 174197.0, 175688.0, 170562.0, 172710.0, 177246.0, 187593.0, 173142.0, 1.0e15, 168948.0, 190953.0, 173153.0, 170126.0, 173954.0, 186733.0, 174415.0, 177477.0, 1.0e15, 169370.0, 170418.0, 1.0e15, 176014.0, 1.0e15, 175705.0, 1.0e15, 187095.0, 169371.0, 175149.0, 174621.0, 191499.0, 172773.0, 169252.0, 1.0e15, 172431.0, 174293.0, 169402.0, 174791.0, 171919.0]
cong_K= Any[2, 2, 2, 2, 2, 2, 2, 2, 2, 2, 2, 2, 2, 2, 2] 
obj_k= Any[197620, 197587, 194963, 193911, 184898, 178841, 176306, 173245, 172324, 170255, 169558, 169483, 169018, 168979, 168948] 
iter_obj = Any[1, 2, 4, 5, 7, 8, 10, 17, 40, 58, 91, 109, 127, 201, 272] 
avgClusterDiam = 2601.285714285714 
maxClusterDiam = 4514.0 
clusterDiamete = [1982.0; 2852.0; 2257.0; 4514.0; 1557.0; 2322.0; 2725.0]   
C = [0, 0, 0, 0, 0, 0, 0, 0, 0, 0, 0, 0, 0, 0, 0, 0, 0, 0, 0, 0, 0, 0, 0, 0, 0, 0, 0, 0, 0, 0, 0, 0, 0, 0, 0, 0, 0, 0, 0, 0, 0, 0, 0, 0, 0, 0, 0, 0, 0, 0, 0, 0, 0, 0, 0, 0, 0, 1, 0, 0, 0, 0, 0, 0, 0, 0, 0, 0, 0, 0, 0, 0, 0, 0, 0, 0, 0, 1, 0, 0, 0, 0, 0, 0, 0, 0, 0, 0, 0, 0, 0, 0, 0, 0, 0, 0, 0, 0, 0, 0, 0, 0, 0, 0, 0, 0, 0, 0, 0, 0, 1, 0, 0, 0, 0, 0, 0, 0, 0, 0, 0, 0, 0, 0, 0, 0, 0, 0, 0, 0, 0, 0, 0, 0, 0, 0, 0, 0, 0, 0, 0, 0, 0, 0, 0, 0, 0, 0, 0, 0, 0, 0, 0, 0, 0, 0, 0, 0, 0, 0, 0, 0, 0, 0, 0, 0, 0, 0, 1, 0, 0, 0, 0, 0, 0, 0, 0, 0, 0, 0, 0, 0, 0, 0, 0, 1, 0, 0, 0, 0, 0, 0, 0, 0, 0, 0, 0, 0, 0, 0, 0, 0, 0, 0, 0, 0, 0, 0, 0, 0, 0, 0, 0, 1, 0, 0, 0, 0, 0, 0, 0, 0, 0, 0, 0, 0, 0, 1]
E = [120, 120, 120, 120, 450, 120, 120, 120, 120, 120, 450, 120, 450, 120, 450, 120, 120, 120, 450, 450, 120, 450, 450, 153, 100, 153, 153, 153, 153, 153, 153, 450, 319, 153, 153, 319, 153, 153, 153, 450, 153, 153, 120, 120, 100, 100, 100, 100, 100, 100, 100, 100, 100, 100, 100, 450, 450, 100, 100, 100, 450, 100, 100, 100, 120, 120, 100, 100, 120, 450, 120, 120, 120, 450, 120, 120, 120, 120, 120, 100, 120, 120, 120, 120, 120, 120, 120, 120, 120, 120, 120, 120, 120, 120, 120, 120, 153, 120, 120, 319, 153, 120, 153, 153, 153, 153, 153, 153, 153, 153, 153, 153, 153, 153, 319, 153, 153, 450, 153, 153, 153, 153, 153, 450, 450, 153, 153, 319, 120, 450, 120, 450, 120, 450, 450, 100, 450, 450, 450, 450, 450, 450, 450, 450, 450, 450, 450, 450, 450, 153, 153, 153, 153, 153, 319, 319, 153, 319, 319, 319, 319, 319, 319, 319, 319, 319, 319, 319, 319, 319, 319, 319, 319, 319, 358, 319, 319, 319, 319, 319, 358, 319, 358, 358, 319, 358, 319, 319, 319, 358, 319, 358, 358, 358, 427, 358, 427, 358, 319, 427, 427, 427, 319, 427, 427, 427, 427, 427, 427, 427, 427, 427, 427, 427, 427, 427, 427, 427, 427, 427, 427, 427, 427, 427, 427, 427, 100, 450]
