n° iter       = 300 
neighborhood_structure = [2] 
Prioridad     = 10 
balance       = 0.5 
Len_N         = 3 
N° clusters   = 7 
N° estaciones = 228 
N° mejoras    = 16
N° iter completadas  = 300
1° FO         = 202791.0
FO            = 167185
Centros       = [87, 130, 161, 259, 298, 376, 428]
Objs= Any[202791.0, 202791.0, 202791.0, 195331, 191850, 191318, 191017, 191017, 184078, 179318, 176553, 175656, 175656, 175656, 175656, 175656, 175656, 175656, 175656, 175656, 175656, 175656, 175656, 175656, 175656, 175656, 175656, 171652, 171652, 171652, 171652, 171652, 171652, 171652, 171652, 171652, 171652, 171652, 171652, 171652, 171652, 171652, 171652, 168279, 168279, 168279, 168279, 168279, 168279, 168279, 168279, 168279, 168279, 168279, 168279, 168279, 168279, 168279, 168279, 168279, 168279, 168279, 168279, 168279, 168279, 168279, 168279, 168279, 168279, 168279, 168279, 168279, 168279, 168279, 168279, 168279, 168279, 168279, 168279, 168279, 168279, 168279, 168279, 168279, 168279, 168279, 168279, 168279, 168279, 168279, 168205, 168205, 168205, 168205, 168205, 168205, 168205, 168205, 168205, 168205, 168205, 168205, 168205, 168205, 168205, 168205, 168205, 168205, 168143, 168143, 168143, 168143, 168143, 168143, 168143, 168143, 168143, 168143, 168143, 168143, 168143, 168143, 168143, 168143, 168143, 168143, 168143, 168143, 168143, 168143, 168143, 168143, 168143, 168143, 168143, 168143, 168143, 168143, 168143, 168143, 168143, 168143, 168143, 168143, 168143, 168143, 168143, 168143, 168143, 168143, 168143, 168143, 168143, 168143, 168143, 168143, 168143, 168143, 168143, 168143, 168143, 168143, 168143, 168143, 168143, 168143, 168143, 168143, 168143, 168143, 168143, 168143, 168143, 168143, 168143, 168143, 168143, 168143, 168143, 168143, 168143, 167761, 167761, 167761, 167761, 167360, 167360, 167360, 167360, 167360, 167360, 167360, 167186, 167186, 167186, 167186, 167186, 167186, 167186, 167186, 167186, 167186, 167186, 167186, 167186, 167186, 167186, 167186, 167186, 167186, 167186, 167186, 167186, 167186, 167186, 167186, 167186, 167186, 167186, 167186, 167186, 167186, 167186, 167186, 167186, 167186, 167186, 167186, 167186, 167186, 167186, 167186, 167186, 167186, 167186, 167186, 167186, 167186, 167186, 167186, 167186, 167186, 167186, 167186, 167186, 167186, 167186, 167186, 167186, 167186, 167186, 167186, 167185, 167185, 167185, 167185, 167185, 167185, 167185, 167185, 167185, 167185, 167185, 167185, 167185, 167185, 167185, 167185, 167185, 167185, 167185, 167185, 167185, 167185, 167185, 167185, 167185, 167185, 167185, 167185, 167185, 167185, 167185, 167185, 167185, 167185, 167185, 167185, 167185, 167185, 167185, 167185, 167185, 167185, 167185, 167185, 167185, 167185, 167185, 167185]
current_obj = [Inf, 207946.0, 195331.0, 191850.0, 191318.0, 191017.0, 196153.0, 184078.0, 179318.0, 176553.0, 175656.0, 190726.0, 184199.0, 176776.0, 187596.0, 184282.0, 176928.0, 179852.0, 1.0e15, 186651.0, 1.0e15, 1.0e15, 1.0e15, 180731.0, 180967.0, 1.0e15, 171652.0, 1.0e15, 1.0e15, 180015.0, 179256.0, 175993.0, 1.0e15, 175302.0, 181275.0, 175093.0, 185858.0, 1.0e15, 172910.0, 172684.0, 176445.0, 173255.0, 168279.0, 176591.0, 171196.0, 170566.0, 1.0e15, 169363.0, 168360.0, 170954.0, 171599.0, 174136.0, 1.0e15, 175731.0, 174536.0, 178327.0, 1.0e15, 179165.0, 1.0e15, 186843.0, 170546.0, 173957.0, 184277.0, 173012.0, 169298.0, 169277.0, 183907.0, 175392.0, 175701.0, 173412.0, 170006.0, 179078.0, 172980.0, 173113.0, 1.0e15, 170721.0, 170987.0, 172559.0, 174774.0, 171842.0, 170461.0, 174689.0, 172497.0, 1.0e15, 172749.0, 176746.0, 171265.0, 171884.0, 171747.0, 168205.0, 1.0e15, 174138.0, 174014.0, 174315.0, 176177.0, 170026.0, 180570.0, 177905.0, 176649.0, 171117.0, 171007.0, 175287.0, 175889.0, 175853.0, 172781.0, 1.0e15, 171892.0, 168143.0, 172454.0, 173283.0, 172593.0, 173112.0, 179396.0, 170969.0, 173003.0, 173939.0, 169470.0, 171727.0, 178651.0, 181894.0, 1.0e15, 171208.0, 169923.0, 171195.0, 169499.0, 174532.0, 173936.0, 180292.0, 173187.0, 170621.0, 173936.0, 1.0e15, 176411.0, 173647.0, 176376.0, 180346.0, 1.0e15, 180933.0, 191199.0, 176963.0, 168713.0, 171633.0, 174812.0, 1.0e15, 173563.0, 178907.0, 175842.0, 172133.0, 183262.0, 179265.0, 172879.0, 174400.0, 175132.0, 1.0e15, 174237.0, 182109.0, 177492.0, 171302.0, 178177.0, 179829.0, 1.0e15, 173611.0, 172481.0, 209300.0, 172804.0, 182864.0, 181113.0, 174099.0, 171742.0, 172382.0, 176425.0, 178230.0, 171313.0, 1.0e15, 170368.0, 174533.0, 174456.0, 175798.0, 169580.0, 175457.0, 167761.0, 171849.0, 177505.0, 1.0e15, 167360.0, 171440.0, 168341.0, 174246.0, 1.0e15, 174281.0, 173302.0, 167186.0, 178915.0, 167369.0, 179475.0, 171558.0, 182486.0, 173036.0, 169815.0, 185781.0, 171636.0, 1.0e15, 169201.0, 171382.0, 1.0e15, 173390.0, 1.0e15, 176789.0, 188909.0, 1.0e15, 176897.0, 168891.0, 169263.0, 172264.0, 177435.0, 175356.0, 169974.0, 168105.0, 1.0e15, 173651.0, 1.0e15, 169748.0, 1.0e15, 174391.0, 1.0e15, 172391.0, 169184.0, 176098.0, 173723.0, 172264.0, 1.0e15, 175018.0, 174623.0, 1.0e15, 1.0e15, 185890.0, 177843.0, 183718.0, 170220.0, 174773.0, 174408.0, 171263.0, 1.0e15, 1.0e15, 1.0e15, 169086.0, 171889.0, 1.0e15, 1.0e15, 169472.0, 172487.0, 167185.0, 171362.0, 172391.0, 174473.0, 170196.0, 173913.0, 174348.0, 174324.0, 171075.0, 174606.0, 172929.0, 179391.0, 167285.0, 172970.0, 174234.0, 174690.0, 175641.0, 174991.0, 174790.0, 180001.0, 169324.0, 1.0e15, 184035.0, 167518.0, 168897.0, 172025.0, 172942.0, 176759.0, 170154.0, 172615.0, 1.0e15, 172737.0, 1.0e15, 169256.0, 171706.0, 170410.0, 170415.0, 179907.0, 171954.0, 174538.0, 177659.0, 169988.0, 180680.0, 171768.0, 173786.0, 175211.0, 174881.0, 1.0e15, 178328.0]
cong_K= Any[2, 2, 2, 2, 2, 2, 2, 2, 2, 2, 2, 2, 2, 2, 2, 2] 
obj_k= Any[195331, 191850, 191318, 191017, 184078, 179318, 176553, 175656, 171652, 168279, 168205, 168143, 167761, 167360, 167186, 167185] 
iter_obj = Any[3, 4, 5, 6, 8, 9, 10, 11, 27, 43, 90, 108, 181, 185, 192, 252] 
avgClusterDiam = 2456.4285714285716 
maxClusterDiam = 4731.0 
clusterDiamete = [1982.0; 2100.0; 2257.0; 2334.0; 4731.0; 1988.0; 1803.0]   
C = [0, 0, 0, 0, 0, 0, 0, 0, 0, 0, 0, 0, 0, 0, 0, 0, 0, 0, 0, 0, 0, 0, 0, 0, 0, 0, 0, 0, 0, 0, 0, 0, 0, 0, 0, 0, 0, 0, 0, 0, 0, 0, 0, 0, 1, 0, 0, 0, 0, 0, 0, 0, 0, 0, 0, 0, 0, 0, 0, 0, 0, 0, 0, 0, 0, 0, 0, 0, 0, 0, 0, 0, 0, 0, 0, 0, 0, 0, 0, 0, 0, 0, 0, 0, 0, 0, 0, 1, 0, 0, 0, 0, 0, 0, 0, 0, 0, 0, 0, 0, 0, 0, 0, 0, 0, 0, 0, 0, 0, 0, 0, 0, 0, 0, 0, 0, 0, 0, 1, 0, 0, 0, 0, 0, 0, 0, 0, 0, 0, 0, 0, 0, 0, 1, 0, 0, 0, 0, 0, 0, 0, 0, 0, 0, 0, 0, 0, 0, 0, 0, 0, 0, 0, 0, 0, 0, 0, 0, 0, 0, 0, 0, 0, 1, 0, 0, 0, 0, 0, 0, 0, 0, 0, 0, 0, 0, 0, 0, 0, 0, 0, 0, 0, 0, 0, 0, 0, 0, 0, 0, 0, 0, 1, 0, 0, 0, 0, 0, 0, 0, 0, 0, 0, 0, 0, 0, 0, 0, 0, 0, 0, 0, 0, 0, 1, 0, 0, 0, 0, 0, 0, 0, 0, 0, 0, 0, 0, 0]
E = [259, 259, 259, 259, 259, 259, 259, 130, 130, 259, 259, 130, 259, 259, 259, 130, 130, 130, 259, 87, 130, 87, 87, 161, 87, 161, 161, 298, 161, 161, 161, 87, 161, 161, 161, 298, 161, 161, 161, 87, 161, 161, 259, 259, 87, 87, 87, 87, 87, 87, 87, 87, 87, 87, 87, 87, 87, 87, 87, 87, 259, 87, 87, 87, 130, 130, 87, 87, 259, 259, 259, 130, 259, 259, 130, 130, 130, 130, 130, 87, 130, 130, 130, 130, 130, 130, 130, 130, 130, 130, 130, 130, 130, 130, 130, 130, 130, 130, 130, 161, 130, 130, 161, 161, 130, 130, 130, 161, 161, 161, 161, 161, 161, 161, 298, 161, 161, 259, 161, 161, 161, 161, 161, 259, 259, 161, 161, 298, 259, 259, 259, 259, 259, 259, 87, 87, 259, 259, 259, 259, 259, 259, 259, 259, 259, 259, 259, 259, 259, 161, 161, 161, 161, 161, 298, 161, 298, 298, 298, 298, 298, 298, 298, 298, 298, 298, 298, 298, 298, 298, 298, 298, 298, 298, 376, 298, 298, 298, 298, 298, 376, 298, 376, 376, 298, 376, 298, 298, 298, 298, 376, 376, 376, 376, 376, 376, 376, 428, 298, 376, 376, 376, 298, 428, 428, 428, 428, 428, 428, 428, 376, 428, 428, 428, 428, 428, 428, 428, 428, 428, 428, 428, 428, 428, 428, 428, 87, 259]
