n° iter       = 300 
neighborhood_structure = [1] 
Prioridad     = 5 
balance       = 0.5 
Len_N         = 9 
N° clusters   = 7 
N° estaciones = 228 
N° mejoras    = 20
N° iter completadas  = 138
1° FO         = 215381.0
FO            = 165271
Centros       = [87, 117, 150, 275, 298, 377, 428]
Objs= Any[215381.0, 199382, 189227, 185885, 184092, 179316, 179316, 177222, 175515, 174062, 172946, 170607, 170097, 170097, 169173, 169173, 168984, 168129, 168129, 167948, 167948, 167948, 167948, 167948, 167948, 167948, 167948, 166847, 166847, 166847, 166847, 166413, 166413, 166413, 166413, 166413, 166413, 166413, 166413, 166413, 166413, 166413, 166413, 166413, 166413, 166168, 166168, 166168, 166168, 165419, 165419, 165419, 165419, 165419, 165419, 165419, 165419, 165419, 165419, 165419, 165419, 165419, 165419, 165419, 165271, 165271, 165271, 165271, 165271, 165271, 165271, 165271, 165271, 165271, 165271, 165271, 165271, 165271, 165271, 165271, 165271, 165271, 165271, 165271, 165271, 165271, 165271, 165271, 165271, 165271, 165271, 165271, 165271, 165271, 165271, 165271, 165271, 165271, 165271, 165271, 165271, 165271, 165271, 165271, 165271, 165271, 165271, 165271, 165271, 165271, 165271, 165271, 165271, 165271, 165271, 165271, 165271, 165271, 165271, 165271, 165271, 165271, 165271, 165271, 165271, 165271, 165271, 165271, 165271, 165271, 165271, 165271, 165271, 165271, 165271, 165271, 165271, 165271, 165271]
current_obj = [199382.0, 189227.0, 185885.0, 184092.0, 179316.0, 182674.0, 177222.0, 175515.0, 174062.0, 172946.0, 170607.0, 170097.0, 1.0e15, 169173.0, 171065.0, 168984.0, 168129.0, 1.0e15, 167948.0, 169379.0, 168330.0, 169583.0, 169095.0, 169583.0, 168265.0, 168649.0, 166847.0, 167515.0, 168074.0, 167762.0, 166413.0, 187414.0, 166738.0, 166847.0, 166668.0, 167632.0, 166738.0, 166969.0, 170355.0, 1.0e15, 167325.0, 168145.0, 170094.0, 179264.0, 166168.0, 166430.0, 1.0e15, 166584.0, 165419.0, 166515.0, 166716.0, 166026.0, 1.0e15, 165920.0, 166795.0, 166994.0, 167174.0, 166593.0, 165845.0, 165539.0, 165539.0, 166858.0, 1.0e15, 165271.0, 165539.0, 165953.0, 165772.0, 166379.0, 166286.0, 166362.0, 165878.0, 165528.0, 166362.0, 165528.0, 166362.0, 177297.0, 166018.0, 166067.0, 168020.0, 166615.0, 165878.0, 168524.0, 1.0e15, 166857.0, 166739.0, 1.0e15, 166288.0, 175157.0, 165419.0, 1.0e15, 166659.0, 165539.0, 166544.0, 1.0e15, 166857.0, 166659.0, 167757.0, 165878.0, 1.0e15, 165878.0, 166379.0, 165697.0, 168109.0, 165539.0, 166857.0, 165528.0, 165539.0, 165953.0, 167629.0, 1.0e15, 1.0e15, 168394.0, 166562.0, 1.0e15, 168449.0, 167570.0, 165310.0, 166458.0, 167528.0, 165539.0, 166367.0, 166846.0, 166362.0, 174028.0, 168109.0, 166647.0, 166544.0, 165697.0, 165772.0, 166739.0, 166620.0, 165419.0, 165687.0, 165310.0, 165687.0, 165586.0, 1.0e15, 166379.0, 165878.0, 0.0, 0.0, 0.0, 0.0, 0.0, 0.0, 0.0, 0.0, 0.0, 0.0, 0.0, 0.0, 0.0, 0.0, 0.0, 0.0, 0.0, 0.0, 0.0, 0.0, 0.0, 0.0, 0.0, 0.0, 0.0, 0.0, 0.0, 0.0, 0.0, 0.0, 0.0, 0.0, 0.0, 0.0, 0.0, 0.0, 0.0, 0.0, 0.0, 0.0, 0.0, 0.0, 0.0, 0.0, 0.0, 0.0, 0.0, 0.0, 0.0, 0.0, 0.0, 0.0, 0.0, 0.0, 0.0, 0.0, 0.0, 0.0, 0.0, 0.0, 0.0, 0.0, 0.0, 0.0, 0.0, 0.0, 0.0, 0.0, 0.0, 0.0, 0.0, 0.0, 0.0, 0.0, 0.0, 0.0, 0.0, 0.0, 0.0, 0.0, 0.0, 0.0, 0.0, 0.0, 0.0, 0.0, 0.0, 0.0, 0.0, 0.0, 0.0, 0.0, 0.0, 0.0, 0.0, 0.0, 0.0, 0.0, 0.0, 0.0, 0.0, 0.0, 0.0, 0.0, 0.0, 0.0, 0.0, 0.0, 0.0, 0.0, 0.0, 0.0, 0.0, 0.0, 0.0, 0.0, 0.0, 0.0, 0.0, 0.0, 0.0, 0.0, 0.0, 0.0, 0.0, 0.0, 0.0, 0.0, 0.0, 0.0, 0.0, 0.0, 0.0, 0.0, 0.0, 0.0, 0.0, 0.0, 0.0, 0.0, 0.0, 0.0, 0.0, 0.0, 0.0, 0.0, 0.0, 0.0, 0.0, 0.0, 0.0, 0.0, 0.0, 0.0, 0.0, 0.0, 0.0, 0.0, 0.0, 0.0, 0.0]
cong_K= Any[1, 1, 1, 1, 1, 1, 1, 1, 1, 1, 1, 1, 1, 1, 1, 1, 1, 1, 1, 1] 
obj_k= Any[199382, 189227, 185885, 184092, 179316, 177222, 175515, 174062, 172946, 170607, 170097, 169173, 168984, 168129, 167948, 166847, 166413, 166168, 165419, 165271] 
iter_obj = Any[1, 2, 3, 4, 5, 7, 8, 9, 10, 11, 12, 14, 16, 17, 19, 27, 31, 45, 49, 64] 
avgClusterDiam = 2553.1428571428573 
maxClusterDiam = 4731.0 
clusterDiamete = [2027.0; 2580.0; 2439.0; 2334.0; 4731.0; 2080.0; 1681.0]   
C = [0, 0, 0, 0, 0, 0, 0, 0, 0, 0, 0, 0, 0, 0, 0, 0, 0, 0, 0, 0, 0, 0, 0, 0, 0, 0, 0, 0, 0, 0, 0, 0, 0, 0, 0, 0, 0, 0, 0, 0, 0, 0, 0, 0, 1, 0, 0, 0, 0, 0, 0, 0, 0, 0, 0, 0, 0, 0, 0, 0, 0, 0, 0, 0, 0, 0, 0, 0, 0, 0, 0, 0, 0, 0, 1, 0, 0, 0, 0, 0, 0, 0, 0, 0, 0, 0, 0, 0, 0, 0, 0, 0, 0, 0, 0, 0, 0, 0, 0, 0, 0, 0, 0, 0, 0, 0, 0, 1, 0, 0, 0, 0, 0, 0, 0, 0, 0, 0, 0, 0, 0, 0, 0, 0, 0, 0, 0, 0, 0, 0, 0, 0, 0, 0, 0, 0, 0, 0, 0, 0, 0, 0, 0, 0, 0, 0, 0, 0, 1, 0, 0, 0, 0, 0, 0, 0, 0, 0, 0, 0, 0, 0, 0, 1, 0, 0, 0, 0, 0, 0, 0, 0, 0, 0, 0, 0, 0, 0, 0, 0, 0, 0, 0, 0, 0, 0, 0, 0, 0, 0, 0, 0, 0, 1, 0, 0, 0, 0, 0, 0, 0, 0, 0, 0, 0, 0, 0, 0, 0, 0, 0, 0, 0, 0, 1, 0, 0, 0, 0, 0, 0, 0, 0, 0, 0, 0, 0, 0]
E = [117, 117, 117, 117, 275, 117, 117, 117, 117, 117, 275, 117, 275, 275, 275, 117, 117, 117, 87, 87, 117, 87, 87, 150, 87, 150, 150, 298, 150, 150, 150, 87, 150, 150, 150, 298, 150, 150, 150, 87, 150, 150, 117, 117, 87, 87, 87, 87, 87, 87, 87, 87, 87, 87, 87, 87, 87, 87, 87, 87, 275, 87, 87, 87, 117, 117, 87, 87, 117, 275, 117, 117, 117, 117, 117, 117, 117, 117, 117, 87, 117, 117, 117, 117, 117, 117, 117, 117, 117, 117, 117, 117, 117, 150, 117, 117, 150, 150, 150, 150, 150, 150, 150, 150, 150, 150, 150, 150, 150, 150, 150, 150, 150, 150, 298, 150, 150, 275, 150, 150, 150, 150, 150, 275, 275, 150, 150, 298, 117, 275, 117, 275, 117, 275, 87, 87, 117, 275, 275, 275, 275, 275, 275, 275, 275, 275, 275, 275, 275, 298, 150, 150, 298, 150, 150, 298, 298, 298, 298, 298, 298, 298, 298, 298, 298, 298, 298, 298, 298, 298, 298, 298, 298, 298, 377, 298, 298, 298, 298, 298, 377, 298, 377, 377, 298, 377, 298, 298, 298, 298, 377, 377, 377, 377, 377, 377, 377, 377, 298, 377, 377, 428, 298, 428, 377, 428, 428, 428, 428, 428, 377, 428, 428, 428, 428, 428, 428, 428, 428, 428, 428, 428, 428, 428, 428, 428, 87, 275]
