n° iter       = 300 
neighborhood_structure = [1 2 3] 
Prioridad     = 5 
balance       = 0.2 
Len_N         = 3 
N° clusters   = 15 
N° estaciones = 452 
N° mejoras    = 38
N° iter completadas  = 117
1° FO         = 373070.0
FO            = 312655
Centros       = [19, 28, 66, 81, 87, 141, 206, 218, 264, 294, 308, 353, 358, 415, 427]
Objs= Any[373070.0, 364613, 357852, 351442, 345639, 343761, 339454, 337485, 335447, 334894, 332524, 332488, 331131, 331131, 329414, 328035, 326939, 326403, 326403, 326403, 326403, 326314, 325717, 325643, 324570, 324570, 321477, 320865, 319812, 319440, 319440, 319440, 319440, 319440, 319440, 319198, 319198, 319198, 318129, 318129, 318129, 317526, 317526, 317306, 317306, 317306, 317306, 317306, 317306, 316454, 316454, 316454, 316454, 316454, 316454, 316454, 316454, 316454, 316454, 316454, 316454, 316454, 315469, 314749, 314749, 314749, 314749, 314749, 314749, 314640, 314640, 314640, 314640, 314048, 314048, 313892, 313892, 313892, 313892, 313892, 313892, 313892, 313892, 313892, 313892, 313635, 313635, 313635, 313635, 313635, 313635, 313635, 313635, 313635, 313635, 313635, 313635, 313635, 313493, 312727, 312727, 312727, 312655, 312655, 312655, 312655, 312655, 312655, 312655, 312655, 312655, 312655, 312655, 312655, 312655, 312655, 312655, 312655]
current_obj = [364613.0, 357852.0, 351442.0, 345639.0, 343761.0, 339454.0, 337485.0, 335447.0, 334894.0, 332524.0, 332488.0, 331131.0, 331516.0, 329414.0, 328035.0, 326939.0, 326403.0, 326910.0, 329166.0, 328983.0, 326314.0, 325717.0, 325643.0, 324570.0, 325911.0, 321477.0, 320865.0, 319812.0, 319440.0, 322251.0, 321806.0, 321557.0, 319476.0, 319456.0, 319198.0, 323127.0, 320981.0, 318129.0, 318223.0, 320218.0, 317526.0, 318680.0, 317306.0, 322459.0, 318569.0, 318495.0, 319806.0, 321616.0, 316454.0, 316860.0, 320024.0, 317431.0, 316718.0, 321227.0, 318664.0, 318238.0, 316526.0, 318520.0, 319193.0, 319242.0, 319223.0, 315469.0, 314749.0, 317805.0, 318830.0, 315140.0, 315981.0, 317169.0, 314640.0, 315981.0, 315342.0, 314680.0, 314048.0, 314788.0, 313892.0, 316009.0, 315776.0, 316629.0, 314319.0, 315570.0, 316820.0, 313998.0, 317873.0, 316842.0, 313635.0, 314501.0, 319542.0, 313915.0, 318858.0, 313875.0, 315843.0, 318858.0, 318405.0, 315850.0, 316027.0, 313794.0, 315519.0, 313493.0, 312727.0, 313439.0, 315480.0, 312655.0, 316347.0, 314875.0, 314476.0, 314040.0, 313210.0, 312870.0, 315118.0, 314670.0, 312999.0, 314698.0, 314444.0, 312797.0, 313439.0, 313880.0, 313938.0, 313384.0, 0.0, 0.0, 0.0, 0.0, 0.0, 0.0, 0.0, 0.0, 0.0, 0.0, 0.0, 0.0, 0.0, 0.0, 0.0, 0.0, 0.0, 0.0, 0.0, 0.0, 0.0, 0.0, 0.0, 0.0, 0.0, 0.0, 0.0, 0.0, 0.0, 0.0, 0.0, 0.0, 0.0, 0.0, 0.0, 0.0, 0.0, 0.0, 0.0, 0.0, 0.0, 0.0, 0.0, 0.0, 0.0, 0.0, 0.0, 0.0, 0.0, 0.0, 0.0, 0.0, 0.0, 0.0, 0.0, 0.0, 0.0, 0.0, 0.0, 0.0, 0.0, 0.0, 0.0, 0.0, 0.0, 0.0, 0.0, 0.0, 0.0, 0.0, 0.0, 0.0, 0.0, 0.0, 0.0, 0.0, 0.0, 0.0, 0.0, 0.0, 0.0, 0.0, 0.0, 0.0, 0.0, 0.0, 0.0, 0.0, 0.0, 0.0, 0.0, 0.0, 0.0, 0.0, 0.0, 0.0, 0.0, 0.0, 0.0, 0.0, 0.0, 0.0, 0.0, 0.0, 0.0, 0.0, 0.0, 0.0, 0.0, 0.0, 0.0, 0.0, 0.0, 0.0, 0.0, 0.0, 0.0, 0.0, 0.0, 0.0, 0.0, 0.0, 0.0, 0.0, 0.0, 0.0, 0.0, 0.0, 0.0, 0.0, 0.0, 0.0, 0.0, 0.0, 0.0, 0.0, 0.0, 0.0, 0.0, 0.0, 0.0, 0.0, 0.0, 0.0, 0.0, 0.0, 0.0, 0.0, 0.0, 0.0, 0.0, 0.0, 0.0, 0.0, 0.0, 0.0, 0.0, 0.0, 0.0, 0.0, 0.0, 0.0, 0.0, 0.0, 0.0, 0.0, 0.0, 0.0, 0.0, 0.0, 0.0, 0.0, 0.0, 0.0, 0.0, 0.0, 0.0, 0.0, 0.0, 0.0, 0.0, 0.0]
cong_K= Any[3, 1, 2, 3, 1, 3, 3, 1, 1, 3, 1, 3, 2, 3, 1, 2, 1, 1, 3, 2, 1, 1, 1, 3, 2, 2, 1, 1, 1, 2, 1, 1, 1, 1, 1, 1, 1, 1] 
obj_k= Any[364613, 357852, 351442, 345639, 343761, 339454, 337485, 335447, 334894, 332524, 332488, 331131, 329414, 328035, 326939, 326403, 326314, 325717, 325643, 324570, 321477, 320865, 319812, 319440, 319198, 318129, 317526, 317306, 316454, 315469, 314749, 314640, 314048, 313892, 313635, 313493, 312727, 312655] 
iter_obj = Any[1, 2, 3, 4, 5, 6, 7, 8, 9, 10, 11, 12, 14, 15, 16, 17, 21, 22, 23, 24, 26, 27, 28, 29, 35, 38, 41, 43, 49, 62, 63, 69, 73, 75, 85, 98, 99, 102] 
avgClusterDiam = 2598.8 
maxClusterDiam = 3775.0 
clusterDiamete = [2683.0; 2011.0; 3775.0; 2579.0; 2430.0; 2592.0; 2263.0; 3033.0; 2779.0; 3644.0; 2003.0; 2252.0; 3197.0; 1819.0; 1922.0]   
C = [0, 0, 0, 0, 0, 0, 0, 0, 0, 0, 0, 0, 0, 0, 0, 0, 0, 0, 1, 0, 0, 0, 0, 0, 0, 0, 0, 1, 0, 0, 0, 0, 0, 0, 0, 0, 0, 0, 0, 0, 0, 0, 0, 0, 0, 0, 0, 0, 0, 0, 0, 0, 0, 0, 0, 0, 0, 0, 0, 0, 0, 0, 0, 0, 0, 1, 0, 0, 0, 0, 0, 0, 0, 0, 0, 0, 0, 0, 0, 0, 1, 0, 0, 0, 0, 0, 1, 0, 0, 0, 0, 0, 0, 0, 0, 0, 0, 0, 0, 0, 0, 0, 0, 0, 0, 0, 0, 0, 0, 0, 0, 0, 0, 0, 0, 0, 0, 0, 0, 0, 0, 0, 0, 0, 0, 0, 0, 0, 0, 0, 0, 0, 0, 0, 0, 0, 0, 0, 0, 0, 1, 0, 0, 0, 0, 0, 0, 0, 0, 0, 0, 0, 0, 0, 0, 0, 0, 0, 0, 0, 0, 0, 0, 0, 0, 0, 0, 0, 0, 0, 0, 0, 0, 0, 0, 0, 0, 0, 0, 0, 0, 0, 0, 0, 0, 0, 0, 0, 0, 0, 0, 0, 0, 0, 0, 0, 0, 0, 0, 0, 0, 0, 0, 0, 0, 1, 0, 0, 0, 0, 0, 0, 0, 0, 0, 0, 0, 1, 0, 0, 0, 0, 0, 0, 0, 0, 0, 0, 0, 0, 0, 0, 0, 0, 0, 0, 0, 0, 0, 0, 0, 0, 0, 0, 0, 0, 0, 0, 0, 0, 0, 0, 0, 0, 0, 0, 0, 0, 0, 0, 0, 0, 0, 1, 0, 0, 0, 0, 0, 0, 0, 0, 0, 0, 0, 0, 0, 0, 0, 0, 0, 0, 0, 0, 0, 0, 0, 0, 0, 0, 0, 0, 0, 1, 0, 0, 0, 0, 0, 0, 0, 0, 0, 0, 0, 0, 0, 1, 0, 0, 0, 0, 0, 0, 0, 0, 0, 0, 0, 0, 0, 0, 0, 0, 0, 0, 0, 0, 0, 0, 0, 0, 0, 0, 0, 0, 0, 0, 0, 0, 0, 0, 0, 0, 0, 0, 0, 0, 0, 0, 0, 0, 1, 0, 0, 0, 0, 1, 0, 0, 0, 0, 0, 0, 0, 0, 0, 0, 0, 0, 0, 0, 0, 0, 0, 0, 0, 0, 0, 0, 0, 0, 0, 0, 0, 0, 0, 0, 0, 0, 0, 0, 0, 0, 0, 0, 0, 0, 0, 0, 0, 0, 0, 0, 0, 0, 0, 0, 0, 0, 0, 0, 0, 0, 1, 0, 0, 0, 0, 0, 0, 0, 0, 0, 0, 0, 1, 0, 0, 0, 0, 0, 0, 0, 0, 0, 0, 0, 0, 0, 0, 0, 0, 0, 0, 0, 0, 0, 0, 0, 0, 0]
E = [19, 28, 19, 19, 19, 19, 28, 19, 19, 264, 19, 19, 66, 66, 28, 19, 19, 19, 19, 19, 28, 28, 28, 28, 19, 264, 19, 28, 264, 264, 264, 28, 19, 28, 28, 28, 28, 81, 141, 28, 87, 28, 87, 28, 28, 81, 141, 87, 28, 28, 81, 87, 66, 81, 87, 294, 66, 28, 294, 28, 81, 66, 81, 81, 264, 66, 66, 66, 81, 81, 81, 66, 66, 294, 66, 81, 66, 66, 66, 81, 81, 87, 81, 81, 19, 19, 87, 87, 87, 87, 87, 87, 87, 87, 87, 87, 87, 87, 264, 87, 87, 87, 19, 87, 87, 87, 87, 87, 87, 87, 19, 87, 19, 19, 19, 264, 19, 19, 19, 19, 19, 87, 19, 141, 19, 141, 19, 141, 141, 141, 141, 141, 141, 294, 141, 141, 141, 141, 141, 141, 141, 141, 141, 141, 141, 81, 141, 141, 141, 81, 141, 81, 81, 81, 141, 81, 81, 141, 141, 19, 81, 81, 141, 81, 81, 66, 66, 66, 81, 66, 66, 66, 66, 264, 81, 264, 66, 66, 81, 81, 81, 308, 19, 66, 66, 218, 66, 66, 66, 66, 66, 218, 206, 28, 218, 218, 206, 206, 218, 218, 218, 206, 206, 206, 218, 206, 218, 218, 206, 206, 218, 218, 206, 206, 206, 206, 66, 218, 206, 206, 206, 218, 218, 218, 218, 66, 206, 206, 206, 206, 218, 66, 206, 218, 206, 206, 206, 206, 28, 206, 206, 206, 206, 206, 218, 218, 66, 19, 28, 66, 218, 28, 28, 19, 19, 19, 19, 218, 19, 87, 28, 87, 19, 264, 264, 264, 264, 264, 264, 87, 264, 264, 264, 264, 264, 294, 81, 81, 294, 141, 294, 294, 294, 308, 66, 308, 66, 308, 308, 308, 81, 294, 294, 294, 294, 294, 294, 294, 294, 294, 308, 358, 358, 308, 308, 308, 308, 308, 308, 308, 308, 308, 308, 308, 353, 358, 294, 294, 294, 294, 294, 294, 294, 358, 358, 353, 308, 308, 308, 308, 308, 353, 308, 353, 358, 358, 358, 358, 358, 294, 358, 358, 358, 358, 353, 353, 353, 353, 353, 353, 353, 353, 353, 353, 353, 358, 358, 358, 358, 358, 353, 353, 353, 353, 353, 353, 353, 353, 353, 415, 353, 358, 358, 358, 358, 358, 358, 358, 415, 415, 415, 415, 415, 353, 353, 353, 415, 415, 415, 415, 415, 415, 415, 415, 415, 415, 358, 427, 358, 358, 427, 427, 427, 358, 358, 427, 427, 427, 427, 427, 427, 427, 415, 415, 415, 415, 415, 415, 415, 415, 415, 415, 415, 415, 427, 427, 427, 427, 427, 427, 427, 427, 415, 415, 427, 415, 415, 415, 427, 427, 427, 427, 427, 427, 427, 427, 28, 87, 66, 264, 218, 218]
