n° iter       = 600 
neighborhood_structure = [1 2 3] 
Prioridad     = 5 
balance       = 0.2 
Len_N         = 3 
N° clusters   = 15 
N° estaciones = 452 
N° mejoras    = 31
N° iter completadas  = 110
1° FO         = 352083.0
FO            = 314924
Centros       = [14, 20, 66, 84, 87, 141, 214, 218, 275, 294, 313, 357, 387, 410, 424]
Objs= Any[352083.0, 345820, 342805, 334076, 333119, 329334, 329334, 329334, 329334, 329334, 329334, 329331, 329331, 327694, 327612, 327612, 327612, 327612, 327612, 327612, 326461, 326461, 326461, 326461, 326461, 326461, 325851, 325851, 325851, 325813, 325813, 325813, 325813, 325741, 324839, 324839, 324778, 324411, 324411, 324411, 324411, 324411, 324411, 324411, 324411, 324187, 323361, 323361, 322972, 322972, 322972, 321424, 321424, 321424, 321424, 321424, 321424, 321424, 320321, 320103, 320103, 320103, 320103, 320103, 319813, 319615, 319615, 318299, 318299, 318299, 318299, 317461, 317461, 317461, 316499, 316499, 316499, 316391, 316391, 316391, 316391, 316379, 316379, 316288, 316288, 316288, 316288, 316288, 316288, 316288, 316027, 316027, 316027, 316027, 316027, 316027, 316027, 316027, 316027, 316027, 316027, 314924, 314924, 314924, 314924, 314924, 314924, 314924, 314924, 314924, 314924]
current_obj = [345820.0, 342805.0, 334076.0, 333119.0, 329334.0, 332652.0, 331225.0, 330178.0, 332053.0, 329468.0, 329331.0, 330735.0, 327694.0, 327612.0, 327630.0, 330767.0, 327827.0, 327808.0, 330388.0, 326461.0, 326877.0, 327006.0, 327260.0, 328846.0, 326799.0, 325851.0, 326579.0, 328630.0, 325813.0, 328537.0, 325831.0, 326148.0, 325741.0, 324839.0, 326677.0, 324778.0, 324411.0, 328405.0, 324783.0, 327385.0, 324971.0, 324672.0, 325920.0, 326943.0, 324187.0, 323361.0, 324266.0, 322972.0, 323308.0, 323755.0, 321424.0, 321993.0, 323796.0, 322552.0, 321910.0, 321957.0, 322642.0, 320321.0, 320103.0, 320275.0, 323018.0, 320726.0, 320120.0, 319813.0, 319615.0, 319780.0, 318299.0, 318999.0, 318645.0, 318333.0, 317461.0, 318161.0, 317715.0, 316499.0, 318937.0, 318752.0, 316391.0, 319637.0, 316532.0, 317034.0, 316379.0, 318787.0, 316288.0, 318166.0, 317708.0, 316882.0, 316553.0, 319520.0, 318701.0, 316027.0, 318083.0, 317250.0, 317124.0, 316864.0, 317860.0, 318374.0, 318170.0, 316162.0, 316408.0, 317831.0, 314924.0, 315385.0, 315974.0, 317077.0, 315293.0, 315066.0, 317241.0, 316266.0, 317424.0, 319446.0, 315929.0, 0.0, 0.0, 0.0, 0.0, 0.0, 0.0, 0.0, 0.0, 0.0, 0.0, 0.0, 0.0, 0.0, 0.0, 0.0, 0.0, 0.0, 0.0, 0.0, 0.0, 0.0, 0.0, 0.0, 0.0, 0.0, 0.0, 0.0, 0.0, 0.0, 0.0, 0.0, 0.0, 0.0, 0.0, 0.0, 0.0, 0.0, 0.0, 0.0, 0.0, 0.0, 0.0, 0.0, 0.0, 0.0, 0.0, 0.0, 0.0, 0.0, 0.0, 0.0, 0.0, 0.0, 0.0, 0.0, 0.0, 0.0, 0.0, 0.0, 0.0, 0.0, 0.0, 0.0, 0.0, 0.0, 0.0, 0.0, 0.0, 0.0, 0.0, 0.0, 0.0, 0.0, 0.0, 0.0, 0.0, 0.0, 0.0, 0.0, 0.0, 0.0, 0.0, 0.0, 0.0, 0.0, 0.0, 0.0, 0.0, 0.0, 0.0, 0.0, 0.0, 0.0, 0.0, 0.0, 0.0, 0.0, 0.0, 0.0, 0.0, 0.0, 0.0, 0.0, 0.0, 0.0, 0.0, 0.0, 0.0, 0.0, 0.0, 0.0, 0.0, 0.0, 0.0, 0.0, 0.0, 0.0, 0.0, 0.0, 0.0, 0.0, 0.0, 0.0, 0.0, 0.0, 0.0, 0.0, 0.0, 0.0, 0.0, 0.0, 0.0, 0.0, 0.0, 0.0, 0.0, 0.0, 0.0, 0.0, 0.0, 0.0, 0.0, 0.0, 0.0, 0.0, 0.0, 0.0, 0.0, 0.0, 0.0, 0.0, 0.0, 0.0, 0.0, 0.0, 0.0, 0.0, 0.0, 0.0, 0.0, 0.0, 0.0, 0.0, 0.0, 0.0, 0.0, 0.0, 0.0, 0.0, 0.0, 0.0, 0.0, 0.0, 0.0, 0.0, 0.0, 0.0, 0.0, 0.0, 0.0, 0.0, 0.0, 0.0, 0.0, 0.0, 0.0, 0.0, 0.0, 0.0, 0.0, 0.0, 0.0, 0.0, 0.0, 0.0, 0.0, 0.0, 0.0, 0.0, 0.0, 0.0, 0.0, 0.0, 0.0, 0.0, 0.0, 0.0, 0.0, 0.0, 0.0, 0.0, 0.0, 0.0, 0.0, 0.0, 0.0, 0.0, 0.0, 0.0, 0.0, 0.0, 0.0, 0.0, 0.0, 0.0, 0.0, 0.0, 0.0, 0.0, 0.0, 0.0, 0.0, 0.0, 0.0, 0.0, 0.0, 0.0, 0.0, 0.0, 0.0, 0.0, 0.0, 0.0, 0.0, 0.0, 0.0, 0.0, 0.0, 0.0, 0.0, 0.0, 0.0, 0.0, 0.0, 0.0, 0.0, 0.0, 0.0, 0.0, 0.0, 0.0, 0.0, 0.0, 0.0, 0.0, 0.0, 0.0, 0.0, 0.0, 0.0, 0.0, 0.0, 0.0, 0.0, 0.0, 0.0, 0.0, 0.0, 0.0, 0.0, 0.0, 0.0, 0.0, 0.0, 0.0, 0.0, 0.0, 0.0, 0.0, 0.0, 0.0, 0.0, 0.0, 0.0, 0.0, 0.0, 0.0, 0.0, 0.0, 0.0, 0.0, 0.0, 0.0, 0.0, 0.0, 0.0, 0.0, 0.0, 0.0, 0.0, 0.0, 0.0, 0.0, 0.0, 0.0, 0.0, 0.0, 0.0, 0.0, 0.0, 0.0, 0.0, 0.0, 0.0, 0.0, 0.0, 0.0, 0.0, 0.0, 0.0, 0.0, 0.0, 0.0, 0.0, 0.0, 0.0, 0.0, 0.0, 0.0, 0.0, 0.0, 0.0, 0.0, 0.0, 0.0, 0.0, 0.0, 0.0, 0.0, 0.0, 0.0, 0.0, 0.0, 0.0, 0.0, 0.0, 0.0, 0.0, 0.0, 0.0, 0.0, 0.0, 0.0, 0.0, 0.0, 0.0, 0.0, 0.0, 0.0, 0.0, 0.0, 0.0, 0.0, 0.0, 0.0, 0.0, 0.0, 0.0, 0.0, 0.0, 0.0, 0.0, 0.0, 0.0, 0.0, 0.0, 0.0, 0.0, 0.0, 0.0, 0.0, 0.0, 0.0, 0.0, 0.0, 0.0, 0.0, 0.0, 0.0, 0.0, 0.0, 0.0, 0.0, 0.0, 0.0, 0.0, 0.0, 0.0, 0.0, 0.0, 0.0, 0.0, 0.0, 0.0, 0.0, 0.0, 0.0, 0.0, 0.0, 0.0, 0.0, 0.0, 0.0, 0.0, 0.0, 0.0, 0.0, 0.0, 0.0, 0.0, 0.0, 0.0, 0.0, 0.0, 0.0, 0.0, 0.0, 0.0, 0.0, 0.0, 0.0, 0.0, 0.0, 0.0, 0.0, 0.0, 0.0, 0.0, 0.0, 0.0, 0.0, 0.0, 0.0, 0.0, 0.0, 0.0, 0.0, 0.0, 0.0, 0.0, 0.0, 0.0, 0.0, 0.0, 0.0, 0.0, 0.0, 0.0, 0.0, 0.0, 0.0, 0.0, 0.0, 0.0, 0.0, 0.0, 0.0, 0.0, 0.0, 0.0, 0.0, 0.0, 0.0, 0.0, 0.0, 0.0, 0.0, 0.0, 0.0]
cong_K= Any[3, 3, 3, 2, 1, 1, 1, 1, 2, 1, 1, 1, 1, 1, 1, 2, 1, 1, 1, 2, 1, 1, 1, 2, 1, 1, 1, 1, 1, 1, 1] 
obj_k= Any[345820, 342805, 334076, 333119, 329334, 329331, 327694, 327612, 326461, 325851, 325813, 325741, 324839, 324778, 324411, 324187, 323361, 322972, 321424, 320321, 320103, 319813, 319615, 318299, 317461, 316499, 316391, 316379, 316288, 316027, 314924] 
iter_obj = Any[1, 2, 3, 4, 5, 11, 13, 14, 20, 26, 29, 33, 34, 36, 37, 45, 46, 48, 51, 58, 59, 64, 65, 67, 71, 74, 77, 81, 83, 90, 101] 
avgClusterDiam = 2628.6 
maxClusterDiam = 3775.0 
clusterDiamete = [3302.0; 2695.0; 3775.0; 2488.0; 2527.0; 2223.0; 2263.0; 3033.0; 2779.0; 3644.0; 2115.0; 3015.0; 2223.0; 1756.0; 1591.0]   
C = [0, 0, 0, 0, 0, 0, 0, 0, 0, 0, 0, 0, 0, 1, 0, 0, 0, 0, 0, 1, 0, 0, 0, 0, 0, 0, 0, 0, 0, 0, 0, 0, 0, 0, 0, 0, 0, 0, 0, 0, 0, 0, 0, 0, 0, 0, 0, 0, 0, 0, 0, 0, 0, 0, 0, 0, 0, 0, 0, 0, 0, 0, 0, 0, 0, 1, 0, 0, 0, 0, 0, 0, 0, 0, 0, 0, 0, 0, 0, 0, 0, 0, 0, 1, 0, 0, 1, 0, 0, 0, 0, 0, 0, 0, 0, 0, 0, 0, 0, 0, 0, 0, 0, 0, 0, 0, 0, 0, 0, 0, 0, 0, 0, 0, 0, 0, 0, 0, 0, 0, 0, 0, 0, 0, 0, 0, 0, 0, 0, 0, 0, 0, 0, 0, 0, 0, 0, 0, 0, 0, 1, 0, 0, 0, 0, 0, 0, 0, 0, 0, 0, 0, 0, 0, 0, 0, 0, 0, 0, 0, 0, 0, 0, 0, 0, 0, 0, 0, 0, 0, 0, 0, 0, 0, 0, 0, 0, 0, 0, 0, 0, 0, 0, 0, 0, 0, 0, 0, 0, 0, 0, 0, 0, 0, 0, 0, 0, 0, 0, 0, 0, 0, 0, 0, 0, 0, 0, 0, 0, 0, 0, 0, 0, 1, 0, 0, 0, 1, 0, 0, 0, 0, 0, 0, 0, 0, 0, 0, 0, 0, 0, 0, 0, 0, 0, 0, 0, 0, 0, 0, 0, 0, 0, 0, 0, 0, 0, 0, 0, 0, 0, 0, 0, 0, 0, 0, 0, 0, 0, 0, 0, 0, 0, 0, 0, 0, 0, 0, 0, 0, 0, 0, 0, 0, 1, 0, 0, 0, 0, 0, 0, 0, 0, 0, 0, 0, 0, 0, 0, 0, 0, 0, 0, 1, 0, 0, 0, 0, 0, 0, 0, 0, 0, 0, 0, 0, 0, 0, 0, 0, 0, 0, 1, 0, 0, 0, 0, 0, 0, 0, 0, 0, 0, 0, 0, 0, 0, 0, 0, 0, 0, 0, 0, 0, 0, 0, 0, 0, 0, 0, 0, 0, 0, 0, 0, 0, 0, 0, 0, 0, 0, 0, 0, 0, 0, 0, 1, 0, 0, 0, 0, 0, 0, 0, 0, 0, 0, 0, 0, 0, 0, 0, 0, 0, 0, 0, 0, 0, 0, 0, 0, 0, 0, 0, 0, 0, 1, 0, 0, 0, 0, 0, 0, 0, 0, 0, 0, 0, 0, 0, 0, 0, 0, 0, 0, 0, 0, 0, 0, 1, 0, 0, 0, 0, 0, 0, 0, 0, 0, 0, 0, 0, 0, 1, 0, 0, 0, 0, 0, 0, 0, 0, 0, 0, 0, 0, 0, 0, 0, 0, 0, 0, 0, 0, 0, 0, 0, 0, 0, 0, 0, 0]
E = [20, 14, 20, 14, 20, 20, 14, 20, 20, 275, 20, 20, 66, 66, 14, 20, 20, 20, 20, 20, 14, 14, 14, 14, 14, 275, 20, 14, 275, 275, 275, 14, 20, 14, 14, 14, 14, 66, 141, 14, 87, 14, 87, 14, 66, 84, 141, 87, 14, 66, 84, 87, 66, 84, 87, 294, 66, 66, 294, 14, 84, 66, 84, 84, 275, 66, 66, 84, 84, 84, 84, 66, 66, 84, 66, 84, 66, 66, 66, 84, 84, 87, 84, 84, 20, 20, 87, 87, 87, 87, 87, 87, 87, 87, 87, 87, 87, 87, 275, 87, 87, 87, 14, 87, 87, 87, 87, 87, 87, 87, 14, 20, 20, 20, 20, 275, 20, 20, 20, 20, 20, 87, 20, 87, 20, 141, 141, 141, 141, 141, 141, 141, 141, 294, 141, 141, 141, 141, 141, 141, 141, 294, 141, 141, 141, 84, 141, 141, 141, 84, 141, 84, 84, 84, 141, 141, 294, 141, 141, 20, 84, 84, 141, 84, 84, 66, 66, 66, 84, 66, 66, 66, 84, 275, 84, 275, 66, 66, 84, 84, 84, 294, 20, 66, 66, 218, 66, 66, 66, 66, 66, 218, 214, 14, 218, 218, 214, 214, 218, 218, 218, 214, 214, 214, 218, 214, 218, 218, 214, 214, 218, 218, 214, 214, 214, 214, 66, 218, 214, 214, 214, 218, 218, 218, 218, 66, 214, 214, 214, 214, 218, 66, 214, 218, 214, 214, 214, 214, 14, 214, 214, 214, 214, 214, 218, 218, 14, 20, 14, 66, 218, 14, 14, 20, 20, 20, 20, 218, 20, 87, 14, 87, 20, 275, 275, 275, 275, 275, 275, 20, 275, 275, 275, 275, 275, 294, 294, 84, 294, 294, 294, 294, 294, 313, 84, 66, 66, 313, 84, 313, 294, 294, 294, 294, 294, 294, 294, 294, 294, 294, 313, 357, 313, 313, 313, 313, 313, 313, 313, 313, 313, 313, 313, 313, 313, 357, 294, 294, 294, 294, 294, 294, 357, 357, 357, 387, 313, 313, 313, 313, 313, 313, 313, 313, 357, 357, 357, 357, 357, 294, 357, 357, 357, 357, 357, 357, 313, 313, 313, 313, 313, 313, 387, 357, 357, 357, 357, 357, 357, 357, 387, 313, 387, 313, 387, 387, 387, 387, 387, 387, 357, 357, 357, 357, 357, 357, 357, 357, 357, 387, 387, 387, 387, 387, 387, 387, 387, 387, 387, 387, 387, 424, 424, 424, 424, 424, 424, 424, 424, 424, 410, 410, 410, 410, 357, 424, 410, 410, 410, 410, 410, 424, 424, 424, 387, 387, 387, 387, 387, 387, 387, 424, 424, 424, 424, 424, 424, 410, 410, 410, 410, 410, 424, 424, 424, 424, 424, 424, 424, 424, 424, 410, 410, 410, 410, 410, 14, 87, 66, 275, 218, 218]
