 iter       = 300 
neighborhood_structure = [1 2 3] 
Prioridad     = 5 
balance       = 0.2 
Len_N         = 3 
N° clusters   = 15 
N° estaciones = 452 
N° mejoras    = 29
N° iter completadas  = 108
1° FO         = 370470.0
FO            = 312168
Centros       = [19, 22, 66, 87, 140, 152, 212, 221, 264, 299, 308, 360, 368, 414, 428]
Objs= Any[370470.0, 363002, 361896, 356955, 352483, 343789, 334850, 334850, 332560, 329784, 328407, 328407, 328407, 326708, 325474, 325227, 325227, 322965, 321807, 321807, 321807, 321406, 317798, 317798, 317798, 317798, 317798, 317442, 317442, 317442, 317442, 317442, 317372, 317372, 317372, 317278, 316157, 316157, 314891, 314810, 314810, 314519, 314519, 314519, 314519, 314519, 314519, 314519, 314519, 314519, 314519, 314519, 314519, 314519, 314519, 314519, 314519, 314519, 314519, 314519, 314519, 314519, 314519, 314447, 314447, 314447, 314447, 314447, 314447, 314386, 314386, 313985, 313835, 313835, 313835, 313835, 313835, 313835, 313835, 313835, 313835, 313582, 313582, 313582, 313582, 313582, 313582, 313582, 313582, 313582, 312168, 312168, 312168, 312168, 312168, 312168, 312168, 312168, 312168, 312168, 312168, 312168, 312168, 312168, 312168, 312168, 312168, 312168, 312168]
current_obj = [363002.0, 361896.0, 356955.0, 352483.0, 343789.0, 334850.0, 335347.0, 332560.0, 329784.0, 328407.0, 328535.0, 328860.0, 326708.0, 325474.0, 325227.0, 326220.0, 322965.0, 321807.0, 321974.0, 323169.0, 321406.0, 317798.0, 318440.0, 321092.0, 318260.0, 319015.0, 317442.0, 318653.0, 318948.0, 318656.0, 320783.0, 317372.0, 318900.0, 317793.0, 317278.0, 316157.0, 316716.0, 314891.0, 314810.0, 315824.0, 314519.0, 317691.0, 316079.0, 317043.0, 316214.0, 315117.0, 318734.0, 316308.0, 314540.0, 315513.0, 315117.0, 315498.0, 315844.0, 314703.0, 315148.0, 316066.0, 319437.0, 314713.0, 317412.0, 315478.0, 316312.0, 316023.0, 314447.0, 317442.0, 316690.0, 317435.0, 314451.0, 317941.0, 314386.0, 318083.0, 313985.0, 313835.0, 317469.0, 315596.0, 315225.0, 316003.0, 315091.0, 314957.0, 317148.0, 316807.0, 313582.0, 314580.0, 313725.0, 314989.0, 313721.0, 314368.0, 313654.0, 318418.0, 314368.0, 312168.0, 312699.0, 313642.0, 315416.0, 313148.0, 317368.0, 315246.0, 313448.0, 315950.0, 315556.0, 312387.0, 313006.0, 314559.0, 313371.0, 312940.0, 313098.0, 314559.0, 316755.0, 314793.0, 314709.0, 0.0, 0.0, 0.0, 0.0, 0.0, 0.0, 0.0, 0.0, 0.0, 0.0, 0.0, 0.0, 0.0, 0.0, 0.0, 0.0, 0.0, 0.0, 0.0, 0.0, 0.0, 0.0, 0.0, 0.0, 0.0, 0.0, 0.0, 0.0, 0.0, 0.0, 0.0, 0.0, 0.0, 0.0, 0.0, 0.0, 0.0, 0.0, 0.0, 0.0, 0.0, 0.0, 0.0, 0.0, 0.0, 0.0, 0.0, 0.0, 0.0, 0.0, 0.0, 0.0, 0.0, 0.0, 0.0, 0.0, 0.0, 0.0, 0.0, 0.0, 0.0, 0.0, 0.0, 0.0, 0.0, 0.0, 0.0, 0.0, 0.0, 0.0, 0.0, 0.0, 0.0, 0.0, 0.0, 0.0, 0.0, 0.0, 0.0, 0.0, 0.0, 0.0, 0.0, 0.0, 0.0, 0.0, 0.0, 0.0, 0.0, 0.0, 0.0, 0.0, 0.0, 0.0, 0.0, 0.0, 0.0, 0.0, 0.0, 0.0, 0.0, 0.0, 0.0, 0.0, 0.0, 0.0, 0.0, 0.0, 0.0, 0.0, 0.0, 0.0, 0.0, 0.0, 0.0, 0.0, 0.0, 0.0, 0.0, 0.0, 0.0, 0.0, 0.0, 0.0, 0.0, 0.0, 0.0, 0.0, 0.0, 0.0, 0.0, 0.0, 0.0, 0.0, 0.0, 0.0, 0.0, 0.0, 0.0, 0.0, 0.0, 0.0, 0.0, 0.0, 0.0, 0.0, 0.0, 0.0, 0.0, 0.0, 0.0, 0.0, 0.0, 0.0, 0.0, 0.0, 0.0, 0.0, 0.0, 0.0, 0.0, 0.0, 0.0, 0.0, 0.0, 0.0, 0.0, 0.0, 0.0, 0.0, 0.0, 0.0, 0.0, 0.0, 0.0, 0.0, 0.0, 0.0, 0.0, 0.0, 0.0, 0.0, 0.0, 0.0, 0.0, 0.0, 0.0, 0.0, 0.0, 0.0, 0.0]
cong_K= Any[1, 3, 3, 1, 1, 3, 2, 1, 1, 1, 1, 1, 2, 1, 1, 3, 1, 1, 1, 1, 1, 1, 2, 1, 1, 1, 1, 2, 2] 
obj_k= Any[363002, 361896, 356955, 352483, 343789, 334850, 332560, 329784, 328407, 326708, 325474, 325227, 322965, 321807, 321406, 317798, 317442, 317372, 317278, 316157, 314891, 314810, 314519, 314447, 314386, 313985, 313835, 313582, 312168] 
iter_obj = Any[1, 2, 3, 4, 5, 6, 8, 9, 10, 13, 14, 15, 17, 18, 21, 22, 27, 32, 35, 36, 38, 39, 41, 63, 69, 71, 72, 81, 90] 
avgClusterDiam = 2501.733333333333 
maxClusterDiam = 3775.0 
clusterDiamete = [2324.0; 2011.0; 3775.0; 2430.0; 2020.0; 2416.0; 3495.0; 2263.0; 2779.0; 3579.0; 1998.0; 3197.0; 2027.0; 1663.0; 1549.0]   
C = [0, 0, 0, 0, 0, 0, 0, 0, 0, 0, 0, 0, 0, 0, 0, 0, 0, 0, 1, 0, 0, 1, 0, 0, 0, 0, 0, 0, 0, 0, 0, 0, 0, 0, 0, 0, 0, 0, 0, 0, 0, 0, 0, 0, 0, 0, 0, 0, 0, 0, 0, 0, 0, 0, 0, 0, 0, 0, 0, 0, 0, 0, 0, 0, 0, 1, 0, 0, 0, 0, 0, 0, 0, 0, 0, 0, 0, 0, 0, 0, 0, 0, 0, 0, 0, 0, 1, 0, 0, 0, 0, 0, 0, 0, 0, 0, 0, 0, 0, 0, 0, 0, 0, 0, 0, 0, 0, 0, 0, 0, 0, 0, 0, 0, 0, 0, 0, 0, 0, 0, 0, 0, 0, 0, 0, 0, 0, 0, 0, 0, 0, 0, 0, 0, 0, 0, 0, 0, 0, 1, 0, 0, 0, 0, 0, 0, 0, 0, 0, 0, 0, 1, 0, 0, 0, 0, 0, 0, 0, 0, 0, 0, 0, 0, 0, 0, 0, 0, 0, 0, 0, 0, 0, 0, 0, 0, 0, 0, 0, 0, 0, 0, 0, 0, 0, 0, 0, 0, 0, 0, 0, 0, 0, 0, 0, 0, 0, 0, 0, 0, 0, 0, 0, 0, 0, 0, 0, 0, 0, 0, 0, 1, 0, 0, 0, 0, 0, 0, 0, 0, 1, 0, 0, 0, 0, 0, 0, 0, 0, 0, 0, 0, 0, 0, 0, 0, 0, 0, 0, 0, 0, 0, 0, 0, 0, 0, 0, 0, 0, 0, 0, 0, 0, 0, 0, 0, 0, 0, 0, 0, 0, 0, 0, 1, 0, 0, 0, 0, 0, 0, 0, 0, 0, 0, 0, 0, 0, 0, 0, 0, 0, 0, 0, 0, 0, 0, 0, 0, 0, 0, 0, 0, 0, 0, 0, 0, 0, 0, 1, 0, 0, 0, 0, 0, 0, 0, 0, 1, 0, 0, 0, 0, 0, 0, 0, 0, 0, 0, 0, 0, 0, 0, 0, 0, 0, 0, 0, 0, 0, 0, 0, 0, 0, 0, 0, 0, 0, 0, 0, 0, 0, 0, 0, 0, 0, 0, 0, 0, 0, 0, 0, 0, 0, 0, 0, 0, 0, 0, 0, 1, 0, 0, 0, 0, 0, 0, 0, 1, 0, 0, 0, 0, 0, 0, 0, 0, 0, 0, 0, 0, 0, 0, 0, 0, 0, 0, 0, 0, 0, 0, 0, 0, 0, 0, 0, 0, 0, 0, 0, 0, 0, 0, 0, 0, 0, 0, 0, 0, 0, 0, 0, 0, 0, 1, 0, 0, 0, 0, 0, 0, 0, 0, 0, 0, 0, 0, 0, 1, 0, 0, 0, 0, 0, 0, 0, 0, 0, 0, 0, 0, 0, 0, 0, 0, 0, 0, 0, 0, 0, 0, 0, 0]
E = [19, 22, 19, 19, 19, 19, 22, 19, 19, 264, 19, 19, 66, 66, 22, 19, 19, 19, 19, 19, 22, 22, 22, 22, 19, 264, 19, 22, 264, 264, 264, 22, 19, 22, 22, 22, 22, 66, 19, 22, 87, 22, 87, 22, 22, 152, 0, 87, 22, 66, 152, 87, 66, 152, 87, 299, 66, 66, 299, 22, 152, 66, 152, 152, 264, 66, 66, 152, 152, 152, 152, 66, 66, 299, 66, 152, 66, 66, 0, 152, 152, 87, 152, 152, 19, 19, 87, 87, 87, 87, 87, 87, 87, 87, 87, 87, 87, 87, 264, 87, 87, 87, 19, 87, 87, 87, 87, 87, 87, 87, 19, 87, 19, 19, 19, 264, 19, 19, 19, 19, 19, 87, 19, 140, 19, 140, 140, 140, 140, 140, 140, 140, 140, 140, 140, 140, 140, 140, 140, 140, 140, 152, 140, 140, 140, 152, 140, 140, 140, 152, 140, 152, 152, 152, 152, 152, 299, 140, 140, 19, 152, 152, 140, 152, 152, 66, 66, 66, 66, 66, 66, 66, 66, 264, 152, 264, 66, 66, 152, 152, 66, 299, 19, 66, 66, 212, 66, 66, 66, 66, 66, 221, 221, 22, 212, 212, 221, 221, 212, 212, 212, 221, 221, 221, 212, 221, 212, 212, 221, 221, 212, 212, 221, 221, 221, 221, 66, 212, 221, 221, 221, 212, 212, 212, 212, 66, 221, 221, 221, 221, 212, 66, 221, 212, 221, 221, 221, 212, 22, 221, 221, 212, 221, 221, 212, 212, 66, 22, 22, 66, 212, 66, 22, 19, 19, 19, 19, 212, 19, 87, 22, 87, 19, 264, 264, 264, 264, 264, 264, 87, 264, 264, 264, 264, 264, 299, 152, 152, 299, 152, 299, 299, 299, 308, 66, 66, 66, 308, 308, 308, 299, 299, 299, 299, 299, 299, 299, 299, 299, 299, 299, 360, 360, 308, 308, 308, 308, 308, 308, 308, 308, 308, 308, 308, 308, 308, 299, 299, 299, 299, 299, 299, 299, 299, 360, 360, 308, 308, 308, 308, 308, 368, 308, 368, 368, 360, 360, 360, 299, 299, 360, 360, 360, 360, 368, 368, 368, 368, 368, 368, 308, 308, 368, 368, 368, 360, 360, 360, 360, 360, 368, 368, 368, 368, 368, 368, 368, 368, 368, 368, 368, 360, 360, 360, 360, 360, 360, 360, 414, 414, 368, 368, 368, 368, 368, 368, 368, 368, 368, 414, 414, 414, 414, 414, 414, 414, 414, 414, 360, 360, 360, 428, 360, 360, 360, 428, 428, 428, 428, 428, 428, 428, 414, 414, 414, 414, 368, 368, 414, 414, 414, 414, 414, 414, 414, 428, 428, 428, 428, 428, 428, 428, 414, 414, 414, 414, 414, 414, 414, 428, 428, 428, 428, 428, 428, 428, 22, 87, 66, 264, 221, 212]
