n° iter       = 600 
neighborhood_structure = [1 2 3] 
Prioridad     = 5 
balance       = 0.5 
Len_N         = 3 
N° clusters   = 15 
N° estaciones = 452 
N° mejoras    = 33
N° iter completadas  = 112
1° FO         = 327382.0
FO            = 271630
Centros       = [20, 28, 72, 84, 87, 141, 176, 215, 218, 298, 308, 358, 368, 414, 428]
Objs= Any[327382.0, 311737, 306680, 304121, 301963, 301856, 299132, 296093, 296093, 296093, 296093, 288556, 288183, 287791, 287166, 285456, 283895, 283895, 283164, 282139, 280290, 280290, 280290, 280290, 280081, 280081, 280081, 280081, 280081, 280081, 279957, 279957, 279957, 278987, 278987, 278987, 278987, 278987, 278987, 278987, 278390, 278390, 278390, 278390, 278390, 277857, 277857, 277253, 277253, 277253, 277112, 277112, 276420, 276420, 276420, 276420, 276420, 276420, 276385, 276385, 276385, 276363, 276363, 276363, 276363, 276363, 276363, 275774, 274712, 274712, 274712, 273674, 273674, 273674, 273674, 272859, 272859, 272859, 272859, 272859, 272859, 272859, 272859, 272859, 272859, 272751, 272751, 272751, 272751, 272751, 272751, 272751, 272751, 272751, 272751, 272751, 272362, 272362, 272362, 272362, 272362, 272362, 271630, 271630, 271630, 271630, 271630, 271630, 271630, 271630, 271630, 271630, 271630]
current_obj = [311737.0, 306680.0, 304121.0, 301963.0, 301856.0, 299132.0, 296093.0, 296388.0, 297300.0, 297199.0, 288556.0, 288183.0, 287791.0, 287166.0, 285456.0, 283895.0, 284782.0, 283164.0, 282139.0, 280290.0, 280552.0, 282040.0, 280883.0, 280081.0, 280357.0, 280477.0, 282010.0, 282373.0, 280287.0, 279957.0, 281060.0, 280418.0, 278987.0, 279309.0, 282663.0, 279932.0, 278999.0, 280101.0, 281290.0, 278390.0, 282688.0, 279489.0, 278551.0, 279270.0, 277857.0, 279741.0, 277253.0, 277370.0, 280031.0, 277112.0, 277426.0, 276420.0, 278717.0, 277201.0, 278106.0, 278243.0, 277154.0, 276385.0, 276548.0, 276697.0, 276363.0, 276579.0, 277892.0, 279304.0, 276698.0, 276770.0, 275774.0, 274712.0, 276314.0, 276132.0, 273674.0, 277234.0, 274893.0, 275197.0, 272859.0, 273811.0, 277421.0, 273274.0, 273453.0, 274689.0, 273274.0, 274142.0, 276709.0, 274037.0, 272751.0, 275175.0, 273348.0, 272947.0, 275877.0, 274613.0, 273031.0, 273157.0, 274036.0, 273938.0, 273053.0, 272362.0, 273124.0, 275543.0, 276202.0, 273765.0, 274849.0, 271630.0, 273910.0, 272284.0, 273735.0, 271874.0, 273149.0, 272556.0, 273441.0, 273044.0, 273789.0, 273471.0, 271775.0, 0.0, 0.0, 0.0, 0.0, 0.0, 0.0, 0.0, 0.0, 0.0, 0.0, 0.0, 0.0, 0.0, 0.0, 0.0, 0.0, 0.0, 0.0, 0.0, 0.0, 0.0, 0.0, 0.0, 0.0, 0.0, 0.0, 0.0, 0.0, 0.0, 0.0, 0.0, 0.0, 0.0, 0.0, 0.0, 0.0, 0.0, 0.0, 0.0, 0.0, 0.0, 0.0, 0.0, 0.0, 0.0, 0.0, 0.0, 0.0, 0.0, 0.0, 0.0, 0.0, 0.0, 0.0, 0.0, 0.0, 0.0, 0.0, 0.0, 0.0, 0.0, 0.0, 0.0, 0.0, 0.0, 0.0, 0.0, 0.0, 0.0, 0.0, 0.0, 0.0, 0.0, 0.0, 0.0, 0.0, 0.0, 0.0, 0.0, 0.0, 0.0, 0.0, 0.0, 0.0, 0.0, 0.0, 0.0, 0.0, 0.0, 0.0, 0.0, 0.0, 0.0, 0.0, 0.0, 0.0, 0.0, 0.0, 0.0, 0.0, 0.0, 0.0, 0.0, 0.0, 0.0, 0.0, 0.0, 0.0, 0.0, 0.0, 0.0, 0.0, 0.0, 0.0, 0.0, 0.0, 0.0, 0.0, 0.0, 0.0, 0.0, 0.0, 0.0, 0.0, 0.0, 0.0, 0.0, 0.0, 0.0, 0.0, 0.0, 0.0, 0.0, 0.0, 0.0, 0.0, 0.0, 0.0, 0.0, 0.0, 0.0, 0.0, 0.0, 0.0, 0.0, 0.0, 0.0, 0.0, 0.0, 0.0, 0.0, 0.0, 0.0, 0.0, 0.0, 0.0, 0.0, 0.0, 0.0, 0.0, 0.0, 0.0, 0.0, 0.0, 0.0, 0.0, 0.0, 0.0, 0.0, 0.0, 0.0, 0.0, 0.0, 0.0, 0.0, 0.0, 0.0, 0.0, 0.0, 0.0, 0.0, 0.0, 0.0, 0.0, 0.0, 0.0, 0.0, 0.0, 0.0, 0.0, 0.0, 0.0, 0.0, 0.0, 0.0, 0.0, 0.0, 0.0, 0.0, 0.0, 0.0, 0.0, 0.0, 0.0, 0.0, 0.0, 0.0, 0.0, 0.0, 0.0, 0.0, 0.0, 0.0, 0.0, 0.0, 0.0, 0.0, 0.0, 0.0, 0.0, 0.0, 0.0, 0.0, 0.0, 0.0, 0.0, 0.0, 0.0, 0.0, 0.0, 0.0, 0.0, 0.0, 0.0, 0.0, 0.0, 0.0, 0.0, 0.0, 0.0, 0.0, 0.0, 0.0, 0.0, 0.0, 0.0, 0.0, 0.0, 0.0, 0.0, 0.0, 0.0, 0.0, 0.0, 0.0, 0.0, 0.0, 0.0, 0.0, 0.0, 0.0, 0.0, 0.0, 0.0, 0.0, 0.0, 0.0, 0.0, 0.0, 0.0, 0.0, 0.0, 0.0, 0.0, 0.0, 0.0, 0.0, 0.0, 0.0, 0.0, 0.0, 0.0, 0.0, 0.0, 0.0, 0.0, 0.0, 0.0, 0.0, 0.0, 0.0, 0.0, 0.0, 0.0, 0.0, 0.0, 0.0, 0.0, 0.0, 0.0, 0.0, 0.0, 0.0, 0.0, 0.0, 0.0, 0.0, 0.0, 0.0, 0.0, 0.0, 0.0, 0.0, 0.0, 0.0, 0.0, 0.0, 0.0, 0.0, 0.0, 0.0, 0.0, 0.0, 0.0, 0.0, 0.0, 0.0, 0.0, 0.0, 0.0, 0.0, 0.0, 0.0, 0.0, 0.0, 0.0, 0.0, 0.0, 0.0, 0.0, 0.0, 0.0, 0.0, 0.0, 0.0, 0.0, 0.0, 0.0, 0.0, 0.0, 0.0, 0.0, 0.0, 0.0, 0.0, 0.0, 0.0, 0.0, 0.0, 0.0, 0.0, 0.0, 0.0, 0.0, 0.0, 0.0, 0.0, 0.0, 0.0, 0.0, 0.0, 0.0, 0.0, 0.0, 0.0, 0.0, 0.0, 0.0, 0.0, 0.0, 0.0, 0.0, 0.0, 0.0, 0.0, 0.0, 0.0, 0.0, 0.0, 0.0, 0.0, 0.0, 0.0, 0.0, 0.0, 0.0, 0.0, 0.0, 0.0, 0.0, 0.0, 0.0, 0.0, 0.0, 0.0, 0.0, 0.0, 0.0, 0.0, 0.0, 0.0, 0.0, 0.0, 0.0, 0.0, 0.0, 0.0, 0.0, 0.0, 0.0, 0.0, 0.0, 0.0, 0.0, 0.0, 0.0, 0.0, 0.0, 0.0, 0.0, 0.0, 0.0, 0.0, 0.0, 0.0, 0.0, 0.0, 0.0, 0.0, 0.0, 0.0, 0.0, 0.0, 0.0, 0.0, 0.0, 0.0, 0.0, 0.0, 0.0, 0.0, 0.0, 0.0, 0.0, 0.0, 0.0, 0.0, 0.0, 0.0, 0.0, 0.0, 0.0, 0.0, 0.0, 0.0, 0.0, 0.0, 0.0, 0.0, 0.0, 0.0, 0.0, 0.0, 0.0, 0.0, 0.0, 0.0, 0.0, 0.0, 0.0, 0.0, 0.0, 0.0, 0.0, 0.0, 0.0, 0.0]
cong_K= Any[3, 2, 1, 2, 1, 2, 2, 3, 1, 1, 2, 2, 3, 1, 1, 1, 1, 1, 1, 1, 1, 1, 1, 2, 2, 1, 2, 1, 1, 1, 1, 1, 1] 
obj_k= Any[311737, 306680, 304121, 301963, 301856, 299132, 296093, 288556, 288183, 287791, 287166, 285456, 283895, 283164, 282139, 280290, 280081, 279957, 278987, 278390, 277857, 277253, 277112, 276420, 276385, 276363, 275774, 274712, 273674, 272859, 272751, 272362, 271630] 
iter_obj = Any[1, 2, 3, 4, 5, 6, 7, 11, 12, 13, 14, 15, 16, 18, 19, 20, 24, 30, 33, 40, 45, 47, 50, 52, 58, 61, 67, 68, 71, 75, 85, 96, 102] 
avgClusterDiam = 1944.8 
maxClusterDiam = 2382.0 
clusterDiamete = [2324.0; 1882.0; 2382.0; 1533.0; 2152.0; 2020.0; 2034.0; 1960.0; 1731.0; 1975.0; 1689.0; 2239.0; 1907.0; 1663.0; 1681.0]   
C = [0, 0, 0, 0, 0, 0, 0, 0, 0, 0, 0, 0, 0, 0, 0, 0, 0, 0, 0, 1, 0, 0, 0, 0, 0, 0, 0, 1, 0, 0, 0, 0, 0, 0, 0, 0, 0, 0, 0, 0, 0, 0, 0, 0, 0, 0, 0, 0, 0, 0, 0, 0, 0, 0, 0, 0, 0, 0, 0, 0, 0, 0, 0, 0, 0, 0, 0, 0, 0, 0, 0, 1, 0, 0, 0, 0, 0, 0, 0, 0, 0, 0, 0, 1, 0, 0, 1, 0, 0, 0, 0, 0, 0, 0, 0, 0, 0, 0, 0, 0, 0, 0, 0, 0, 0, 0, 0, 0, 0, 0, 0, 0, 0, 0, 0, 0, 0, 0, 0, 0, 0, 0, 0, 0, 0, 0, 0, 0, 0, 0, 0, 0, 0, 0, 0, 0, 0, 0, 0, 0, 1, 0, 0, 0, 0, 0, 0, 0, 0, 0, 0, 0, 0, 0, 0, 0, 0, 0, 0, 0, 0, 0, 0, 0, 0, 0, 0, 0, 0, 0, 0, 0, 0, 0, 0, 1, 0, 0, 0, 0, 0, 0, 0, 0, 0, 0, 0, 0, 0, 0, 0, 0, 0, 0, 0, 0, 0, 0, 0, 0, 0, 0, 0, 0, 0, 0, 0, 0, 0, 0, 0, 0, 0, 0, 1, 0, 0, 1, 0, 0, 0, 0, 0, 0, 0, 0, 0, 0, 0, 0, 0, 0, 0, 0, 0, 0, 0, 0, 0, 0, 0, 0, 0, 0, 0, 0, 0, 0, 0, 0, 0, 0, 0, 0, 0, 0, 0, 0, 0, 0, 0, 0, 0, 0, 0, 0, 0, 0, 0, 0, 0, 0, 0, 0, 0, 0, 0, 0, 0, 0, 0, 0, 0, 0, 0, 0, 0, 0, 0, 0, 0, 0, 0, 0, 0, 0, 0, 1, 0, 0, 0, 0, 0, 0, 0, 0, 0, 1, 0, 0, 0, 0, 0, 0, 0, 0, 0, 0, 0, 0, 0, 0, 0, 0, 0, 0, 0, 0, 0, 0, 0, 0, 0, 0, 0, 0, 0, 0, 0, 0, 0, 0, 0, 0, 0, 0, 0, 0, 0, 0, 0, 0, 0, 0, 0, 0, 0, 1, 0, 0, 0, 0, 0, 0, 0, 0, 0, 1, 0, 0, 0, 0, 0, 0, 0, 0, 0, 0, 0, 0, 0, 0, 0, 0, 0, 0, 0, 0, 0, 0, 0, 0, 0, 0, 0, 0, 0, 0, 0, 0, 0, 0, 0, 0, 0, 0, 0, 0, 0, 0, 0, 0, 0, 1, 0, 0, 0, 0, 0, 0, 0, 0, 0, 0, 0, 0, 0, 1, 0, 0, 0, 0, 0, 0, 0, 0, 0, 0, 0, 0, 0, 0, 0, 0, 0, 0, 0, 0, 0, 0, 0, 0]
E = [20, 28, 20, 28, 28, 20, 28, 20, 28, 176, 20, 20, 72, 28, 28, 20, 20, 20, 20, 20, 28, 28, 28, 28, 20, 20, 20, 28, 176, 20, 176, 28, 28, 28, 20, 28, 28, 28, 28, 28, 176, 28, 87, 28, 72, 28, 28, 87, 28, 28, 28, 87, 72, 28, 87, 141, 72, 28, 141, 72, 84, 72, 72, 84, 87, 72, 72, 72, 84, 84, 84, 72, 72, 72, 72, 84, 72, 72, 84, 84, 84, 87, 84, 84, 20, 20, 87, 87, 87, 87, 87, 87, 87, 87, 87, 87, 87, 87, 87, 87, 87, 87, 20, 87, 87, 87, 20, 87, 87, 87, 20, 20, 20, 20, 20, 176, 20, 20, 20, 20, 20, 87, 20, 141, 20, 141, 141, 141, 141, 141, 141, 141, 141, 141, 141, 141, 141, 141, 141, 141, 141, 141, 141, 141, 141, 84, 141, 141, 141, 84, 141, 84, 84, 84, 141, 84, 84, 141, 141, 20, 84, 84, 141, 84, 84, 72, 72, 72, 84, 72, 308, 72, 308, 176, 84, 176, 72, 72, 84, 84, 84, 84, 20, 72, 72, 72, 72, 72, 72, 72, 72, 218, 218, 28, 218, 218, 215, 215, 215, 218, 218, 215, 215, 215, 218, 215, 218, 218, 215, 215, 218, 218, 215, 215, 215, 215, 218, 218, 215, 215, 215, 215, 218, 218, 218, 218, 215, 215, 215, 215, 218, 218, 215, 218, 215, 215, 215, 215, 218, 215, 215, 215, 215, 215, 218, 218, 218, 28, 28, 218, 28, 28, 28, 20, 20, 20, 20, 28, 20, 87, 28, 87, 20, 176, 176, 176, 176, 176, 176, 176, 176, 176, 176, 176, 176, 298, 298, 298, 298, 298, 298, 298, 298, 308, 308, 308, 308, 308, 308, 298, 298, 298, 298, 298, 298, 298, 298, 298, 298, 298, 298, 298, 308, 308, 308, 308, 308, 308, 308, 308, 308, 308, 308, 308, 308, 298, 298, 298, 298, 298, 298, 298, 298, 358, 358, 308, 308, 308, 308, 308, 308, 368, 308, 368, 358, 358, 358, 358, 358, 358, 358, 358, 358, 358, 368, 358, 368, 368, 368, 368, 368, 368, 368, 368, 368, 358, 358, 358, 358, 358, 368, 368, 368, 368, 368, 368, 368, 368, 368, 368, 368, 358, 358, 358, 358, 358, 358, 358, 414, 414, 368, 368, 368, 368, 368, 368, 368, 368, 368, 414, 414, 414, 414, 414, 414, 414, 414, 414, 358, 358, 358, 428, 428, 358, 428, 428, 428, 428, 428, 428, 428, 428, 414, 414, 414, 414, 368, 368, 414, 414, 414, 414, 414, 414, 414, 428, 428, 428, 428, 428, 428, 428, 414, 414, 414, 414, 414, 414, 414, 428, 428, 428, 428, 428, 428, 428, 28, 87, 28, 176, 215, 218]
