n° iter       = 300 
neighborhood_structure = [3] 
Prioridad     = 5 
balance       = 0.5 
Len_N         = 9 
N° clusters   = 15 
N° estaciones = 452 
N° mejoras    = 14
N° iter completadas  = 88
1° FO         = 329687.0
FO            = 277873
Centros       = [19, 28, 55, 78, 139, 157, 214, 224, 275, 307, 319, 353, 360, 416, 426]
Objs= Any[329687.0, 306687, 299591, 299591, 299591, 292883, 292883, 292833, 291746, 291746, 291746, 290520, 286115, 286115, 286115, 284150, 283994, 283994, 283994, 283994, 283994, 282363, 282363, 282363, 282363, 282363, 282363, 282363, 282363, 282363, 282363, 282363, 282363, 282363, 282363, 282363, 282363, 282363, 280754, 280754, 280754, 280754, 280754, 280754, 279995, 279995, 279995, 279995, 279045, 279045, 279045, 279045, 279045, 279045, 279045, 277873, 277873, 277873, 277873, 277873, 277873, 277873, 277873, 277873, 277873, 277873, 277873, 277873, 277873, 277873, 277873, 277873, 277873, 277873, 277873, 277873, 277873, 277873, 277873, 277873, 277873, 277873, 277873, 277873, 277873, 277873, 277873, 277873, 277873]
current_obj = [306687.0, 299591.0, 300545.0, 300436.0, 292883.0, 294902.0, 292833.0, 291746.0, 295716.0, 293577.0, 290520.0, 286115.0, 286195.0, 288639.0, 284150.0, 283994.0, 284607.0, 286675.0, 286855.0, 289422.0, 282363.0, 284984.0, 290515.0, 285663.0, 286026.0, 283546.0, 283496.0, 289161.0, 282886.0, 283138.0, 286719.0, 285987.0, 283441.0, 287482.0, 288856.0, 287348.0, 289225.0, 280754.0, 284162.0, 285573.0, 285176.0, 287449.0, 281598.0, 279995.0, 281790.0, 285329.0, 287841.0, 279045.0, 282227.0, 280527.0, 282313.0, 284079.0, 284954.0, 280614.0, 277873.0, 283619.0, 280588.0, 279747.0, 287252.0, 282594.0, 278929.0, 283159.0, 279717.0, 284459.0, 278192.0, 278907.0, 284149.0, 278082.0, 284600.0, 285751.0, 285504.0, 282131.0, 279786.0, 280870.0, 279119.0, 281271.0, 285957.0, 281229.0, 280113.0, 282202.0, 280858.0, 281116.0, 283199.0, 283093.0, 279865.0, 282741.0, 282033.0, 278066.0, 281783.0, 0.0, 0.0, 0.0, 0.0, 0.0, 0.0, 0.0, 0.0, 0.0, 0.0, 0.0, 0.0, 0.0, 0.0, 0.0, 0.0, 0.0, 0.0, 0.0, 0.0, 0.0, 0.0, 0.0, 0.0, 0.0, 0.0, 0.0, 0.0, 0.0, 0.0, 0.0, 0.0, 0.0, 0.0, 0.0, 0.0, 0.0, 0.0, 0.0, 0.0, 0.0, 0.0, 0.0, 0.0, 0.0, 0.0, 0.0, 0.0, 0.0, 0.0, 0.0, 0.0, 0.0, 0.0, 0.0, 0.0, 0.0, 0.0, 0.0, 0.0, 0.0, 0.0, 0.0, 0.0, 0.0, 0.0, 0.0, 0.0, 0.0, 0.0, 0.0, 0.0, 0.0, 0.0, 0.0, 0.0, 0.0, 0.0, 0.0, 0.0, 0.0, 0.0, 0.0, 0.0, 0.0, 0.0, 0.0, 0.0, 0.0, 0.0, 0.0, 0.0, 0.0, 0.0, 0.0, 0.0, 0.0, 0.0, 0.0, 0.0, 0.0, 0.0, 0.0, 0.0, 0.0, 0.0, 0.0, 0.0, 0.0, 0.0, 0.0, 0.0, 0.0, 0.0, 0.0, 0.0, 0.0, 0.0, 0.0, 0.0, 0.0, 0.0, 0.0, 0.0, 0.0, 0.0, 0.0, 0.0, 0.0, 0.0, 0.0, 0.0, 0.0, 0.0, 0.0, 0.0, 0.0, 0.0, 0.0, 0.0, 0.0, 0.0, 0.0, 0.0, 0.0, 0.0, 0.0, 0.0, 0.0, 0.0, 0.0, 0.0, 0.0, 0.0, 0.0, 0.0, 0.0, 0.0, 0.0, 0.0, 0.0, 0.0, 0.0, 0.0, 0.0, 0.0, 0.0, 0.0, 0.0, 0.0, 0.0, 0.0, 0.0, 0.0, 0.0, 0.0, 0.0, 0.0, 0.0, 0.0, 0.0, 0.0, 0.0, 0.0, 0.0, 0.0, 0.0, 0.0, 0.0, 0.0, 0.0, 0.0, 0.0, 0.0, 0.0, 0.0, 0.0, 0.0, 0.0, 0.0, 0.0, 0.0, 0.0, 0.0, 0.0, 0.0, 0.0, 0.0, 0.0, 0.0, 0.0]
cong_K= Any[3, 3, 3, 3, 3, 3, 3, 3, 3, 3, 3, 3, 3, 3] 
obj_k= Any[306687, 299591, 292883, 292833, 291746, 290520, 286115, 284150, 283994, 282363, 280754, 279995, 279045, 277873] 
iter_obj = Any[1, 2, 5, 7, 8, 11, 12, 15, 16, 21, 38, 44, 48, 55] 
avgClusterDiam = 1974.5333333333333 
maxClusterDiam = 2478.0 
clusterDiamete = [2324.0; 1995.0; 1982.0; 2087.0; 2478.0; 1936.0; 1944.0; 1731.0; 2034.0; 1761.0; 1934.0; 1563.0; 2239.0; 1688.0; 1922.0]   
C = [0, 0, 0, 0, 0, 0, 0, 0, 0, 0, 0, 0, 0, 0, 0, 0, 0, 0, 1, 0, 0, 0, 0, 0, 0, 0, 0, 1, 0, 0, 0, 0, 0, 0, 0, 0, 0, 0, 0, 0, 0, 0, 0, 0, 0, 0, 0, 0, 0, 0, 0, 0, 0, 0, 1, 0, 0, 0, 0, 0, 0, 0, 0, 0, 0, 0, 0, 0, 0, 0, 0, 0, 0, 0, 0, 0, 0, 1, 0, 0, 0, 0, 0, 0, 0, 0, 0, 0, 0, 0, 0, 0, 0, 0, 0, 0, 0, 0, 0, 0, 0, 0, 0, 0, 0, 0, 0, 0, 0, 0, 0, 0, 0, 0, 0, 0, 0, 0, 0, 0, 0, 0, 0, 0, 0, 0, 0, 0, 0, 0, 0, 0, 0, 0, 0, 0, 0, 0, 1, 0, 0, 0, 0, 0, 0, 0, 0, 0, 0, 0, 0, 0, 0, 0, 0, 0, 1, 0, 0, 0, 0, 0, 0, 0, 0, 0, 0, 0, 0, 0, 0, 0, 0, 0, 0, 0, 0, 0, 0, 0, 0, 0, 0, 0, 0, 0, 0, 0, 0, 0, 0, 0, 0, 0, 0, 0, 0, 0, 0, 0, 0, 0, 0, 0, 0, 0, 0, 0, 0, 0, 0, 0, 0, 1, 0, 0, 0, 0, 0, 0, 0, 0, 0, 1, 0, 0, 0, 0, 0, 0, 0, 0, 0, 0, 0, 0, 0, 0, 0, 0, 0, 0, 0, 0, 0, 0, 0, 0, 0, 0, 0, 0, 0, 0, 0, 0, 0, 0, 0, 0, 0, 0, 0, 0, 0, 0, 0, 0, 0, 0, 0, 0, 0, 0, 1, 0, 0, 0, 0, 0, 0, 0, 0, 0, 0, 0, 0, 0, 0, 0, 0, 0, 0, 0, 0, 0, 0, 0, 0, 0, 0, 0, 0, 0, 0, 0, 1, 0, 0, 0, 0, 0, 0, 0, 0, 0, 0, 0, 1, 0, 0, 0, 0, 0, 0, 0, 0, 0, 0, 0, 0, 0, 0, 0, 0, 0, 0, 0, 0, 0, 0, 0, 0, 0, 0, 0, 0, 0, 0, 0, 0, 0, 1, 0, 0, 0, 0, 0, 0, 1, 0, 0, 0, 0, 0, 0, 0, 0, 0, 0, 0, 0, 0, 0, 0, 0, 0, 0, 0, 0, 0, 0, 0, 0, 0, 0, 0, 0, 0, 0, 0, 0, 0, 0, 0, 0, 0, 0, 0, 0, 0, 0, 0, 0, 0, 0, 0, 0, 0, 0, 0, 0, 0, 0, 0, 1, 0, 0, 0, 0, 0, 0, 0, 0, 0, 1, 0, 0, 0, 0, 0, 0, 0, 0, 0, 0, 0, 0, 0, 0, 0, 0, 0, 0, 0, 0, 0, 0, 0, 0, 0, 0]
E = [19, 28, 19, 28, 28, 19, 28, 19, 28, 275, 19, 19, 28, 28, 28, 19, 19, 19, 19, 19, 28, 28, 28, 19, 139, 275, 19, 28, 275, 19, 275, 28, 28, 19, 19, 28, 28, 28, 28, 139, 275, 28, 55, 28, 139, 28, 139, 55, 28, 28, 139, 55, 78, 78, 55, 139, 78, 28, 157, 28, 157, 78, 78, 139, 55, 78, 78, 78, 157, 157, 157, 78, 78, 78, 78, 157, 78, 78, 78, 78, 157, 55, 78, 157, 19, 19, 55, 55, 55, 55, 55, 55, 55, 55, 55, 55, 55, 55, 55, 55, 55, 55, 19, 55, 55, 55, 19, 19, 55, 55, 19, 19, 19, 19, 19, 275, 19, 19, 19, 19, 19, 55, 19, 139, 19, 139, 19, 139, 139, 139, 139, 139, 139, 139, 139, 139, 139, 139, 139, 139, 139, 139, 139, 139, 139, 157, 139, 139, 139, 157, 139, 157, 157, 157, 157, 157, 157, 139, 139, 19, 157, 157, 157, 157, 157, 78, 78, 78, 78, 78, 78, 78, 78, 275, 307, 275, 78, 78, 157, 157, 78, 157, 19, 78, 78, 78, 78, 78, 78, 78, 78, 224, 224, 28, 224, 224, 214, 214, 214, 224, 224, 214, 214, 214, 224, 214, 224, 224, 214, 214, 224, 224, 214, 214, 214, 214, 224, 224, 214, 214, 214, 224, 224, 224, 224, 224, 214, 214, 214, 214, 224, 224, 214, 224, 214, 214, 214, 224, 224, 214, 214, 214, 214, 214, 224, 224, 224, 28, 28, 224, 28, 28, 28, 275, 19, 19, 19, 28, 275, 55, 28, 55, 19, 275, 275, 275, 275, 275, 275, 275, 275, 275, 275, 275, 275, 157, 157, 157, 157, 157, 319, 319, 319, 307, 307, 307, 307, 307, 307, 319, 307, 319, 319, 319, 319, 319, 319, 319, 319, 319, 307, 319, 307, 307, 307, 307, 307, 307, 307, 307, 307, 307, 307, 307, 307, 319, 319, 319, 319, 319, 319, 319, 319, 319, 319, 307, 307, 307, 307, 307, 353, 353, 353, 353, 360, 360, 319, 360, 319, 319, 360, 360, 360, 360, 353, 353, 353, 353, 353, 353, 353, 353, 353, 353, 353, 360, 360, 360, 360, 360, 353, 353, 353, 353, 353, 353, 353, 353, 353, 353, 353, 360, 360, 360, 360, 360, 360, 360, 416, 416, 416, 416, 416, 416, 416, 416, 416, 416, 416, 416, 416, 416, 416, 416, 416, 416, 360, 426, 426, 426, 360, 426, 426, 360, 426, 426, 426, 426, 426, 426, 426, 426, 416, 416, 416, 416, 416, 416, 416, 416, 416, 416, 416, 426, 426, 426, 426, 426, 426, 426, 426, 426, 426, 426, 426, 416, 416, 416, 426, 426, 426, 426, 426, 426, 426, 426, 28, 55, 28, 275, 214, 224]
