n° iter       = 300 
neighborhood_structure = [1] 
Prioridad     = 5 
balance       = 0.5 
Len_N         = 3 
N° clusters   = 15 
N° estaciones = 452 
N° mejoras    = 29
N° iter completadas  = 103
1° FO         = 323870.0
FO            = 270772
Centros       = [12, 21, 72, 87, 131, 152, 212, 221, 264, 298, 305, 350, 360, 416, 428]
Objs= Any[323870.0, 314529, 310521, 310521, 310521, 308057, 307606, 307606, 307606, 303921, 303561, 302928, 299404, 299404, 290637, 290637, 288819, 288819, 288819, 288819, 288819, 288808, 287691, 286529, 286529, 286529, 286529, 286529, 284247, 284247, 284247, 284247, 283127, 283127, 283127, 283127, 283127, 283034, 282385, 280989, 280989, 278495, 278495, 278495, 276954, 276954, 276954, 276886, 276886, 276503, 276503, 276029, 276029, 276029, 276029, 276029, 276029, 276029, 276029, 276029, 274261, 274261, 274261, 274261, 274261, 274261, 274261, 274261, 274261, 273954, 273954, 273954, 273954, 273954, 273954, 273954, 273954, 273954, 273954, 273954, 273403, 273403, 273403, 273403, 273403, 273403, 273403, 273403, 273403, 272622, 272622, 272622, 271621, 271621, 271621, 271621, 271621, 271621, 271621, 271621, 271621, 271621, 271621, 270772]
current_obj = [314529.0, 310521.0, 310663.0, 312347.0, 308057.0, 307606.0, 308072.0, 308467.0, 303921.0, 303561.0, 302928.0, 299404.0, 303778.0, 290637.0, 291119.0, 288819.0, 292858.0, 290183.0, 291724.0, 289317.0, 288808.0, 287691.0, 286529.0, 288075.0, 288415.0, 286743.0, 288283.0, 284247.0, 288122.0, 285539.0, 284907.0, 283127.0, 283536.0, 283203.0, 283203.0, 286005.0, 283034.0, 282385.0, 280989.0, 282039.0, 278495.0, 279261.0, 278738.0, 276954.0, 277603.0, 278535.0, 276886.0, 277190.0, 276503.0, 278558.0, 276029.0, 279894.0, 280557.0, 276960.0, 277866.0, 277266.0, 277681.0, 283254.0, 278590.0, 274261.0, 277827.0, 275942.0, 276184.0, 275935.0, 275332.0, 276956.0, 275023.0, 276634.0, 273954.0, 274093.0, 274887.0, 275312.0, 274548.0, 274140.0, 277724.0, 279767.0, 274025.0, 278200.0, 274690.0, 273403.0, 277202.0, 273636.0, 273811.0, 279703.0, 277308.0, 274813.0, 275844.0, 277046.0, 272622.0, 275410.0, 275226.0, 271621.0, 273761.0, 274279.0, 273332.0, 275526.0, 271862.0, 272055.0, 273126.0, 271862.0, 275303.0, 276603.0, 270772.0, 274402.0, 0.0, 0.0, 0.0, 0.0, 0.0, 0.0, 0.0, 0.0, 0.0, 0.0, 0.0, 0.0, 0.0, 0.0, 0.0, 0.0, 0.0, 0.0, 0.0, 0.0, 0.0, 0.0, 0.0, 0.0, 0.0, 0.0, 0.0, 0.0, 0.0, 0.0, 0.0, 0.0, 0.0, 0.0, 0.0, 0.0, 0.0, 0.0, 0.0, 0.0, 0.0, 0.0, 0.0, 0.0, 0.0, 0.0, 0.0, 0.0, 0.0, 0.0, 0.0, 0.0, 0.0, 0.0, 0.0, 0.0, 0.0, 0.0, 0.0, 0.0, 0.0, 0.0, 0.0, 0.0, 0.0, 0.0, 0.0, 0.0, 0.0, 0.0, 0.0, 0.0, 0.0, 0.0, 0.0, 0.0, 0.0, 0.0, 0.0, 0.0, 0.0, 0.0, 0.0, 0.0, 0.0, 0.0, 0.0, 0.0, 0.0, 0.0, 0.0, 0.0, 0.0, 0.0, 0.0, 0.0, 0.0, 0.0, 0.0, 0.0, 0.0, 0.0, 0.0, 0.0, 0.0, 0.0, 0.0, 0.0, 0.0, 0.0, 0.0, 0.0, 0.0, 0.0, 0.0, 0.0, 0.0, 0.0, 0.0, 0.0, 0.0, 0.0, 0.0, 0.0, 0.0, 0.0, 0.0, 0.0, 0.0, 0.0, 0.0, 0.0, 0.0, 0.0, 0.0, 0.0, 0.0, 0.0, 0.0, 0.0, 0.0, 0.0, 0.0, 0.0, 0.0, 0.0, 0.0, 0.0, 0.0, 0.0, 0.0, 0.0, 0.0, 0.0, 0.0, 0.0, 0.0, 0.0, 0.0, 0.0, 0.0, 0.0, 0.0, 0.0, 0.0, 0.0, 0.0, 0.0, 0.0, 0.0, 0.0, 0.0, 0.0, 0.0, 0.0, 0.0, 0.0, 0.0, 0.0, 0.0, 0.0, 0.0, 0.0, 0.0, 0.0, 0.0, 0.0, 0.0, 0.0, 0.0, 0.0, 0.0, 0.0, 0.0, 0.0, 0.0]
cong_K= Any[1, 1, 1, 1, 1, 1, 1, 1, 1, 1, 1, 1, 1, 1, 1, 1, 1, 1, 1, 1, 1, 1, 1, 1, 1, 1, 1, 1, 1] 
obj_k= Any[314529, 310521, 308057, 307606, 303921, 303561, 302928, 299404, 290637, 288819, 288808, 287691, 286529, 284247, 283127, 283034, 282385, 280989, 278495, 276954, 276886, 276503, 276029, 274261, 273954, 273403, 272622, 271621, 270772] 
iter_obj = Any[1, 2, 5, 6, 9, 10, 11, 12, 14, 16, 21, 22, 23, 28, 32, 37, 38, 39, 41, 44, 47, 49, 51, 60, 69, 80, 89, 92, 103] 
avgClusterDiam = 2032.8666666666666 
maxClusterDiam = 2416.0 
clusterDiamete = [1941.0; 1995.0; 2087.0; 2191.0; 2321.0; 1986.0; 1971.0; 2263.0; 2034.0; 2416.0; 1680.0; 1563.0; 2239.0; 2068.0; 1738.0]   
C = [0, 0, 0, 0, 0, 0, 0, 0, 0, 0, 0, 1, 0, 0, 0, 0, 0, 0, 0, 0, 1, 0, 0, 0, 0, 0, 0, 0, 0, 0, 0, 0, 0, 0, 0, 0, 0, 0, 0, 0, 0, 0, 0, 0, 0, 0, 0, 0, 0, 0, 0, 0, 0, 0, 0, 0, 0, 0, 0, 0, 0, 0, 0, 0, 0, 0, 0, 0, 0, 0, 0, 1, 0, 0, 0, 0, 0, 0, 0, 0, 0, 0, 0, 0, 0, 0, 1, 0, 0, 0, 0, 0, 0, 0, 0, 0, 0, 0, 0, 0, 0, 0, 0, 0, 0, 0, 0, 0, 0, 0, 0, 0, 0, 0, 0, 0, 0, 0, 0, 0, 0, 0, 0, 0, 0, 0, 0, 0, 0, 0, 1, 0, 0, 0, 0, 0, 0, 0, 0, 0, 0, 0, 0, 0, 0, 0, 0, 0, 0, 0, 0, 1, 0, 0, 0, 0, 0, 0, 0, 0, 0, 0, 0, 0, 0, 0, 0, 0, 0, 0, 0, 0, 0, 0, 0, 0, 0, 0, 0, 0, 0, 0, 0, 0, 0, 0, 0, 0, 0, 0, 0, 0, 0, 0, 0, 0, 0, 0, 0, 0, 0, 0, 0, 0, 0, 0, 0, 0, 0, 0, 0, 1, 0, 0, 0, 0, 0, 0, 0, 0, 1, 0, 0, 0, 0, 0, 0, 0, 0, 0, 0, 0, 0, 0, 0, 0, 0, 0, 0, 0, 0, 0, 0, 0, 0, 0, 0, 0, 0, 0, 0, 0, 0, 0, 0, 0, 0, 0, 0, 0, 0, 0, 0, 1, 0, 0, 0, 0, 0, 0, 0, 0, 0, 0, 0, 0, 0, 0, 0, 0, 0, 0, 0, 0, 0, 0, 0, 0, 0, 0, 0, 0, 0, 0, 0, 0, 0, 1, 0, 0, 0, 0, 0, 0, 1, 0, 0, 0, 0, 0, 0, 0, 0, 0, 0, 0, 0, 0, 0, 0, 0, 0, 0, 0, 0, 0, 0, 0, 0, 0, 0, 0, 0, 0, 0, 0, 0, 0, 0, 0, 0, 0, 0, 0, 0, 0, 0, 0, 0, 1, 0, 0, 0, 0, 0, 0, 0, 0, 0, 1, 0, 0, 0, 0, 0, 0, 0, 0, 0, 0, 0, 0, 0, 0, 0, 0, 0, 0, 0, 0, 0, 0, 0, 0, 0, 0, 0, 0, 0, 0, 0, 0, 0, 0, 0, 0, 0, 0, 0, 0, 0, 0, 0, 0, 0, 0, 0, 0, 0, 0, 0, 0, 0, 0, 0, 1, 0, 0, 0, 0, 0, 0, 0, 0, 0, 0, 0, 1, 0, 0, 0, 0, 0, 0, 0, 0, 0, 0, 0, 0, 0, 0, 0, 0, 0, 0, 0, 0, 0, 0, 0, 0]
E = [12, 21, 12, 21, 12, 12, 21, 12, 21, 264, 12, 12, 21, 21, 21, 12, 12, 12, 12, 12, 21, 21, 21, 12, 131, 264, 12, 21, 264, 12, 264, 21, 131, 131, 131, 21, 21, 21, 131, 131, 264, 131, 87, 21, 131, 21, 131, 87, 21, 21, 131, 87, 72, 72, 87, 131, 72, 152, 152, 21, 152, 72, 72, 152, 87, 72, 72, 72, 152, 152, 152, 72, 72, 72, 72, 152, 72, 72, 72, 152, 152, 87, 152, 152, 12, 12, 87, 87, 87, 87, 87, 87, 87, 87, 87, 87, 87, 87, 87, 87, 87, 87, 12, 87, 87, 87, 87, 87, 87, 87, 12, 264, 12, 12, 12, 264, 12, 12, 12, 131, 131, 87, 131, 131, 131, 131, 131, 131, 131, 131, 131, 131, 131, 131, 131, 131, 131, 131, 131, 131, 131, 152, 131, 131, 131, 152, 131, 131, 131, 152, 152, 152, 152, 152, 152, 152, 152, 152, 152, 12, 152, 152, 152, 152, 152, 72, 72, 72, 72, 72, 305, 72, 305, 264, 305, 264, 72, 72, 152, 152, 72, 298, 12, 72, 72, 72, 72, 72, 72, 72, 72, 212, 221, 21, 212, 212, 221, 221, 221, 212, 212, 221, 221, 212, 212, 221, 212, 212, 221, 221, 212, 212, 221, 221, 221, 221, 212, 212, 221, 221, 221, 221, 212, 212, 212, 212, 221, 221, 221, 221, 212, 212, 221, 212, 221, 221, 221, 221, 212, 221, 221, 221, 221, 212, 212, 212, 212, 21, 21, 21, 21, 21, 21, 12, 12, 12, 12, 21, 264, 87, 21, 87, 12, 264, 264, 264, 264, 264, 264, 264, 264, 264, 264, 264, 264, 298, 298, 298, 298, 298, 298, 298, 298, 305, 305, 305, 305, 305, 305, 305, 305, 298, 298, 298, 298, 298, 298, 298, 298, 298, 305, 298, 305, 305, 305, 305, 305, 305, 305, 305, 305, 305, 305, 305, 305, 305, 298, 298, 298, 298, 298, 298, 298, 298, 298, 298, 350, 305, 350, 350, 350, 350, 350, 350, 360, 360, 360, 360, 360, 360, 360, 360, 360, 360, 350, 360, 350, 350, 350, 350, 350, 350, 350, 350, 350, 360, 360, 360, 360, 360, 350, 350, 350, 350, 350, 350, 350, 350, 350, 350, 416, 360, 360, 360, 360, 360, 360, 360, 416, 416, 416, 416, 416, 416, 416, 416, 416, 416, 416, 416, 416, 416, 416, 416, 416, 416, 360, 428, 360, 360, 360, 428, 428, 360, 428, 428, 428, 428, 428, 428, 428, 428, 416, 416, 416, 416, 416, 416, 416, 416, 416, 416, 416, 416, 428, 428, 428, 428, 428, 428, 428, 428, 416, 416, 416, 416, 416, 416, 416, 428, 428, 428, 428, 428, 428, 428, 21, 87, 21, 264, 221, 212]
