n° iter       = 300 
neighborhood_structure = [2] 
Prioridad     = 5 
balance       = 0.5 
Len_N         = 1 
N° clusters   = 15 
N° estaciones = 452 
N° mejoras    = 15
N° iter completadas  = 89
1° FO         = 346777.0
FO            = 284710
Centros       = [19, 24, 66, 88, 134, 154, 225, 274, 289, 298, 354, 360, 410, 415, 451]
Objs= Any[346777.0, 333760, 330549, 330549, 330545, 314023, 314023, 314023, 314023, 314023, 314023, 314023, 314023, 310528, 310359, 310359, 309367, 309367, 309367, 304919, 304919, 299346, 299346, 299086, 299086, 291183, 287982, 287982, 287982, 287982, 287982, 287982, 287982, 287982, 287982, 287982, 287982, 287982, 287982, 287982, 287982, 284957, 284957, 284957, 284957, 284957, 284957, 284957, 284957, 284957, 284957, 284808, 284808, 284808, 284808, 284808, 284808, 284808, 284808, 284808, 284808, 284808, 284808, 284808, 284808, 284808, 284808, 284808, 284808, 284808, 284808, 284808, 284710, 284710, 284710, 284710, 284710, 284710, 284710, 284710, 284710, 284710, 284710, 284710, 284710, 284710, 284710, 284710, 284710, 284710]
current_obj = [333760.0, 330549.0, 334553.0, 330545.0, 314023.0, 326486.0, 322385.0, 315737.0, 319899.0, 317452.0, 319263.0, 318304.0, 310528.0, 310359.0, 312767.0, 309367.0, 314125.0, 317552.0, 304919.0, 315703.0, 299346.0, 303442.0, 299086.0, 302776.0, 291183.0, 287982.0, 291350.0, 291685.0, 301878.0, 299450.0, 293279.0, 293770.0, 291275.0, 291791.0, 295430.0, 289732.0, 294868.0, 294168.0, 290014.0, 288276.0, 284957.0, 293365.0, 295288.0, 296760.0, 289768.0, 297685.0, 287199.0, 285881.0, 287922.0, 291463.0, 284808.0, 291012.0, 293308.0, 288142.0, 289766.0, 294466.0, 291136.0, 290040.0, 298721.0, 299209.0, 287921.0, 291779.0, 294366.0, 295666.0, 289005.0, 287325.0, 287650.0, 294079.0, 294647.0, 286121.0, 306149.0, 284710.0, 288728.0, 296602.0, 298252.0, 292855.0, 288588.0, 287370.0, 291807.0, 290431.0, 289275.0, 294621.0, 290819.0, 296747.0, 293010.0, 301885.0, 295549.0, 298095.0, 298468.0, 288494.0, 0.0, 0.0, 0.0, 0.0, 0.0, 0.0, 0.0, 0.0, 0.0, 0.0, 0.0, 0.0, 0.0, 0.0, 0.0, 0.0, 0.0, 0.0, 0.0, 0.0, 0.0, 0.0, 0.0, 0.0, 0.0, 0.0, 0.0, 0.0, 0.0, 0.0, 0.0, 0.0, 0.0, 0.0, 0.0, 0.0, 0.0, 0.0, 0.0, 0.0, 0.0, 0.0, 0.0, 0.0, 0.0, 0.0, 0.0, 0.0, 0.0, 0.0, 0.0, 0.0, 0.0, 0.0, 0.0, 0.0, 0.0, 0.0, 0.0, 0.0, 0.0, 0.0, 0.0, 0.0, 0.0, 0.0, 0.0, 0.0, 0.0, 0.0, 0.0, 0.0, 0.0, 0.0, 0.0, 0.0, 0.0, 0.0, 0.0, 0.0, 0.0, 0.0, 0.0, 0.0, 0.0, 0.0, 0.0, 0.0, 0.0, 0.0, 0.0, 0.0, 0.0, 0.0, 0.0, 0.0, 0.0, 0.0, 0.0, 0.0, 0.0, 0.0, 0.0, 0.0, 0.0, 0.0, 0.0, 0.0, 0.0, 0.0, 0.0, 0.0, 0.0, 0.0, 0.0, 0.0, 0.0, 0.0, 0.0, 0.0, 0.0, 0.0, 0.0, 0.0, 0.0, 0.0, 0.0, 0.0, 0.0, 0.0, 0.0, 0.0, 0.0, 0.0, 0.0, 0.0, 0.0, 0.0, 0.0, 0.0, 0.0, 0.0, 0.0, 0.0, 0.0, 0.0, 0.0, 0.0, 0.0, 0.0, 0.0, 0.0, 0.0, 0.0, 0.0, 0.0, 0.0, 0.0, 0.0, 0.0, 0.0, 0.0, 0.0, 0.0, 0.0, 0.0, 0.0, 0.0, 0.0, 0.0, 0.0, 0.0, 0.0, 0.0, 0.0, 0.0, 0.0, 0.0, 0.0, 0.0, 0.0, 0.0, 0.0, 0.0, 0.0, 0.0, 0.0, 0.0, 0.0, 0.0, 0.0, 0.0, 0.0, 0.0, 0.0, 0.0, 0.0, 0.0, 0.0, 0.0, 0.0, 0.0, 0.0, 0.0, 0.0, 0.0, 0.0, 0.0, 0.0, 0.0]
cong_K= Any[2, 2, 2, 2, 2, 2, 2, 2, 2, 2, 2, 2, 2, 2, 2] 
obj_k= Any[333760, 330549, 330545, 314023, 310528, 310359, 309367, 304919, 299346, 299086, 291183, 287982, 284957, 284808, 284710] 
iter_obj = Any[1, 2, 4, 5, 13, 14, 16, 19, 21, 23, 25, 26, 41, 51, 72] 
avgClusterDiam = 2114.5333333333333 
maxClusterDiam = 2562.0 
clusterDiamete = [2293.0; 1559.0; 2382.0; 1982.0; 1902.0; 1958.0; 2562.0; 2065.0; 1957.0; 2452.0; 2050.0; 2487.0; 1738.0; 2068.0; 2263.0]   
C = [0, 0, 0, 0, 0, 0, 0, 0, 0, 0, 0, 0, 0, 0, 0, 0, 0, 0, 1, 0, 0, 0, 0, 1, 0, 0, 0, 0, 0, 0, 0, 0, 0, 0, 0, 0, 0, 0, 0, 0, 0, 0, 0, 0, 0, 0, 0, 0, 0, 0, 0, 0, 0, 0, 0, 0, 0, 0, 0, 0, 0, 0, 0, 0, 0, 1, 0, 0, 0, 0, 0, 0, 0, 0, 0, 0, 0, 0, 0, 0, 0, 0, 0, 0, 0, 0, 0, 1, 0, 0, 0, 0, 0, 0, 0, 0, 0, 0, 0, 0, 0, 0, 0, 0, 0, 0, 0, 0, 0, 0, 0, 0, 0, 0, 0, 0, 0, 0, 0, 0, 0, 0, 0, 0, 0, 0, 0, 0, 0, 0, 0, 0, 0, 1, 0, 0, 0, 0, 0, 0, 0, 0, 0, 0, 0, 0, 0, 0, 0, 0, 0, 0, 0, 1, 0, 0, 0, 0, 0, 0, 0, 0, 0, 0, 0, 0, 0, 0, 0, 0, 0, 0, 0, 0, 0, 0, 0, 0, 0, 0, 0, 0, 0, 0, 0, 0, 0, 0, 0, 0, 0, 0, 0, 0, 0, 0, 0, 0, 0, 0, 0, 0, 0, 0, 0, 0, 0, 0, 0, 0, 0, 0, 0, 0, 0, 0, 0, 0, 0, 0, 0, 0, 0, 0, 1, 0, 0, 0, 0, 0, 0, 0, 0, 0, 0, 0, 0, 0, 0, 0, 0, 0, 0, 0, 0, 0, 0, 0, 0, 0, 0, 0, 0, 0, 0, 0, 0, 0, 0, 0, 0, 0, 0, 0, 0, 0, 0, 0, 0, 0, 0, 0, 0, 1, 0, 0, 0, 0, 0, 0, 0, 0, 0, 0, 0, 0, 0, 0, 1, 0, 0, 0, 0, 0, 0, 0, 0, 1, 0, 0, 0, 0, 0, 0, 0, 0, 0, 0, 0, 0, 0, 0, 0, 0, 0, 0, 0, 0, 0, 0, 0, 0, 0, 0, 0, 0, 0, 0, 0, 0, 0, 0, 0, 0, 0, 0, 0, 0, 0, 0, 0, 0, 0, 0, 0, 0, 0, 0, 0, 0, 0, 0, 0, 1, 0, 0, 0, 0, 0, 1, 0, 0, 0, 0, 0, 0, 0, 0, 0, 0, 0, 0, 0, 0, 0, 0, 0, 0, 0, 0, 0, 0, 0, 0, 0, 0, 0, 0, 0, 0, 0, 0, 0, 0, 0, 0, 0, 0, 0, 0, 0, 0, 0, 0, 0, 0, 0, 0, 0, 1, 0, 0, 0, 0, 1, 0, 0, 0, 0, 0, 0, 0, 0, 0, 0, 0, 0, 0, 0, 0, 0, 0, 0, 0, 0, 0, 0, 0, 0, 0, 0, 0, 0, 0, 0, 0, 0, 0, 0, 0, 1, 0]
E = [19, 24, 19, 24, 24, 19, 225, 19, 24, 274, 19, 19, 66, 24, 24, 24, 19, 19, 19, 19, 24, 24, 24, 24, 19, 274, 19, 24, 274, 19, 274, 24, 24, 24, 24, 66, 24, 24, 24, 24, 274, 24, 88, 66, 66, 24, 134, 88, 66, 66, 24, 88, 66, 66, 88, 134, 66, 66, 134, 66, 154, 66, 66, 154, 88, 66, 66, 66, 154, 154, 154, 66, 66, 66, 66, 154, 66, 66, 66, 154, 154, 88, 154, 154, 19, 19, 88, 88, 88, 88, 88, 88, 88, 88, 88, 88, 88, 19, 274, 88, 88, 88, 19, 88, 88, 88, 19, 19, 88, 88, 19, 19, 19, 19, 19, 19, 19, 19, 19, 19, 19, 88, 134, 134, 134, 134, 134, 134, 134, 134, 134, 134, 134, 134, 134, 134, 134, 134, 134, 134, 134, 154, 134, 134, 134, 154, 134, 134, 134, 154, 154, 154, 154, 154, 154, 154, 154, 134, 134, 19, 154, 154, 154, 154, 154, 66, 66, 289, 289, 66, 289, 66, 289, 274, 289, 274, 66, 66, 154, 154, 154, 154, 19, 66, 66, 66, 66, 66, 66, 66, 66, 225, 451, 225, 225, 225, 451, 451, 451, 225, 225, 451, 451, 225, 225, 451, 225, 225, 451, 451, 225, 225, 451, 451, 451, 451, 225, 225, 451, 451, 451, 451, 225, 225, 225, 225, 451, 451, 451, 451, 225, 225, 451, 225, 451, 451, 451, 451, 225, 451, 451, 451, 451, 225, 225, 225, 225, 225, 225, 225, 24, 24, 24, 19, 19, 19, 19, 66, 274, 88, 24, 88, 19, 274, 274, 274, 274, 274, 274, 274, 274, 274, 274, 274, 274, 298, 154, 154, 154, 298, 298, 298, 289, 289, 289, 289, 289, 289, 289, 289, 289, 298, 298, 298, 298, 298, 298, 298, 298, 298, 289, 298, 289, 289, 289, 289, 289, 289, 289, 289, 289, 289, 289, 289, 289, 298, 298, 298, 298, 298, 298, 298, 298, 298, 298, 360, 354, 289, 354, 354, 354, 354, 354, 354, 298, 360, 360, 360, 360, 298, 360, 360, 360, 360, 354, 354, 354, 354, 354, 354, 354, 354, 354, 354, 354, 354, 360, 360, 360, 360, 354, 354, 354, 354, 354, 354, 354, 354, 354, 354, 354, 354, 360, 360, 360, 360, 360, 360, 415, 415, 415, 415, 415, 415, 415, 415, 415, 415, 415, 415, 415, 415, 415, 415, 415, 415, 360, 410, 360, 360, 360, 410, 410, 360, 410, 410, 410, 410, 410, 410, 410, 410, 415, 415, 415, 415, 415, 415, 415, 415, 415, 415, 415, 415, 410, 410, 410, 410, 410, 410, 410, 410, 415, 415, 415, 415, 415, 415, 415, 410, 410, 410, 410, 410, 410, 410, 66, 88, 24, 274, 451, 225]
