n° iter       = 300 
neighborhood_structure = [3] 
Prioridad     = 5 
balance       = 0.5 
Len_N         = 3 
N° clusters   = 15 
N° estaciones = 452 
N° mejoras    = 14
N° iter completadas  = 88
1° FO         = 323578.0
FO            = 280548
Centros       = [22, 31, 66, 101, 140, 154, 202, 226, 271, 282, 314, 344, 366, 413, 428]
Objs= Any[323578.0, 322259, 321550, 316511, 312502, 310515, 307931, 300298, 299274, 298927, 292309, 291065, 291065, 286669, 286669, 286669, 286669, 286669, 282662, 282662, 282662, 282662, 282662, 282662, 282662, 282662, 282662, 282662, 282662, 282662, 282662, 282662, 282662, 282662, 282662, 282662, 282662, 282662, 282662, 282662, 282662, 282662, 282662, 282662, 282662, 282662, 282662, 282662, 282662, 282662, 282662, 282662, 282662, 282662, 282662, 282662, 282662, 282662, 280548, 280548, 280548, 280548, 280548, 280548, 280548, 280548, 280548, 280548, 280548, 280548, 280548, 280548, 280548, 280548, 280548, 280548, 280548, 280548, 280548, 280548, 280548, 280548, 280548, 280548, 280548, 280548, 280548, 280548, 280548]
current_obj = [322259.0, 321550.0, 316511.0, 312502.0, 310515.0, 307931.0, 300298.0, 299274.0, 298927.0, 292309.0, 291065.0, 301535.0, 286669.0, 292888.0, 296572.0, 295235.0, 291206.0, 282662.0, 288368.0, 289697.0, 295359.0, 282802.0, 287556.0, 292852.0, 286198.0, 285810.0, 292748.0, 287009.0, 290904.0, 282940.0, 290244.0, 294979.0, 290322.0, 297084.0, 285401.0, 287465.0, 283554.0, 285226.0, 292080.0, 294316.0, 291583.0, 285494.0, 289780.0, 286165.0, 283574.0, 292773.0, 292576.0, 290521.0, 287438.0, 284679.0, 289465.0, 292963.0, 289518.0, 292746.0, 290722.0, 284010.0, 287414.0, 280548.0, 285953.0, 289377.0, 286062.0, 283323.0, 282160.0, 284538.0, 284082.0, 283153.0, 297411.0, 287792.0, 280555.0, 282225.0, 291349.0, 290784.0, 287939.0, 283548.0, 289974.0, 290129.0, 284973.0, 286392.0, 289168.0, 292652.0, 292783.0, 289907.0, 288165.0, 290775.0, 289316.0, 288904.0, 291584.0, 283358.0, 285754.0, 0.0, 0.0, 0.0, 0.0, 0.0, 0.0, 0.0, 0.0, 0.0, 0.0, 0.0, 0.0, 0.0, 0.0, 0.0, 0.0, 0.0, 0.0, 0.0, 0.0, 0.0, 0.0, 0.0, 0.0, 0.0, 0.0, 0.0, 0.0, 0.0, 0.0, 0.0, 0.0, 0.0, 0.0, 0.0, 0.0, 0.0, 0.0, 0.0, 0.0, 0.0, 0.0, 0.0, 0.0, 0.0, 0.0, 0.0, 0.0, 0.0, 0.0, 0.0, 0.0, 0.0, 0.0, 0.0, 0.0, 0.0, 0.0, 0.0, 0.0, 0.0, 0.0, 0.0, 0.0, 0.0, 0.0, 0.0, 0.0, 0.0, 0.0, 0.0, 0.0, 0.0, 0.0, 0.0, 0.0, 0.0, 0.0, 0.0, 0.0, 0.0, 0.0, 0.0, 0.0, 0.0, 0.0, 0.0, 0.0, 0.0, 0.0, 0.0, 0.0, 0.0, 0.0, 0.0, 0.0, 0.0, 0.0, 0.0, 0.0, 0.0, 0.0, 0.0, 0.0, 0.0, 0.0, 0.0, 0.0, 0.0, 0.0, 0.0, 0.0, 0.0, 0.0, 0.0, 0.0, 0.0, 0.0, 0.0, 0.0, 0.0, 0.0, 0.0, 0.0, 0.0, 0.0, 0.0, 0.0, 0.0, 0.0, 0.0, 0.0, 0.0, 0.0, 0.0, 0.0, 0.0, 0.0, 0.0, 0.0, 0.0, 0.0, 0.0, 0.0, 0.0, 0.0, 0.0, 0.0, 0.0, 0.0, 0.0, 0.0, 0.0, 0.0, 0.0, 0.0, 0.0, 0.0, 0.0, 0.0, 0.0, 0.0, 0.0, 0.0, 0.0, 0.0, 0.0, 0.0, 0.0, 0.0, 0.0, 0.0, 0.0, 0.0, 0.0, 0.0, 0.0, 0.0, 0.0, 0.0, 0.0, 0.0, 0.0, 0.0, 0.0, 0.0, 0.0, 0.0, 0.0, 0.0, 0.0, 0.0, 0.0, 0.0, 0.0, 0.0, 0.0, 0.0, 0.0, 0.0, 0.0, 0.0, 0.0, 0.0, 0.0, 0.0, 0.0, 0.0, 0.0, 0.0, 0.0]
cong_K= Any[3, 3, 3, 3, 3, 3, 3, 3, 3, 3, 3, 3, 3, 3] 
obj_k= Any[322259, 321550, 316511, 312502, 310515, 307931, 300298, 299274, 298927, 292309, 291065, 286669, 282662, 280548] 
iter_obj = Any[1, 2, 3, 4, 5, 6, 7, 8, 9, 10, 11, 13, 18, 58] 
avgClusterDiam = 2037.1333333333334 
maxClusterDiam = 2756.0 
clusterDiamete = [1685.0; 2293.0; 2174.0; 1982.0; 1879.0; 1876.0; 2067.0; 2071.0; 2346.0; 2756.0; 1980.0; 2239.0; 1758.0; 1770.0; 1681.0]   
C = [0, 0, 0, 0, 0, 0, 0, 0, 0, 0, 0, 0, 0, 0, 0, 0, 0, 0, 0, 0, 0, 1, 0, 0, 0, 0, 0, 0, 0, 0, 1, 0, 0, 0, 0, 0, 0, 0, 0, 0, 0, 0, 0, 0, 0, 0, 0, 0, 0, 0, 0, 0, 0, 0, 0, 0, 0, 0, 0, 0, 0, 0, 0, 0, 0, 1, 0, 0, 0, 0, 0, 0, 0, 0, 0, 0, 0, 0, 0, 0, 0, 0, 0, 0, 0, 0, 0, 0, 0, 0, 0, 0, 0, 0, 0, 0, 0, 0, 0, 0, 1, 0, 0, 0, 0, 0, 0, 0, 0, 0, 0, 0, 0, 0, 0, 0, 0, 0, 0, 0, 0, 0, 0, 0, 0, 0, 0, 0, 0, 0, 0, 0, 0, 0, 0, 0, 0, 0, 0, 1, 0, 0, 0, 0, 0, 0, 0, 0, 0, 0, 0, 0, 0, 1, 0, 0, 0, 0, 0, 0, 0, 0, 0, 0, 0, 0, 0, 0, 0, 0, 0, 0, 0, 0, 0, 0, 0, 0, 0, 0, 0, 0, 0, 0, 0, 0, 0, 0, 0, 0, 0, 0, 0, 0, 0, 0, 0, 0, 0, 0, 0, 1, 0, 0, 0, 0, 0, 0, 0, 0, 0, 0, 0, 0, 0, 0, 0, 0, 0, 0, 0, 0, 0, 0, 0, 1, 0, 0, 0, 0, 0, 0, 0, 0, 0, 0, 0, 0, 0, 0, 0, 0, 0, 0, 0, 0, 0, 0, 0, 0, 0, 0, 0, 0, 0, 0, 0, 0, 0, 0, 0, 0, 0, 0, 0, 0, 0, 0, 0, 0, 1, 0, 0, 0, 0, 0, 0, 0, 0, 0, 0, 1, 0, 0, 0, 0, 0, 0, 0, 0, 0, 0, 0, 0, 0, 0, 0, 0, 0, 0, 0, 0, 0, 0, 0, 0, 0, 0, 0, 0, 0, 0, 0, 1, 0, 0, 0, 0, 0, 0, 0, 0, 0, 0, 0, 0, 0, 0, 0, 0, 0, 0, 0, 0, 0, 0, 0, 0, 0, 0, 0, 0, 0, 1, 0, 0, 0, 0, 0, 0, 0, 0, 0, 0, 0, 0, 0, 0, 0, 0, 0, 0, 0, 0, 0, 1, 0, 0, 0, 0, 0, 0, 0, 0, 0, 0, 0, 0, 0, 0, 0, 0, 0, 0, 0, 0, 0, 0, 0, 0, 0, 0, 0, 0, 0, 0, 0, 0, 0, 0, 0, 0, 0, 0, 0, 0, 0, 0, 0, 0, 0, 0, 1, 0, 0, 0, 0, 0, 0, 0, 0, 0, 0, 0, 0, 0, 0, 1, 0, 0, 0, 0, 0, 0, 0, 0, 0, 0, 0, 0, 0, 0, 0, 0, 0, 0, 0, 0, 0, 0, 0, 0]
E = [31, 22, 31, 22, 22, 31, 226, 31, 22, 271, 31, 31, 226, 22, 22, 22, 31, 31, 31, 31, 22, 22, 22, 22, 31, 271, 31, 22, 271, 31, 31, 22, 31, 22, 31, 22, 22, 22, 22, 31, 271, 22, 101, 22, 66, 22, 22, 271, 22, 66, 22, 101, 66, 66, 101, 140, 66, 66, 282, 66, 66, 66, 66, 154, 271, 66, 66, 66, 154, 154, 154, 66, 66, 66, 66, 154, 66, 66, 66, 154, 154, 101, 154, 154, 31, 31, 101, 101, 101, 101, 101, 101, 101, 101, 101, 101, 101, 31, 271, 101, 101, 101, 31, 101, 101, 101, 31, 31, 101, 101, 31, 31, 31, 31, 31, 271, 31, 31, 31, 31, 31, 101, 140, 140, 31, 31, 31, 31, 140, 140, 140, 140, 140, 140, 140, 140, 140, 140, 140, 140, 140, 154, 140, 140, 140, 154, 140, 140, 140, 154, 140, 154, 154, 154, 154, 154, 154, 140, 140, 31, 154, 154, 282, 154, 282, 66, 66, 66, 154, 66, 66, 66, 154, 271, 154, 271, 66, 66, 154, 154, 154, 154, 31, 66, 66, 66, 66, 66, 66, 66, 66, 226, 226, 226, 226, 202, 202, 202, 202, 226, 226, 202, 202, 202, 226, 202, 226, 226, 202, 202, 226, 226, 202, 202, 202, 202, 226, 226, 202, 202, 202, 202, 202, 226, 226, 226, 202, 202, 202, 202, 202, 226, 202, 202, 202, 202, 202, 202, 226, 202, 202, 202, 202, 202, 202, 226, 226, 226, 226, 226, 22, 226, 22, 271, 31, 31, 31, 66, 271, 101, 22, 101, 31, 271, 271, 271, 271, 271, 271, 271, 271, 271, 271, 271, 271, 282, 282, 282, 282, 282, 282, 282, 282, 314, 314, 314, 314, 314, 314, 282, 282, 282, 282, 282, 282, 282, 282, 282, 282, 282, 314, 282, 314, 314, 314, 314, 314, 314, 314, 314, 314, 314, 314, 314, 314, 314, 282, 282, 282, 282, 344, 344, 344, 344, 314, 314, 314, 314, 314, 314, 314, 366, 314, 314, 344, 344, 344, 344, 344, 344, 344, 344, 344, 344, 314, 344, 314, 314, 314, 366, 366, 366, 366, 366, 366, 344, 344, 344, 344, 344, 366, 366, 366, 366, 366, 366, 366, 366, 366, 366, 366, 413, 344, 344, 344, 344, 344, 413, 413, 413, 366, 366, 366, 366, 366, 366, 366, 366, 366, 413, 413, 413, 413, 413, 413, 413, 413, 413, 413, 413, 428, 428, 428, 344, 428, 428, 428, 428, 428, 428, 428, 428, 413, 413, 413, 413, 366, 366, 366, 413, 413, 413, 413, 413, 413, 428, 428, 428, 428, 428, 428, 428, 413, 413, 413, 413, 413, 413, 413, 428, 428, 428, 428, 428, 428, 428, 22, 101, 22, 271, 202, 226]
