n° iter       = 300 
neighborhood_structure = [2] 
Prioridad     = 5 
balance       = 0.5 
Len_N         = 3 
N° clusters   = 15 
N° estaciones = 452 
N° mejoras    = 18
N° iter completadas  = 92
1° FO         = 329861.0
FO            = 282821
Centros       = [12, 28, 29, 63, 95, 140, 167, 206, 212, 292, 327, 358, 381, 414, 427]
Objs= Any[329861.0, 316532, 312562, 312562, 312562, 308888, 306417, 300627, 300627, 300627, 300627, 300318, 300318, 300318, 300318, 299758, 295302, 293085, 290582, 290582, 290582, 290582, 290582, 290582, 290582, 290582, 290582, 290582, 290582, 290582, 290455, 289268, 289268, 289268, 289268, 289268, 289268, 288838, 288838, 288838, 285918, 285918, 285918, 285918, 285918, 285918, 285918, 285918, 285918, 285918, 285918, 285918, 285918, 285551, 285551, 285551, 285551, 285099, 285099, 285099, 285099, 283393, 283393, 283393, 283393, 283393, 283393, 283393, 283393, 283393, 283393, 283393, 283393, 283393, 283393, 283393, 283393, 283393, 283393, 283393, 283393, 283393, 283393, 283393, 283393, 283393, 283393, 283393, 283393, 283393, 283393, 282821, 282821]
current_obj = [316532.0, 312562.0, 314019.0, 313918.0, 308888.0, 306417.0, 300627.0, 301123.0, 303622.0, 303561.0, 300318.0, 300401.0, 302138.0, 303119.0, 299758.0, 295302.0, 293085.0, 290582.0, 292836.0, 291611.0, 295181.0, 295070.0, 294280.0, 293803.0, 294485.0, 291988.0, 297099.0, 292463.0, 295927.0, 290455.0, 289268.0, 290219.0, 292367.0, 293191.0, 292363.0, 300676.0, 288838.0, 296854.0, 292785.0, 285918.0, 288845.0, 294150.0, 290184.0, 290761.0, 293753.0, 287785.0, 287166.0, 287617.0, 287622.0, 287199.0, 292101.0, 291503.0, 285551.0, 289893.0, 295159.0, 285885.0, 285099.0, 286929.0, 285517.0, 286726.0, 283393.0, 292546.0, 290519.0, 290870.0, 290642.0, 286255.0, 288112.0, 289891.0, 285528.0, 284574.0, 291272.0, 287913.0, 284997.0, 285994.0, 284276.0, 284701.0, 286420.0, 290500.0, 285942.0, 285006.0, 287798.0, 286034.0, 290127.0, 288797.0, 285948.0, 284413.0, 284907.0, 286467.0, 289954.0, 289438.0, 282821.0, 287622.0, 283665.0, 0.0, 0.0, 0.0, 0.0, 0.0, 0.0, 0.0, 0.0, 0.0, 0.0, 0.0, 0.0, 0.0, 0.0, 0.0, 0.0, 0.0, 0.0, 0.0, 0.0, 0.0, 0.0, 0.0, 0.0, 0.0, 0.0, 0.0, 0.0, 0.0, 0.0, 0.0, 0.0, 0.0, 0.0, 0.0, 0.0, 0.0, 0.0, 0.0, 0.0, 0.0, 0.0, 0.0, 0.0, 0.0, 0.0, 0.0, 0.0, 0.0, 0.0, 0.0, 0.0, 0.0, 0.0, 0.0, 0.0, 0.0, 0.0, 0.0, 0.0, 0.0, 0.0, 0.0, 0.0, 0.0, 0.0, 0.0, 0.0, 0.0, 0.0, 0.0, 0.0, 0.0, 0.0, 0.0, 0.0, 0.0, 0.0, 0.0, 0.0, 0.0, 0.0, 0.0, 0.0, 0.0, 0.0, 0.0, 0.0, 0.0, 0.0, 0.0, 0.0, 0.0, 0.0, 0.0, 0.0, 0.0, 0.0, 0.0, 0.0, 0.0, 0.0, 0.0, 0.0, 0.0, 0.0, 0.0, 0.0, 0.0, 0.0, 0.0, 0.0, 0.0, 0.0, 0.0, 0.0, 0.0, 0.0, 0.0, 0.0, 0.0, 0.0, 0.0, 0.0, 0.0, 0.0, 0.0, 0.0, 0.0, 0.0, 0.0, 0.0, 0.0, 0.0, 0.0, 0.0, 0.0, 0.0, 0.0, 0.0, 0.0, 0.0, 0.0, 0.0, 0.0, 0.0, 0.0, 0.0, 0.0, 0.0, 0.0, 0.0, 0.0, 0.0, 0.0, 0.0, 0.0, 0.0, 0.0, 0.0, 0.0, 0.0, 0.0, 0.0, 0.0, 0.0, 0.0, 0.0, 0.0, 0.0, 0.0, 0.0, 0.0, 0.0, 0.0, 0.0, 0.0, 0.0, 0.0, 0.0, 0.0, 0.0, 0.0, 0.0, 0.0, 0.0, 0.0, 0.0, 0.0, 0.0, 0.0, 0.0, 0.0, 0.0, 0.0, 0.0, 0.0, 0.0, 0.0, 0.0, 0.0, 0.0, 0.0, 0.0, 0.0, 0.0, 0.0]
cong_K= Any[2, 2, 2, 2, 2, 2, 2, 2, 2, 2, 2, 2, 2, 2, 2, 2, 2, 2] 
obj_k= Any[316532, 312562, 308888, 306417, 300627, 300318, 299758, 295302, 293085, 290582, 290455, 289268, 288838, 285918, 285551, 285099, 283393, 282821] 
iter_obj = Any[1, 2, 5, 6, 7, 11, 15, 16, 17, 18, 30, 31, 37, 40, 53, 57, 61, 91] 
avgClusterDiam = 2015.3333333333333 
maxClusterDiam = 2640.0 
clusterDiamete = [1992.0; 1806.0; 2150.0; 2256.0; 1779.0; 2640.0; 2542.0; 2263.0; 1731.0; 2125.0; 1789.0; 2239.0; 1586.0; 1518.0; 1814.0]   
C = [0, 0, 0, 0, 0, 0, 0, 0, 0, 0, 0, 1, 0, 0, 0, 0, 0, 0, 0, 0, 0, 0, 0, 0, 0, 0, 0, 1, 1, 0, 0, 0, 0, 0, 0, 0, 0, 0, 0, 0, 0, 0, 0, 0, 0, 0, 0, 0, 0, 0, 0, 0, 0, 0, 0, 0, 0, 0, 0, 0, 0, 0, 1, 0, 0, 0, 0, 0, 0, 0, 0, 0, 0, 0, 0, 0, 0, 0, 0, 0, 0, 0, 0, 0, 0, 0, 0, 0, 0, 0, 0, 0, 0, 0, 1, 0, 0, 0, 0, 0, 0, 0, 0, 0, 0, 0, 0, 0, 0, 0, 0, 0, 0, 0, 0, 0, 0, 0, 0, 0, 0, 0, 0, 0, 0, 0, 0, 0, 0, 0, 0, 0, 0, 0, 0, 0, 0, 0, 0, 1, 0, 0, 0, 0, 0, 0, 0, 0, 0, 0, 0, 0, 0, 0, 0, 0, 0, 0, 0, 0, 0, 0, 0, 0, 0, 0, 1, 0, 0, 0, 0, 0, 0, 0, 0, 0, 0, 0, 0, 0, 0, 0, 0, 0, 0, 0, 0, 0, 0, 0, 0, 0, 0, 0, 0, 0, 0, 0, 0, 0, 0, 0, 0, 0, 0, 1, 0, 0, 0, 0, 0, 1, 0, 0, 0, 0, 0, 0, 0, 0, 0, 0, 0, 0, 0, 0, 0, 0, 0, 0, 0, 0, 0, 0, 0, 0, 0, 0, 0, 0, 0, 0, 0, 0, 0, 0, 0, 0, 0, 0, 0, 0, 0, 0, 0, 0, 0, 0, 0, 0, 0, 0, 0, 0, 0, 0, 0, 0, 0, 0, 0, 0, 0, 0, 0, 0, 0, 0, 0, 0, 0, 0, 0, 0, 0, 0, 0, 0, 0, 0, 0, 1, 0, 0, 0, 0, 0, 0, 0, 0, 0, 0, 0, 0, 0, 0, 0, 0, 0, 0, 0, 0, 0, 0, 0, 0, 0, 0, 0, 0, 0, 0, 0, 0, 0, 0, 1, 0, 0, 0, 0, 0, 0, 0, 0, 0, 0, 0, 0, 0, 0, 0, 0, 0, 0, 0, 0, 0, 0, 0, 0, 0, 0, 0, 0, 0, 0, 1, 0, 0, 0, 0, 0, 0, 0, 0, 0, 0, 0, 0, 0, 0, 0, 0, 0, 0, 0, 0, 0, 0, 1, 0, 0, 0, 0, 0, 0, 0, 0, 0, 0, 0, 0, 0, 0, 0, 0, 0, 0, 0, 0, 0, 0, 0, 0, 0, 0, 0, 0, 0, 0, 0, 0, 1, 0, 0, 0, 0, 0, 0, 0, 0, 0, 0, 0, 0, 1, 0, 0, 0, 0, 0, 0, 0, 0, 0, 0, 0, 0, 0, 0, 0, 0, 0, 0, 0, 0, 0, 0, 0, 0, 0]
E = [12, 28, 12, 28, 28, 12, 28, 12, 28, 29, 12, 12, 63, 28, 28, 28, 12, 12, 12, 12, 63, 28, 28, 28, 63, 29, 12, 28, 29, 12, 12, 28, 28, 28, 28, 28, 28, 28, 28, 28, 29, 28, 29, 63, 63, 28, 63, 29, 63, 63, 63, 29, 63, 63, 29, 63, 63, 63, 63, 63, 63, 63, 63, 63, 29, 167, 63, 63, 63, 63, 63, 167, 63, 167, 167, 63, 167, 167, 167, 167, 63, 29, 167, 63, 12, 12, 29, 95, 95, 95, 95, 95, 95, 95, 95, 95, 95, 29, 29, 95, 95, 95, 12, 95, 95, 95, 29, 29, 95, 95, 12, 29, 29, 29, 12, 140, 12, 12, 12, 12, 12, 29, 140, 140, 140, 140, 140, 140, 140, 140, 140, 140, 140, 140, 140, 140, 140, 140, 140, 140, 140, 63, 140, 140, 140, 63, 140, 140, 140, 63, 140, 63, 63, 63, 140, 140, 167, 140, 140, 12, 292, 292, 140, 292, 292, 167, 167, 167, 167, 167, 167, 167, 167, 12, 292, 29, 167, 167, 167, 292, 167, 292, 12, 167, 167, 167, 167, 167, 167, 167, 167, 212, 206, 28, 212, 212, 206, 206, 206, 212, 212, 206, 206, 212, 212, 206, 212, 212, 206, 212, 212, 212, 206, 206, 206, 206, 212, 212, 206, 206, 206, 212, 212, 212, 212, 212, 206, 206, 206, 206, 212, 212, 206, 212, 206, 206, 206, 212, 212, 206, 206, 206, 206, 206, 212, 212, 212, 28, 28, 212, 28, 28, 28, 12, 12, 12, 12, 63, 29, 29, 28, 95, 12, 29, 29, 29, 29, 29, 29, 29, 29, 29, 29, 29, 29, 292, 292, 292, 292, 292, 292, 292, 292, 292, 167, 167, 167, 327, 292, 292, 292, 292, 292, 292, 292, 292, 292, 292, 292, 292, 292, 292, 292, 167, 167, 327, 327, 327, 327, 327, 327, 327, 327, 327, 327, 292, 292, 292, 292, 292, 292, 292, 292, 358, 327, 327, 327, 327, 327, 327, 327, 327, 327, 327, 358, 358, 358, 358, 358, 358, 358, 358, 358, 358, 327, 358, 327, 327, 327, 327, 327, 327, 381, 381, 381, 358, 358, 358, 358, 358, 381, 327, 381, 327, 381, 381, 381, 381, 381, 381, 381, 358, 358, 358, 358, 358, 358, 358, 414, 381, 381, 381, 381, 381, 381, 381, 381, 381, 381, 381, 381, 414, 414, 414, 414, 414, 414, 414, 427, 427, 427, 427, 427, 358, 427, 427, 427, 427, 427, 427, 427, 427, 414, 414, 414, 414, 381, 381, 381, 414, 414, 414, 414, 414, 427, 427, 427, 427, 427, 427, 427, 427, 414, 414, 414, 414, 414, 414, 414, 427, 427, 427, 427, 427, 427, 427, 28, 29, 28, 29, 206, 212]
