n° iter       = 300 
neighborhood_structure = [1] 
Prioridad     = 5 
balance       = 0.5 
Len_N         = 9 
N° clusters   = 15 
N° estaciones = 452 
N° mejoras    = 29
N° iter completadas  = 103
1° FO         = 317189.0
FO            = 271278
Centros       = [20, 78, 87, 131, 146, 215, 218, 261, 264, 299, 309, 358, 367, 414, 428]
Objs= Any[317189.0, 311716, 307814, 304917, 300580, 296860, 294989, 292886, 292451, 290111, 283806, 281661, 280025, 280025, 280025, 278733, 278733, 277053, 277053, 276266, 276266, 276266, 275658, 274603, 274603, 274603, 273840, 273784, 273722, 273722, 273352, 273352, 273352, 273352, 273352, 273352, 273352, 273213, 273213, 273213, 273213, 273213, 272765, 272765, 272765, 272765, 272765, 272765, 272765, 272765, 272765, 272765, 272765, 272765, 272765, 272765, 272765, 272765, 272765, 272765, 272726, 272726, 272726, 272325, 272325, 272325, 272243, 272243, 272243, 272243, 272243, 272243, 272243, 272243, 272243, 272243, 272243, 272243, 272243, 272243, 272243, 272243, 272243, 272243, 272243, 272056, 272056, 272056, 272056, 272056, 272056, 272056, 272056, 271929, 271929, 271929, 271929, 271929, 271929, 271278, 271278, 271278, 271278, 271278]
current_obj = [311716.0, 307814.0, 304917.0, 300580.0, 296860.0, 294989.0, 292886.0, 292451.0, 290111.0, 283806.0, 281661.0, 280025.0, 280963.0, 280159.0, 278733.0, 279100.0, 277053.0, 277558.0, 276266.0, 277237.0, 277794.0, 275658.0, 274603.0, 275021.0, 274693.0, 273840.0, 273784.0, 273722.0, 274707.0, 273352.0, 273561.0, 273960.0, 273387.0, 276117.0, 274817.0, 275802.0, 273213.0, 274102.0, 274289.0, 273763.0, 273435.0, 272765.0, 273675.0, 274680.0, 273056.0, 272987.0, 274458.0, 273627.0, 273180.0, 273077.0, 272844.0, 273031.0, 272904.0, 272947.0, 274378.0, 273761.0, 272844.0, 275256.0, 273841.0, 272726.0, 272865.0, 273010.0, 272325.0, 272547.0, 272921.0, 272243.0, 272872.0, 272389.0, 272616.0, 272773.0, 272839.0, 272519.0, 272658.0, 272704.0, 273978.0, 272325.0, 272461.0, 273272.0, 272883.0, 272658.0, 272658.0, 272555.0, 272712.0, 272278.0, 272056.0, 272341.0, 272091.0, 273110.0, 272839.0, 274753.0, 272351.0, 274194.0, 271929.0, 272914.0, 274072.0, 274009.0, 272983.0, 274062.0, 271278.0, 271943.0, 272272.0, 272039.0, 271606.0, 271984.0, 0.0, 0.0, 0.0, 0.0, 0.0, 0.0, 0.0, 0.0, 0.0, 0.0, 0.0, 0.0, 0.0, 0.0, 0.0, 0.0, 0.0, 0.0, 0.0, 0.0, 0.0, 0.0, 0.0, 0.0, 0.0, 0.0, 0.0, 0.0, 0.0, 0.0, 0.0, 0.0, 0.0, 0.0, 0.0, 0.0, 0.0, 0.0, 0.0, 0.0, 0.0, 0.0, 0.0, 0.0, 0.0, 0.0, 0.0, 0.0, 0.0, 0.0, 0.0, 0.0, 0.0, 0.0, 0.0, 0.0, 0.0, 0.0, 0.0, 0.0, 0.0, 0.0, 0.0, 0.0, 0.0, 0.0, 0.0, 0.0, 0.0, 0.0, 0.0, 0.0, 0.0, 0.0, 0.0, 0.0, 0.0, 0.0, 0.0, 0.0, 0.0, 0.0, 0.0, 0.0, 0.0, 0.0, 0.0, 0.0, 0.0, 0.0, 0.0, 0.0, 0.0, 0.0, 0.0, 0.0, 0.0, 0.0, 0.0, 0.0, 0.0, 0.0, 0.0, 0.0, 0.0, 0.0, 0.0, 0.0, 0.0, 0.0, 0.0, 0.0, 0.0, 0.0, 0.0, 0.0, 0.0, 0.0, 0.0, 0.0, 0.0, 0.0, 0.0, 0.0, 0.0, 0.0, 0.0, 0.0, 0.0, 0.0, 0.0, 0.0, 0.0, 0.0, 0.0, 0.0, 0.0, 0.0, 0.0, 0.0, 0.0, 0.0, 0.0, 0.0, 0.0, 0.0, 0.0, 0.0, 0.0, 0.0, 0.0, 0.0, 0.0, 0.0, 0.0, 0.0, 0.0, 0.0, 0.0, 0.0, 0.0, 0.0, 0.0, 0.0, 0.0, 0.0, 0.0, 0.0, 0.0, 0.0, 0.0, 0.0, 0.0, 0.0, 0.0, 0.0, 0.0, 0.0, 0.0, 0.0, 0.0, 0.0, 0.0, 0.0, 0.0, 0.0, 0.0, 0.0, 0.0, 0.0, 0.0, 0.0, 0.0, 0.0, 0.0, 0.0]
cong_K= Any[1, 1, 1, 1, 1, 1, 1, 1, 1, 1, 1, 1, 1, 1, 1, 1, 1, 1, 1, 1, 1, 1, 1, 1, 1, 1, 1, 1, 1] 
obj_k= Any[311716, 307814, 304917, 300580, 296860, 294989, 292886, 292451, 290111, 283806, 281661, 280025, 278733, 277053, 276266, 275658, 274603, 273840, 273784, 273722, 273352, 273213, 272765, 272726, 272325, 272243, 272056, 271929, 271278] 
iter_obj = Any[1, 2, 3, 4, 5, 6, 7, 8, 9, 10, 11, 12, 15, 17, 19, 22, 23, 26, 27, 28, 30, 37, 42, 60, 63, 66, 85, 93, 99] 
avgClusterDiam = 1980.2666666666667 
maxClusterDiam = 2259.0 
clusterDiamete = [2259.0; 2239.0; 2152.0; 2039.0; 2221.0; 1960.0; 1700.0; 1995.0; 2034.0; 2077.0; 1538.0; 2239.0; 1907.0; 1663.0; 1681.0]   
C = [0, 0, 0, 0, 0, 0, 0, 0, 0, 0, 0, 0, 0, 0, 0, 0, 0, 0, 0, 1, 0, 0, 0, 0, 0, 0, 0, 0, 0, 0, 0, 0, 0, 0, 0, 0, 0, 0, 0, 0, 0, 0, 0, 0, 0, 0, 0, 0, 0, 0, 0, 0, 0, 0, 0, 0, 0, 0, 0, 0, 0, 0, 0, 0, 0, 0, 0, 0, 0, 0, 0, 0, 0, 0, 0, 0, 0, 1, 0, 0, 0, 0, 0, 0, 0, 0, 1, 0, 0, 0, 0, 0, 0, 0, 0, 0, 0, 0, 0, 0, 0, 0, 0, 0, 0, 0, 0, 0, 0, 0, 0, 0, 0, 0, 0, 0, 0, 0, 0, 0, 0, 0, 0, 0, 0, 0, 0, 0, 0, 0, 1, 0, 0, 0, 0, 0, 0, 0, 0, 0, 0, 0, 0, 0, 0, 1, 0, 0, 0, 0, 0, 0, 0, 0, 0, 0, 0, 0, 0, 0, 0, 0, 0, 0, 0, 0, 0, 0, 0, 0, 0, 0, 0, 0, 0, 0, 0, 0, 0, 0, 0, 0, 0, 0, 0, 0, 0, 0, 0, 0, 0, 0, 0, 0, 0, 0, 0, 0, 0, 0, 0, 0, 0, 0, 0, 0, 0, 0, 0, 0, 0, 0, 0, 0, 1, 0, 0, 1, 0, 0, 0, 0, 0, 0, 0, 0, 0, 0, 0, 0, 0, 0, 0, 0, 0, 0, 0, 0, 0, 0, 0, 0, 0, 0, 0, 0, 0, 0, 0, 0, 0, 0, 0, 0, 0, 0, 0, 0, 0, 0, 1, 0, 0, 1, 0, 0, 0, 0, 0, 0, 0, 0, 0, 0, 0, 0, 0, 0, 0, 0, 0, 0, 0, 0, 0, 0, 0, 0, 0, 0, 0, 0, 0, 0, 0, 0, 0, 0, 1, 0, 0, 0, 0, 0, 0, 0, 0, 0, 1, 0, 0, 0, 0, 0, 0, 0, 0, 0, 0, 0, 0, 0, 0, 0, 0, 0, 0, 0, 0, 0, 0, 0, 0, 0, 0, 0, 0, 0, 0, 0, 0, 0, 0, 0, 0, 0, 0, 0, 0, 0, 0, 0, 0, 0, 0, 0, 0, 1, 0, 0, 0, 0, 0, 0, 0, 0, 1, 0, 0, 0, 0, 0, 0, 0, 0, 0, 0, 0, 0, 0, 0, 0, 0, 0, 0, 0, 0, 0, 0, 0, 0, 0, 0, 0, 0, 0, 0, 0, 0, 0, 0, 0, 0, 0, 0, 0, 0, 0, 0, 0, 0, 0, 0, 1, 0, 0, 0, 0, 0, 0, 0, 0, 0, 0, 0, 0, 0, 1, 0, 0, 0, 0, 0, 0, 0, 0, 0, 0, 0, 0, 0, 0, 0, 0, 0, 0, 0, 0, 0, 0, 0, 0]
E = [20, 261, 20, 261, 261, 20, 261, 20, 261, 264, 20, 20, 261, 261, 261, 20, 20, 20, 20, 20, 261, 261, 261, 20, 131, 264, 20, 261, 264, 20, 264, 261, 131, 131, 131, 261, 261, 261, 131, 131, 264, 131, 87, 261, 146, 261, 131, 87, 261, 261, 131, 87, 78, 78, 87, 131, 78, 146, 146, 261, 146, 78, 78, 146, 87, 78, 78, 78, 146, 146, 146, 78, 78, 78, 78, 146, 78, 78, 78, 78, 146, 87, 78, 146, 20, 20, 87, 87, 87, 87, 87, 87, 87, 87, 87, 87, 87, 87, 87, 87, 87, 87, 20, 87, 87, 87, 20, 87, 87, 87, 20, 20, 20, 20, 20, 264, 20, 20, 20, 20, 131, 87, 131, 131, 131, 131, 131, 131, 131, 131, 131, 131, 131, 131, 131, 131, 131, 131, 131, 131, 131, 146, 131, 131, 146, 146, 146, 131, 131, 146, 146, 146, 146, 146, 146, 146, 146, 146, 146, 20, 146, 146, 146, 146, 146, 78, 78, 78, 78, 78, 78, 78, 78, 264, 78, 264, 78, 78, 78, 146, 78, 78, 20, 78, 78, 78, 78, 78, 78, 78, 78, 218, 218, 261, 218, 218, 215, 215, 215, 218, 218, 215, 215, 215, 218, 215, 218, 218, 215, 215, 218, 218, 215, 215, 215, 215, 218, 218, 215, 215, 215, 215, 218, 218, 218, 218, 215, 215, 215, 215, 218, 218, 215, 218, 215, 215, 215, 215, 218, 215, 215, 215, 215, 215, 218, 218, 218, 261, 261, 261, 261, 261, 261, 264, 20, 20, 20, 261, 264, 87, 261, 87, 20, 264, 264, 264, 264, 264, 264, 264, 264, 264, 264, 264, 264, 299, 299, 299, 299, 299, 299, 299, 299, 309, 309, 309, 309, 309, 309, 299, 299, 299, 299, 299, 299, 299, 299, 299, 299, 299, 299, 299, 309, 309, 309, 309, 309, 309, 309, 309, 309, 309, 309, 309, 309, 299, 299, 299, 299, 299, 299, 299, 299, 299, 299, 309, 309, 309, 309, 309, 309, 367, 309, 367, 358, 358, 358, 358, 358, 358, 358, 358, 358, 358, 358, 358, 367, 367, 367, 367, 367, 367, 367, 367, 367, 358, 358, 358, 358, 358, 367, 367, 367, 367, 367, 367, 367, 367, 367, 367, 367, 358, 358, 358, 358, 358, 358, 358, 414, 414, 367, 367, 367, 367, 367, 367, 367, 367, 414, 414, 414, 414, 414, 414, 414, 414, 414, 414, 358, 358, 358, 428, 428, 358, 428, 428, 428, 428, 428, 428, 428, 428, 414, 414, 414, 414, 367, 367, 414, 414, 414, 414, 414, 414, 414, 428, 428, 428, 428, 428, 428, 428, 414, 414, 414, 414, 414, 414, 414, 428, 428, 428, 428, 428, 428, 428, 261, 87, 261, 264, 215, 218]
