n° iter       = 300 
neighborhood_structure = [3] 
Prioridad     = 5 
balance       = 0.5 
Len_N         = 1 
N° clusters   = 15 
N° estaciones = 452 
N° mejoras    = 6
N° iter completadas  = 80
1° FO         = 306508.0
FO            = 281911
Centros       = [12, 78, 84, 102, 141, 202, 224, 261, 264, 292, 309, 338, 354, 415, 426]
Objs= Any[306508.0, 306508.0, 306508.0, 297728, 297728, 297728, 290996, 290996, 290996, 290996, 290996, 290996, 289271, 289271, 289271, 289271, 289271, 289271, 289271, 289271, 289271, 289271, 289271, 289271, 289271, 289271, 289271, 285568, 285568, 283775, 283775, 283775, 283775, 283775, 283775, 283775, 283775, 283775, 283775, 283775, 283775, 283775, 283775, 283775, 283775, 283775, 283775, 283775, 283775, 283775, 283775, 283775, 283775, 283775, 283775, 283775, 283775, 283775, 283775, 283775, 283775, 283775, 283775, 283775, 283775, 283775, 283775, 283775, 283775, 283775, 283775, 283775, 283775, 283775, 283775, 283775, 281911, 281911, 281911, 281911, 281911]
current_obj = [327781.0, 322832.0, 297728.0, 305159.0, 304973.0, 290996.0, 298767.0, 293463.0, 295501.0, 296811.0, 308350.0, 289271.0, 297398.0, 292073.0, 295597.0, 299135.0, 307666.0, 302974.0, 301735.0, 297060.0, 293140.0, 296997.0, 293512.0, 292157.0, 292514.0, 300164.0, 285568.0, 287895.0, 283775.0, 298597.0, 295057.0, 293994.0, 291393.0, 293560.0, 295866.0, 299025.0, 295396.0, 287060.0, 293157.0, 293394.0, 295799.0, 297522.0, 303600.0, 288600.0, 290203.0, 305786.0, 290389.0, 307878.0, 292418.0, 285974.0, 290292.0, 294766.0, 287605.0, 295753.0, 294498.0, 288538.0, 295409.0, 284310.0, 297713.0, 308564.0, 285874.0, 290174.0, 292101.0, 309278.0, 298551.0, 289775.0, 293406.0, 293357.0, 294535.0, 296392.0, 292422.0, 291198.0, 287957.0, 302245.0, 302171.0, 281911.0, 287747.0, 312964.0, 295730.0, 300375.0, 298393.0, 0.0, 0.0, 0.0, 0.0, 0.0, 0.0, 0.0, 0.0, 0.0, 0.0, 0.0, 0.0, 0.0, 0.0, 0.0, 0.0, 0.0, 0.0, 0.0, 0.0, 0.0, 0.0, 0.0, 0.0, 0.0, 0.0, 0.0, 0.0, 0.0, 0.0, 0.0, 0.0, 0.0, 0.0, 0.0, 0.0, 0.0, 0.0, 0.0, 0.0, 0.0, 0.0, 0.0, 0.0, 0.0, 0.0, 0.0, 0.0, 0.0, 0.0, 0.0, 0.0, 0.0, 0.0, 0.0, 0.0, 0.0, 0.0, 0.0, 0.0, 0.0, 0.0, 0.0, 0.0, 0.0, 0.0, 0.0, 0.0, 0.0, 0.0, 0.0, 0.0, 0.0, 0.0, 0.0, 0.0, 0.0, 0.0, 0.0, 0.0, 0.0, 0.0, 0.0, 0.0, 0.0, 0.0, 0.0, 0.0, 0.0, 0.0, 0.0, 0.0, 0.0, 0.0, 0.0, 0.0, 0.0, 0.0, 0.0, 0.0, 0.0, 0.0, 0.0, 0.0, 0.0, 0.0, 0.0, 0.0, 0.0, 0.0, 0.0, 0.0, 0.0, 0.0, 0.0, 0.0, 0.0, 0.0, 0.0, 0.0, 0.0, 0.0, 0.0, 0.0, 0.0, 0.0, 0.0, 0.0, 0.0, 0.0, 0.0, 0.0, 0.0, 0.0, 0.0, 0.0, 0.0, 0.0, 0.0, 0.0, 0.0, 0.0, 0.0, 0.0, 0.0, 0.0, 0.0, 0.0, 0.0, 0.0, 0.0, 0.0, 0.0, 0.0, 0.0, 0.0, 0.0, 0.0, 0.0, 0.0, 0.0, 0.0, 0.0, 0.0, 0.0, 0.0, 0.0, 0.0, 0.0, 0.0, 0.0, 0.0, 0.0, 0.0, 0.0, 0.0, 0.0, 0.0, 0.0, 0.0, 0.0, 0.0, 0.0, 0.0, 0.0, 0.0, 0.0, 0.0, 0.0, 0.0, 0.0, 0.0, 0.0, 0.0, 0.0, 0.0, 0.0, 0.0, 0.0, 0.0, 0.0, 0.0, 0.0, 0.0, 0.0, 0.0, 0.0, 0.0, 0.0, 0.0, 0.0, 0.0, 0.0, 0.0, 0.0, 0.0, 0.0, 0.0, 0.0]
cong_K= Any[3, 3, 3, 3, 3, 3] 
obj_k= Any[297728, 290996, 289271, 285568, 283775, 281911] 
iter_obj = Any[3, 6, 12, 27, 29, 76] 
avgClusterDiam = 2012.8666666666666 
maxClusterDiam = 2654.0 
clusterDiamete = [1992.0; 2239.0; 1985.0; 2191.0; 2654.0; 1944.0; 1725.0; 1995.0; 2034.0; 1920.0; 1803.0; 2044.0; 1756.0; 1868.0; 2043.0]   
C = [0, 0, 0, 0, 0, 0, 0, 0, 0, 0, 0, 1, 0, 0, 0, 0, 0, 0, 0, 0, 0, 0, 0, 0, 0, 0, 0, 0, 0, 0, 0, 0, 0, 0, 0, 0, 0, 0, 0, 0, 0, 0, 0, 0, 0, 0, 0, 0, 0, 0, 0, 0, 0, 0, 0, 0, 0, 0, 0, 0, 0, 0, 0, 0, 0, 0, 0, 0, 0, 0, 0, 0, 0, 0, 0, 0, 0, 1, 0, 0, 0, 0, 0, 1, 0, 0, 0, 0, 0, 0, 0, 0, 0, 0, 0, 0, 0, 0, 0, 0, 0, 1, 0, 0, 0, 0, 0, 0, 0, 0, 0, 0, 0, 0, 0, 0, 0, 0, 0, 0, 0, 0, 0, 0, 0, 0, 0, 0, 0, 0, 0, 0, 0, 0, 0, 0, 0, 0, 0, 0, 1, 0, 0, 0, 0, 0, 0, 0, 0, 0, 0, 0, 0, 0, 0, 0, 0, 0, 0, 0, 0, 0, 0, 0, 0, 0, 0, 0, 0, 0, 0, 0, 0, 0, 0, 0, 0, 0, 0, 0, 0, 0, 0, 0, 0, 0, 0, 0, 0, 0, 0, 0, 0, 0, 0, 0, 0, 0, 0, 0, 0, 1, 0, 0, 0, 0, 0, 0, 0, 0, 0, 0, 0, 0, 0, 0, 0, 0, 0, 0, 0, 0, 0, 1, 0, 0, 0, 0, 0, 0, 0, 0, 0, 0, 0, 0, 0, 0, 0, 0, 0, 0, 0, 0, 0, 0, 0, 0, 0, 0, 0, 0, 0, 0, 0, 0, 0, 0, 0, 0, 1, 0, 0, 1, 0, 0, 0, 0, 0, 0, 0, 0, 0, 0, 0, 0, 0, 0, 0, 0, 0, 0, 0, 0, 0, 0, 0, 0, 0, 0, 0, 1, 0, 0, 0, 0, 0, 0, 0, 0, 0, 0, 0, 0, 0, 0, 0, 0, 1, 0, 0, 0, 0, 0, 0, 0, 0, 0, 0, 0, 0, 0, 0, 0, 0, 0, 0, 0, 0, 0, 0, 0, 0, 0, 0, 0, 0, 1, 0, 0, 0, 0, 0, 0, 0, 0, 0, 0, 0, 0, 0, 0, 0, 1, 0, 0, 0, 0, 0, 0, 0, 0, 0, 0, 0, 0, 0, 0, 0, 0, 0, 0, 0, 0, 0, 0, 0, 0, 0, 0, 0, 0, 0, 0, 0, 0, 0, 0, 0, 0, 0, 0, 0, 0, 0, 0, 0, 0, 0, 0, 0, 0, 0, 0, 0, 0, 0, 0, 0, 0, 0, 0, 0, 0, 1, 0, 0, 0, 0, 0, 0, 0, 0, 0, 0, 1, 0, 0, 0, 0, 0, 0, 0, 0, 0, 0, 0, 0, 0, 0, 0, 0, 0, 0, 0, 0, 0, 0, 0, 0, 0, 0]
E = [12, 261, 12, 261, 12, 12, 261, 12, 261, 264, 12, 12, 261, 261, 261, 12, 12, 12, 12, 12, 261, 261, 261, 12, 141, 264, 12, 261, 264, 12, 264, 261, 261, 12, 12, 261, 261, 261, 261, 141, 264, 261, 102, 261, 84, 261, 141, 102, 261, 261, 141, 102, 78, 78, 102, 141, 78, 261, 141, 261, 84, 78, 78, 84, 102, 78, 78, 78, 84, 84, 84, 78, 78, 78, 78, 84, 78, 78, 78, 84, 84, 102, 84, 84, 12, 12, 102, 102, 102, 102, 102, 102, 102, 102, 102, 102, 102, 102, 102, 102, 102, 102, 12, 102, 102, 102, 102, 102, 102, 102, 12, 264, 12, 12, 12, 264, 12, 12, 12, 12, 12, 102, 141, 141, 141, 141, 141, 141, 141, 141, 141, 141, 141, 141, 141, 141, 141, 141, 141, 141, 141, 141, 141, 141, 141, 84, 141, 141, 141, 84, 141, 84, 84, 84, 141, 84, 84, 141, 141, 12, 84, 84, 141, 84, 292, 78, 78, 78, 78, 78, 78, 78, 78, 264, 84, 264, 78, 78, 84, 84, 78, 78, 12, 78, 78, 78, 78, 78, 78, 78, 78, 224, 224, 261, 224, 202, 202, 202, 202, 224, 224, 202, 202, 202, 224, 202, 224, 224, 202, 202, 224, 224, 202, 202, 202, 202, 224, 224, 202, 202, 202, 224, 224, 224, 224, 224, 202, 202, 202, 202, 224, 224, 202, 224, 202, 202, 202, 224, 224, 202, 202, 202, 202, 202, 224, 224, 224, 261, 261, 261, 261, 261, 261, 12, 12, 12, 12, 261, 264, 102, 261, 102, 12, 264, 264, 264, 264, 264, 264, 264, 264, 264, 264, 264, 264, 292, 292, 292, 292, 292, 292, 292, 292, 292, 309, 309, 309, 309, 309, 292, 292, 292, 292, 292, 292, 292, 292, 292, 292, 292, 292, 292, 292, 309, 309, 309, 309, 309, 309, 309, 309, 309, 309, 309, 309, 338, 292, 292, 292, 292, 338, 338, 338, 338, 338, 309, 309, 309, 309, 309, 309, 354, 309, 354, 338, 338, 338, 338, 338, 338, 338, 338, 338, 338, 354, 354, 354, 354, 354, 354, 309, 354, 354, 354, 354, 354, 338, 338, 338, 338, 354, 354, 354, 354, 354, 354, 354, 354, 354, 354, 354, 354, 338, 338, 338, 338, 338, 415, 415, 415, 415, 415, 415, 415, 415, 415, 415, 415, 415, 415, 415, 415, 415, 415, 415, 415, 426, 426, 426, 426, 426, 426, 426, 426, 426, 426, 426, 426, 426, 426, 426, 426, 415, 415, 415, 415, 415, 415, 415, 415, 415, 415, 415, 426, 426, 426, 426, 426, 426, 426, 426, 426, 426, 426, 426, 415, 415, 415, 426, 426, 426, 426, 426, 426, 426, 426, 261, 102, 261, 264, 202, 224]
