n° iter       = 300 
neighborhood_structure = [1 2 3] 
Prioridad     = 5 
balance       = 0.5 
Len_N         = 1 
N° clusters   = 15 
N° estaciones = 452 
N° mejoras    = 28
N° iter completadas  = 270
1° FO         = 342711.0
FO            = 277498
Centros       = [9, 50, 77, 101, 118, 151, 214, 218, 318, 327, 377, 389, 428, 434, 450]
Objs= Any[342711.0, 338582, 338120, 336165, 321414, 318616, 316631, 310291, 307076, 307076, 307076, 307076, 302256, 292053, 292053, 292053, 292053, 292023, 289343, 289343, 289343, 286278, 286091, 283051, 283051, 283051, 283020, 283020, 283020, 283020, 283020, 283020, 283020, 283020, 283020, 283020, 283020, 283020, 283020, 283020, 283020, 283020, 283020, 283020, 283020, 281178, 281178, 281178, 281178, 280982, 280982, 280982, 280982, 280982, 280982, 280982, 280982, 280868, 280868, 280868, 280868, 280868, 280868, 280868, 280503, 280503, 280503, 280503, 280503, 280229, 280229, 280229, 280229, 280229, 280229, 280229, 280229, 280229, 280229, 280229, 280229, 279743, 279743, 279743, 279743, 279743, 279743, 279743, 279743, 279743, 279743, 279743, 279743, 279743, 279743, 279743, 279743, 279743, 279743, 279743, 279743, 279743, 279743, 279743, 279743, 279743, 279743, 279743, 279743, 279743, 279377, 279377, 279377, 279377, 279377, 279377, 279377, 279377, 279377, 279377, 279377, 279377, 279377, 279105, 279105, 279105, 279105, 279105, 279105, 279105, 279105, 279105, 279105, 279105, 279105, 279105, 279105, 279105, 279105, 279105, 279105, 279105, 279105, 279105, 279105, 279105, 277898, 277898, 277898, 277898, 277898, 277898, 277898, 277898, 277898, 277782, 277782, 277782, 277782, 277782, 277782, 277782, 277782, 277782, 277782, 277782, 277782, 277782, 277782, 277591, 277591, 277591, 277591, 277591, 277591, 277591, 277591, 277591, 277591, 277591, 277591, 277591, 277591, 277591, 277591, 277591, 277591, 277591, 277591, 277591, 277591, 277591, 277591, 277591, 277591, 277591, 277498, 277498, 277498, 277498, 277498, 277498, 277498, 277498, 277498, 277498, 277498, 277498, 277498, 277498, 277498, 277498, 277498, 277498, 277498, 277498, 277498, 277498, 277498, 277498, 277498, 277498, 277498, 277498, 277498, 277498, 277498, 277498, 277498, 277498, 277498, 277498, 277498, 277498, 277498, 277498, 277498, 277498, 277498, 277498, 277498, 277498, 277498, 277498, 277498, 277498, 277498, 277498, 277498, 277498, 277498, 277498, 277498, 277498, 277498, 277498, 277498, 277498, 277498, 277498, 277498, 277498, 277498, 277498, 277498, 277498, 277498, 277498, 277498, 277498, 277498]
current_obj = [338582.0, 338120.0, 336165.0, 321414.0, 318616.0, 316631.0, 310291.0, 307076.0, 308049.0, 307678.0, 311207.0, 302256.0, 292053.0, 297621.0, 292180.0, 293368.0, 292023.0, 289343.0, 290917.0, 290917.0, 286278.0, 286091.0, 283051.0, 287392.0, 283172.0, 283020.0, 283509.0, 288564.0, 298119.0, 284617.0, 284866.0, 288257.0, 283557.0, 284627.0, 291994.0, 283496.0, 284415.0, 284415.0, 286400.0, 286869.0, 285661.0, 287280.0, 287470.0, 286153.0, 281178.0, 281408.0, 289695.0, 281210.0, 280982.0, 285923.0, 282339.0, 281569.0, 285713.0, 289304.0, 286627.0, 286198.0, 280868.0, 289117.0, 290472.0, 285239.0, 288930.0, 287861.0, 283107.0, 280503.0, 286512.0, 284833.0, 282029.0, 282017.0, 280229.0, 281726.0, 283011.0, 282647.0, 280873.0, 287835.0, 288902.0, 281755.0, 282414.0, 286213.0, 281248.0, 284075.0, 279743.0, 286909.0, 286681.0, 281100.0, 280065.0, 279764.0, 280184.0, 282202.0, 283991.0, 284095.0, 281052.0, 286573.0, 284706.0, 280166.0, 283134.0, 284978.0, 285572.0, 286129.0, 282909.0, 286566.0, 289051.0, 287496.0, 282126.0, 282708.0, 281594.0, 287634.0, 282528.0, 281373.0, 286314.0, 279377.0, 285782.0, 279989.0, 284288.0, 283585.0, 280529.0, 285841.0, 282240.0, 282308.0, 283324.0, 281340.0, 280533.0, 287901.0, 279105.0, 284325.0, 279891.0, 286809.0, 284268.0, 280059.0, 281346.0, 283021.0, 279121.0, 282488.0, 287083.0, 289842.0, 284015.0, 280682.0, 279733.0, 279618.0, 283480.0, 279979.0, 292241.0, 279619.0, 283719.0, 280656.0, 280357.0, 277898.0, 285041.0, 284170.0, 279902.0, 279545.0, 288302.0, 289814.0, 281627.0, 283915.0, 277782.0, 284271.0, 277970.0, 282296.0, 280038.0, 280870.0, 279893.0, 278043.0, 284163.0, 284318.0, 282754.0, 280450.0, 277827.0, 285734.0, 277591.0, 280855.0, 281449.0, 281032.0, 284029.0, 279631.0, 280252.0, 282258.0, 279744.0, 281340.0, 283503.0, 284289.0, 282061.0, 280588.0, 283315.0, 291507.0, 277962.0, 278161.0, 285003.0, 278404.0, 283578.0, 281625.0, 278849.0, 283605.0, 279644.0, 283084.0, 284515.0, 277498.0, 281266.0, 279566.0, 278257.0, 281874.0, 281485.0, 283432.0, 281909.0, 284989.0, 286838.0, 280594.0, 285186.0, 290190.0, 279043.0, 279843.0, 278106.0, 278479.0, 282514.0, 277916.0, 278021.0, 278264.0, 285508.0, 285176.0, 278946.0, 282193.0, 279942.0, 282811.0, 286313.0, 279607.0, 277550.0, 296778.0, 278639.0, 279087.0, 278891.0, 281874.0, 279443.0, 283442.0, 289163.0, 277836.0, 280273.0, 280543.0, 278563.0, 282295.0, 288997.0, 282798.0, 284477.0, 283552.0, 279563.0, 279324.0, 286944.0, 282723.0, 279324.0, 287159.0, 279616.0, 278940.0, 278921.0, 279566.0, 281497.0, 279112.0, 279459.0, 278571.0, 283316.0, 279274.0, 279803.0, 279503.0, 284108.0, 281939.0, 286358.0, 283172.0, 285069.0, 282607.0, 280738.0, 282467.0, 282295.0, 280216.0, 279087.0, 0.0, 0.0, 0.0, 0.0, 0.0, 0.0, 0.0, 0.0, 0.0, 0.0, 0.0, 0.0, 0.0, 0.0, 0.0, 0.0, 0.0, 0.0, 0.0, 0.0, 0.0, 0.0, 0.0, 0.0, 0.0, 0.0, 0.0, 0.0, 0.0]
cong_K= Any[2, 1, 2, 2, 2, 1, 3, 2, 2, 3, 1, 3, 1, 1, 1, 1, 2, 2, 1, 1, 1, 1, 2, 2, 2, 1, 1, 1] 
obj_k= Any[338582, 338120, 336165, 321414, 318616, 316631, 310291, 307076, 302256, 292053, 292023, 289343, 286278, 286091, 283051, 283020, 281178, 280982, 280868, 280503, 280229, 279743, 279377, 279105, 277898, 277782, 277591, 277498] 
iter_obj = Any[1, 2, 3, 4, 5, 6, 7, 8, 12, 13, 17, 18, 21, 22, 23, 26, 45, 49, 57, 64, 69, 81, 110, 123, 146, 155, 169, 196] 
avgClusterDiam = 2047.8 
maxClusterDiam = 2779.0 
clusterDiamete = [2256.0; 1826.0; 2507.0; 1982.0; 2530.0; 2121.0; 2263.0; 1731.0; 1874.0; 2115.0; 2137.0; 1855.0; 1500.0; 1241.0; 2779.0]   
C = [0, 0, 0, 0, 0, 0, 0, 0, 1, 0, 0, 0, 0, 0, 0, 0, 0, 0, 0, 0, 0, 0, 0, 0, 0, 0, 0, 0, 0, 0, 0, 0, 0, 0, 0, 0, 0, 0, 0, 0, 0, 0, 0, 0, 0, 0, 0, 0, 0, 1, 0, 0, 0, 0, 0, 0, 0, 0, 0, 0, 0, 0, 0, 0, 0, 0, 0, 0, 0, 0, 0, 0, 0, 0, 0, 0, 1, 0, 0, 0, 0, 0, 0, 0, 0, 0, 0, 0, 0, 0, 0, 0, 0, 0, 0, 0, 0, 0, 0, 0, 1, 0, 0, 0, 0, 0, 0, 0, 0, 0, 0, 0, 0, 0, 0, 0, 0, 1, 0, 0, 0, 0, 0, 0, 0, 0, 0, 0, 0, 0, 0, 0, 0, 0, 0, 0, 0, 0, 0, 0, 0, 0, 0, 0, 0, 0, 0, 0, 0, 0, 1, 0, 0, 0, 0, 0, 0, 0, 0, 0, 0, 0, 0, 0, 0, 0, 0, 0, 0, 0, 0, 0, 0, 0, 0, 0, 0, 0, 0, 0, 0, 0, 0, 0, 0, 0, 0, 0, 0, 0, 0, 0, 0, 0, 0, 0, 0, 0, 0, 0, 0, 0, 0, 0, 0, 0, 0, 0, 0, 0, 0, 0, 0, 1, 0, 0, 0, 1, 0, 0, 0, 0, 0, 0, 0, 0, 0, 0, 0, 0, 0, 0, 0, 0, 0, 0, 0, 0, 0, 0, 0, 0, 0, 0, 0, 0, 0, 0, 0, 0, 0, 0, 0, 0, 0, 0, 0, 0, 0, 0, 0, 0, 0, 0, 0, 0, 0, 0, 0, 0, 0, 0, 0, 0, 0, 0, 0, 0, 0, 0, 0, 0, 0, 0, 0, 0, 0, 0, 0, 0, 0, 0, 0, 0, 0, 0, 0, 0, 0, 0, 0, 0, 0, 0, 0, 0, 0, 0, 0, 0, 0, 0, 0, 0, 0, 0, 0, 1, 0, 0, 0, 0, 0, 0, 0, 0, 1, 0, 0, 0, 0, 0, 0, 0, 0, 0, 0, 0, 0, 0, 0, 0, 0, 0, 0, 0, 0, 0, 0, 0, 0, 0, 0, 0, 0, 0, 0, 0, 0, 0, 0, 0, 0, 0, 0, 0, 0, 0, 0, 0, 0, 0, 0, 0, 0, 0, 1, 0, 0, 0, 0, 0, 0, 0, 0, 0, 0, 0, 1, 0, 0, 0, 0, 0, 0, 0, 0, 0, 0, 0, 0, 0, 0, 0, 0, 0, 0, 0, 0, 0, 0, 0, 0, 0, 0, 0, 0, 0, 0, 0, 0, 0, 0, 0, 0, 0, 0, 1, 0, 0, 0, 0, 0, 1, 0, 0, 0, 0, 0, 0, 0, 0, 0, 0, 0, 0, 0, 0, 0, 1, 0, 0]
E = [9, 9, 118, 9, 9, 9, 50, 118, 9, 450, 118, 118, 50, 9, 9, 9, 9, 118, 118, 118, 50, 9, 9, 9, 9, 450, 118, 50, 450, 450, 118, 9, 9, 118, 118, 50, 50, 50, 9, 118, 450, 50, 450, 50, 50, 50, 50, 450, 50, 50, 50, 101, 50, 50, 101, 50, 50, 50, 151, 50, 50, 50, 50, 151, 450, 77, 77, 77, 77, 50, 50, 77, 77, 77, 77, 77, 77, 77, 77, 77, 151, 450, 77, 151, 118, 118, 101, 101, 101, 101, 101, 101, 101, 101, 101, 101, 101, 450, 450, 101, 101, 101, 9, 101, 101, 101, 118, 118, 101, 101, 9, 450, 118, 118, 118, 118, 118, 118, 118, 118, 118, 101, 118, 118, 118, 118, 118, 118, 118, 118, 118, 118, 118, 151, 118, 151, 118, 151, 151, 151, 151, 151, 151, 151, 151, 151, 151, 151, 151, 151, 151, 151, 151, 151, 151, 151, 151, 151, 151, 9, 151, 151, 151, 151, 151, 77, 77, 77, 77, 77, 77, 77, 77, 118, 77, 450, 77, 77, 77, 151, 77, 77, 9, 77, 77, 77, 77, 77, 77, 77, 77, 218, 214, 50, 218, 218, 214, 214, 214, 218, 218, 214, 214, 218, 218, 214, 218, 218, 214, 218, 218, 218, 214, 214, 214, 214, 218, 218, 214, 214, 214, 218, 218, 218, 218, 218, 214, 214, 214, 214, 218, 218, 214, 218, 214, 214, 214, 218, 218, 214, 214, 214, 214, 214, 218, 218, 218, 9, 9, 218, 9, 9, 9, 450, 118, 450, 9, 50, 450, 450, 9, 101, 450, 450, 450, 450, 450, 450, 450, 450, 450, 450, 450, 450, 450, 151, 151, 318, 318, 151, 318, 318, 318, 327, 77, 77, 77, 327, 327, 77, 318, 318, 318, 318, 318, 318, 318, 318, 318, 318, 318, 318, 318, 327, 327, 327, 327, 327, 327, 327, 327, 327, 327, 327, 327, 318, 318, 318, 318, 318, 318, 318, 318, 318, 318, 327, 327, 327, 327, 327, 327, 327, 327, 327, 327, 327, 318, 318, 318, 318, 377, 377, 318, 377, 327, 327, 327, 327, 327, 327, 327, 327, 327, 327, 327, 377, 377, 377, 377, 377, 389, 327, 389, 327, 389, 389, 389, 389, 389, 377, 389, 377, 377, 377, 377, 377, 377, 377, 389, 389, 389, 389, 389, 389, 389, 389, 389, 389, 389, 389, 389, 389, 389, 389, 377, 434, 377, 377, 377, 377, 377, 428, 377, 377, 428, 428, 428, 428, 428, 428, 428, 377, 434, 389, 389, 389, 389, 389, 389, 389, 389, 389, 434, 434, 434, 434, 428, 428, 428, 428, 428, 428, 434, 434, 434, 434, 434, 434, 434, 434, 434, 428, 428, 428, 428, 428, 50, 101, 50, 450, 214, 218]
