n° iter       = 300 
neighborhood_structure = [2] 
Prioridad     = 5 
balance       = 0.5 
Len_N         = 9 
N° clusters   = 15 
N° estaciones = 452 
N° mejoras    = 20
N° iter completadas  = 94
1° FO         = 336863.0
FO            = 273397
Centros       = [12, 14, 66, 87, 137, 153, 221, 225, 275, 305, 318, 350, 373, 421, 427]
Objs= Any[336863.0, 324459, 309421, 301228, 292391, 285645, 285645, 285645, 285645, 285126, 285126, 284045, 282401, 282401, 282401, 282401, 282401, 282401, 282401, 281925, 281925, 281925, 281270, 279689, 279593, 279593, 279323, 279323, 279323, 279323, 279323, 279323, 279179, 279179, 279179, 279179, 279179, 279179, 279179, 279179, 279179, 279179, 279179, 279179, 278566, 278566, 278566, 278566, 278207, 278207, 278054, 278054, 278054, 278054, 278054, 278054, 278054, 278054, 278054, 278054, 278054, 276294, 276294, 276294, 276294, 276294, 276294, 276294, 276294, 276294, 275503, 275503, 275503, 273397, 273397, 273397, 273397, 273397, 273397, 273397, 273397, 273397, 273397, 273397, 273397, 273397, 273397, 273397, 273397, 273397, 273397, 273397, 273397, 273397, 273397]
current_obj = [324459.0, 309421.0, 301228.0, 292391.0, 285645.0, 285848.0, 289318.0, 290262.0, 285126.0, 288516.0, 284045.0, 282401.0, 286800.0, 289967.0, 285383.0, 283873.0, 285174.0, 284969.0, 281925.0, 284912.0, 282881.0, 281270.0, 279689.0, 279593.0, 281023.0, 279323.0, 283871.0, 281330.0, 284529.0, 282268.0, 281846.0, 279179.0, 280851.0, 281198.0, 281692.0, 280766.0, 279244.0, 281222.0, 280967.0, 281346.0, 280761.0, 282568.0, 280073.0, 278566.0, 283069.0, 282893.0, 279358.0, 278207.0, 281287.0, 278054.0, 279536.0, 280398.0, 280178.0, 280924.0, 281338.0, 282651.0, 281441.0, 279141.0, 278720.0, 280274.0, 276294.0, 279920.0, 277972.0, 280622.0, 279058.0, 277646.0, 283295.0, 279382.0, 279239.0, 275503.0, 276601.0, 279305.0, 273397.0, 274876.0, 275225.0, 275835.0, 276040.0, 273501.0, 278800.0, 275671.0, 279099.0, 273404.0, 275129.0, 278927.0, 275621.0, 275905.0, 273447.0, 274335.0, 280951.0, 273415.0, 274036.0, 273716.0, 278999.0, 278357.0, 281599.0, 0.0, 0.0, 0.0, 0.0, 0.0, 0.0, 0.0, 0.0, 0.0, 0.0, 0.0, 0.0, 0.0, 0.0, 0.0, 0.0, 0.0, 0.0, 0.0, 0.0, 0.0, 0.0, 0.0, 0.0, 0.0, 0.0, 0.0, 0.0, 0.0, 0.0, 0.0, 0.0, 0.0, 0.0, 0.0, 0.0, 0.0, 0.0, 0.0, 0.0, 0.0, 0.0, 0.0, 0.0, 0.0, 0.0, 0.0, 0.0, 0.0, 0.0, 0.0, 0.0, 0.0, 0.0, 0.0, 0.0, 0.0, 0.0, 0.0, 0.0, 0.0, 0.0, 0.0, 0.0, 0.0, 0.0, 0.0, 0.0, 0.0, 0.0, 0.0, 0.0, 0.0, 0.0, 0.0, 0.0, 0.0, 0.0, 0.0, 0.0, 0.0, 0.0, 0.0, 0.0, 0.0, 0.0, 0.0, 0.0, 0.0, 0.0, 0.0, 0.0, 0.0, 0.0, 0.0, 0.0, 0.0, 0.0, 0.0, 0.0, 0.0, 0.0, 0.0, 0.0, 0.0, 0.0, 0.0, 0.0, 0.0, 0.0, 0.0, 0.0, 0.0, 0.0, 0.0, 0.0, 0.0, 0.0, 0.0, 0.0, 0.0, 0.0, 0.0, 0.0, 0.0, 0.0, 0.0, 0.0, 0.0, 0.0, 0.0, 0.0, 0.0, 0.0, 0.0, 0.0, 0.0, 0.0, 0.0, 0.0, 0.0, 0.0, 0.0, 0.0, 0.0, 0.0, 0.0, 0.0, 0.0, 0.0, 0.0, 0.0, 0.0, 0.0, 0.0, 0.0, 0.0, 0.0, 0.0, 0.0, 0.0, 0.0, 0.0, 0.0, 0.0, 0.0, 0.0, 0.0, 0.0, 0.0, 0.0, 0.0, 0.0, 0.0, 0.0, 0.0, 0.0, 0.0, 0.0, 0.0, 0.0, 0.0, 0.0, 0.0, 0.0, 0.0, 0.0, 0.0, 0.0, 0.0, 0.0, 0.0, 0.0, 0.0, 0.0, 0.0, 0.0, 0.0, 0.0, 0.0, 0.0, 0.0, 0.0, 0.0, 0.0]
cong_K= Any[2, 2, 2, 2, 2, 2, 2, 2, 2, 2, 2, 2, 2, 2, 2, 2, 2, 2, 2, 2] 
obj_k= Any[324459, 309421, 301228, 292391, 285645, 285126, 284045, 282401, 281925, 281270, 279689, 279593, 279323, 279179, 278566, 278207, 278054, 276294, 275503, 273397] 
iter_obj = Any[1, 2, 3, 4, 5, 9, 11, 12, 19, 22, 23, 24, 26, 32, 44, 48, 50, 61, 70, 73] 
avgClusterDiam = 1927.6666666666667 
maxClusterDiam = 2382.0 
clusterDiamete = [1941.0; 1806.0; 2382.0; 2191.0; 1719.0; 1936.0; 1960.0; 1784.0; 2034.0; 1680.0; 2129.0; 1522.0; 2137.0; 1786.0; 1908.0]   
C = [0, 0, 0, 0, 0, 0, 0, 0, 0, 0, 0, 1, 0, 1, 0, 0, 0, 0, 0, 0, 0, 0, 0, 0, 0, 0, 0, 0, 0, 0, 0, 0, 0, 0, 0, 0, 0, 0, 0, 0, 0, 0, 0, 0, 0, 0, 0, 0, 0, 0, 0, 0, 0, 0, 0, 0, 0, 0, 0, 0, 0, 0, 0, 0, 0, 1, 0, 0, 0, 0, 0, 0, 0, 0, 0, 0, 0, 0, 0, 0, 0, 0, 0, 0, 0, 0, 1, 0, 0, 0, 0, 0, 0, 0, 0, 0, 0, 0, 0, 0, 0, 0, 0, 0, 0, 0, 0, 0, 0, 0, 0, 0, 0, 0, 0, 0, 0, 0, 0, 0, 0, 0, 0, 0, 0, 0, 0, 0, 0, 0, 0, 0, 0, 0, 0, 0, 1, 0, 0, 0, 0, 0, 0, 0, 0, 0, 0, 0, 0, 0, 0, 0, 1, 0, 0, 0, 0, 0, 0, 0, 0, 0, 0, 0, 0, 0, 0, 0, 0, 0, 0, 0, 0, 0, 0, 0, 0, 0, 0, 0, 0, 0, 0, 0, 0, 0, 0, 0, 0, 0, 0, 0, 0, 0, 0, 0, 0, 0, 0, 0, 0, 0, 0, 0, 0, 0, 0, 0, 0, 0, 0, 0, 0, 0, 0, 0, 0, 0, 0, 0, 1, 0, 0, 0, 1, 0, 0, 0, 0, 0, 0, 0, 0, 0, 0, 0, 0, 0, 0, 0, 0, 0, 0, 0, 0, 0, 0, 0, 0, 0, 0, 0, 0, 0, 0, 0, 0, 0, 0, 0, 0, 0, 0, 0, 0, 0, 0, 0, 0, 0, 0, 0, 0, 0, 1, 0, 0, 0, 0, 0, 0, 0, 0, 0, 0, 0, 0, 0, 0, 0, 0, 0, 0, 0, 0, 0, 0, 0, 0, 0, 0, 0, 0, 0, 1, 0, 0, 0, 0, 0, 0, 0, 0, 0, 0, 0, 0, 1, 0, 0, 0, 0, 0, 0, 0, 0, 0, 0, 0, 0, 0, 0, 0, 0, 0, 0, 0, 0, 0, 0, 0, 0, 0, 0, 0, 0, 0, 0, 0, 1, 0, 0, 0, 0, 0, 0, 0, 0, 0, 0, 0, 0, 0, 0, 0, 0, 0, 0, 0, 0, 0, 0, 1, 0, 0, 0, 0, 0, 0, 0, 0, 0, 0, 0, 0, 0, 0, 0, 0, 0, 0, 0, 0, 0, 0, 0, 0, 0, 0, 0, 0, 0, 0, 0, 0, 0, 0, 0, 0, 0, 0, 0, 0, 0, 0, 0, 0, 0, 0, 0, 1, 0, 0, 0, 0, 0, 1, 0, 0, 0, 0, 0, 0, 0, 0, 0, 0, 0, 0, 0, 0, 0, 0, 0, 0, 0, 0, 0, 0, 0, 0, 0]
E = [12, 14, 12, 14, 14, 12, 14, 12, 14, 275, 12, 12, 66, 14, 14, 12, 12, 12, 12, 12, 14, 14, 14, 14, 12, 275, 12, 14, 275, 12, 275, 14, 14, 14, 14, 14, 14, 14, 14, 137, 275, 14, 87, 14, 66, 14, 14, 87, 66, 66, 14, 87, 66, 66, 87, 137, 66, 66, 153, 66, 153, 66, 66, 153, 87, 66, 66, 66, 153, 153, 66, 66, 66, 66, 66, 153, 66, 66, 66, 66, 153, 87, 153, 153, 12, 12, 87, 87, 87, 87, 87, 87, 87, 87, 87, 87, 87, 87, 87, 87, 87, 87, 12, 87, 87, 87, 87, 87, 87, 87, 12, 275, 12, 12, 12, 275, 12, 12, 12, 137, 137, 87, 137, 137, 137, 137, 137, 137, 137, 137, 137, 137, 137, 137, 137, 137, 137, 137, 137, 137, 137, 153, 137, 137, 137, 153, 137, 137, 137, 153, 153, 153, 153, 153, 153, 153, 153, 153, 153, 12, 153, 153, 153, 153, 153, 66, 66, 66, 305, 66, 305, 66, 305, 275, 305, 275, 66, 66, 153, 153, 66, 153, 12, 66, 66, 66, 66, 66, 66, 66, 66, 225, 225, 14, 225, 225, 221, 221, 221, 225, 225, 221, 221, 221, 225, 221, 225, 225, 221, 221, 225, 225, 221, 221, 221, 221, 225, 225, 221, 221, 221, 221, 225, 225, 225, 225, 221, 221, 221, 221, 225, 225, 221, 225, 221, 221, 221, 221, 225, 221, 221, 221, 221, 221, 225, 225, 225, 225, 14, 225, 14, 14, 14, 12, 12, 12, 12, 66, 275, 87, 14, 87, 12, 275, 275, 275, 275, 275, 275, 275, 275, 275, 275, 275, 275, 153, 153, 153, 153, 153, 318, 318, 318, 305, 305, 305, 305, 305, 305, 305, 305, 318, 318, 318, 318, 318, 318, 318, 318, 318, 305, 318, 305, 305, 305, 305, 305, 305, 305, 305, 305, 305, 305, 305, 305, 318, 318, 318, 318, 318, 318, 318, 318, 318, 318, 350, 350, 305, 350, 350, 350, 350, 350, 350, 318, 373, 373, 373, 318, 318, 373, 373, 318, 373, 373, 350, 350, 350, 350, 350, 350, 350, 350, 350, 373, 373, 373, 373, 373, 373, 350, 350, 350, 350, 350, 350, 350, 350, 350, 373, 373, 373, 373, 373, 373, 373, 373, 373, 373, 421, 421, 421, 421, 421, 421, 421, 421, 421, 421, 421, 421, 421, 421, 421, 373, 373, 373, 427, 373, 373, 427, 427, 427, 373, 427, 427, 427, 427, 427, 427, 427, 427, 421, 421, 421, 421, 421, 421, 421, 421, 421, 421, 421, 427, 427, 427, 427, 427, 427, 427, 427, 427, 427, 427, 421, 421, 421, 421, 427, 427, 427, 427, 427, 427, 427, 427, 14, 87, 14, 275, 221, 225]
