n° iter       = 300 
neighborhood_structure = [1] 
Prioridad     = 5 
balance       = 0.5 
Len_N         = 1 
N° clusters   = 15 
N° estaciones = 452 
N° mejoras    = 24
N° iter completadas  = 98
1° FO         = 357255.0
FO            = 281934
Centros       = [28, 55, 86, 134, 177, 180, 216, 225, 269, 299, 308, 357, 368, 407, 423]
Objs= Any[357255.0, 355833, 355833, 348879, 345516, 341164, 341164, 341164, 339035, 337594, 337594, 337594, 328004, 328004, 326766, 326766, 326766, 326766, 326492, 326492, 309497, 309497, 309497, 309022, 309022, 309022, 309022, 309022, 309022, 309022, 309022, 309022, 309022, 309022, 309022, 309022, 309022, 308770, 308770, 308770, 304258, 304258, 297216, 297216, 297216, 297216, 297216, 297216, 297216, 297053, 297053, 293947, 293947, 293947, 293947, 293947, 293947, 293947, 293947, 293947, 293947, 293947, 293540, 293540, 290575, 290575, 290575, 290575, 290575, 288522, 288522, 288522, 288522, 288522, 288522, 288522, 288522, 288522, 286410, 286410, 285701, 285701, 285701, 285701, 285701, 285287, 285287, 285287, 285287, 285287, 283675, 283675, 283675, 283675, 281934, 281934, 281934, 281934, 281934]
current_obj = [355833.0, 360558.0, 348879.0, 345516.0, 341164.0, 341689.0, 342791.0, 339035.0, 337594.0, 339073.0, 345572.0, 328004.0, 328165.0, 326766.0, 327428.0, 333758.0, 336959.0, 326492.0, 328090.0, 309497.0, 315772.0, 313222.0, 309022.0, 312567.0, 326001.0, 312486.0, 313089.0, 311602.0, 313576.0, 312567.0, 309602.0, 311941.0, 312201.0, 318941.0, 312009.0, 310097.0, 308770.0, 310986.0, 313828.0, 304258.0, 310649.0, 297216.0, 301949.0, 301011.0, 301011.0, 311044.0, 303465.0, 299772.0, 297053.0, 313654.0, 293947.0, 301614.0, 309893.0, 308265.0, 304784.0, 297593.0, 309374.0, 299437.0, 294250.0, 305641.0, 295512.0, 293540.0, 298003.0, 290575.0, 292004.0, 295870.0, 294864.0, 291943.0, 288522.0, 289398.0, 290825.0, 289022.0, 293263.0, 302588.0, 292902.0, 292606.0, 290088.0, 286410.0, 288314.0, 285701.0, 296062.0, 292330.0, 288597.0, 299479.0, 285287.0, 285987.0, 288448.0, 285675.0, 289122.0, 283675.0, 293283.0, 288063.0, 284375.0, 281934.0, 290609.0, 283990.0, 290017.0, 286636.0, 286560.0, 0.0, 0.0, 0.0, 0.0, 0.0, 0.0, 0.0, 0.0, 0.0, 0.0, 0.0, 0.0, 0.0, 0.0, 0.0, 0.0, 0.0, 0.0, 0.0, 0.0, 0.0, 0.0, 0.0, 0.0, 0.0, 0.0, 0.0, 0.0, 0.0, 0.0, 0.0, 0.0, 0.0, 0.0, 0.0, 0.0, 0.0, 0.0, 0.0, 0.0, 0.0, 0.0, 0.0, 0.0, 0.0, 0.0, 0.0, 0.0, 0.0, 0.0, 0.0, 0.0, 0.0, 0.0, 0.0, 0.0, 0.0, 0.0, 0.0, 0.0, 0.0, 0.0, 0.0, 0.0, 0.0, 0.0, 0.0, 0.0, 0.0, 0.0, 0.0, 0.0, 0.0, 0.0, 0.0, 0.0, 0.0, 0.0, 0.0, 0.0, 0.0, 0.0, 0.0, 0.0, 0.0, 0.0, 0.0, 0.0, 0.0, 0.0, 0.0, 0.0, 0.0, 0.0, 0.0, 0.0, 0.0, 0.0, 0.0, 0.0, 0.0, 0.0, 0.0, 0.0, 0.0, 0.0, 0.0, 0.0, 0.0, 0.0, 0.0, 0.0, 0.0, 0.0, 0.0, 0.0, 0.0, 0.0, 0.0, 0.0, 0.0, 0.0, 0.0, 0.0, 0.0, 0.0, 0.0, 0.0, 0.0, 0.0, 0.0, 0.0, 0.0, 0.0, 0.0, 0.0, 0.0, 0.0, 0.0, 0.0, 0.0, 0.0, 0.0, 0.0, 0.0, 0.0, 0.0, 0.0, 0.0, 0.0, 0.0, 0.0, 0.0, 0.0, 0.0, 0.0, 0.0, 0.0, 0.0, 0.0, 0.0, 0.0, 0.0, 0.0, 0.0, 0.0, 0.0, 0.0, 0.0, 0.0, 0.0, 0.0, 0.0, 0.0, 0.0, 0.0, 0.0, 0.0, 0.0, 0.0, 0.0, 0.0, 0.0, 0.0, 0.0, 0.0, 0.0, 0.0, 0.0, 0.0, 0.0, 0.0, 0.0, 0.0, 0.0, 0.0, 0.0, 0.0, 0.0, 0.0, 0.0]
cong_K= Any[1, 1, 1, 1, 1, 1, 1, 1, 1, 1, 1, 1, 1, 1, 1, 1, 1, 1, 1, 1, 1, 1, 1, 1] 
obj_k= Any[355833, 348879, 345516, 341164, 339035, 337594, 328004, 326766, 326492, 309497, 309022, 308770, 304258, 297216, 297053, 293947, 293540, 290575, 288522, 286410, 285701, 285287, 283675, 281934] 
iter_obj = Any[1, 3, 4, 5, 8, 9, 12, 14, 18, 20, 23, 37, 40, 42, 49, 51, 62, 64, 69, 78, 80, 85, 90, 94] 
avgClusterDiam = 1981.5333333333333 
maxClusterDiam = 2382.0 
clusterDiamete = [1854.0; 1982.0; 2293.0; 2321.0; 2382.0; 1692.0; 2067.0; 1965.0; 2065.0; 1975.0; 1689.0; 1909.0; 1806.0; 1756.0; 1967.0]   
C = [0, 0, 0, 0, 0, 0, 0, 0, 0, 0, 0, 0, 0, 0, 0, 0, 0, 0, 0, 0, 0, 0, 0, 0, 0, 0, 0, 1, 0, 0, 0, 0, 0, 0, 0, 0, 0, 0, 0, 0, 0, 0, 0, 0, 0, 0, 0, 0, 0, 0, 0, 0, 0, 0, 1, 0, 0, 0, 0, 0, 0, 0, 0, 0, 0, 0, 0, 0, 0, 0, 0, 0, 0, 0, 0, 0, 0, 0, 0, 0, 0, 0, 0, 0, 0, 1, 0, 0, 0, 0, 0, 0, 0, 0, 0, 0, 0, 0, 0, 0, 0, 0, 0, 0, 0, 0, 0, 0, 0, 0, 0, 0, 0, 0, 0, 0, 0, 0, 0, 0, 0, 0, 0, 0, 0, 0, 0, 0, 0, 0, 0, 0, 0, 1, 0, 0, 0, 0, 0, 0, 0, 0, 0, 0, 0, 0, 0, 0, 0, 0, 0, 0, 0, 0, 0, 0, 0, 0, 0, 0, 0, 0, 0, 0, 0, 0, 0, 0, 0, 0, 0, 0, 0, 0, 0, 0, 1, 0, 0, 1, 0, 0, 0, 0, 0, 0, 0, 0, 0, 0, 0, 0, 0, 0, 0, 0, 0, 0, 0, 0, 0, 0, 0, 0, 0, 0, 0, 0, 0, 0, 0, 0, 0, 0, 0, 1, 0, 0, 0, 0, 0, 0, 0, 0, 1, 0, 0, 0, 0, 0, 0, 0, 0, 0, 0, 0, 0, 0, 0, 0, 0, 0, 0, 0, 0, 0, 0, 0, 0, 0, 0, 0, 0, 0, 0, 0, 0, 0, 0, 0, 0, 0, 0, 0, 0, 0, 0, 0, 1, 0, 0, 0, 0, 0, 0, 0, 0, 0, 0, 0, 0, 0, 0, 0, 0, 0, 0, 0, 0, 0, 0, 0, 0, 0, 0, 0, 0, 0, 1, 0, 0, 0, 0, 0, 0, 0, 0, 1, 0, 0, 0, 0, 0, 0, 0, 0, 0, 0, 0, 0, 0, 0, 0, 0, 0, 0, 0, 0, 0, 0, 0, 0, 0, 0, 0, 0, 0, 0, 0, 0, 0, 0, 0, 0, 0, 0, 0, 0, 0, 0, 0, 0, 0, 0, 0, 0, 1, 0, 0, 0, 0, 0, 0, 0, 0, 0, 0, 1, 0, 0, 0, 0, 0, 0, 0, 0, 0, 0, 0, 0, 0, 0, 0, 0, 0, 0, 0, 0, 0, 0, 0, 0, 0, 0, 0, 0, 0, 0, 0, 0, 0, 0, 0, 0, 0, 0, 1, 0, 0, 0, 0, 0, 0, 0, 0, 0, 0, 0, 0, 0, 0, 0, 1, 0, 0, 0, 0, 0, 0, 0, 0, 0, 0, 0, 0, 0, 0, 0, 0, 0, 0, 0, 0, 0, 0, 0, 0, 0, 0, 0, 0, 0]
E = [86, 28, 86, 28, 28, 86, 225, 86, 28, 269, 86, 86, 177, 28, 28, 28, 86, 86, 86, 86, 28, 28, 28, 28, 86, 86, 86, 28, 269, 86, 269, 28, 28, 28, 134, 28, 28, 28, 28, 134, 86, 28, 55, 28, 134, 28, 134, 55, 28, 28, 28, 55, 177, 28, 55, 134, 177, 28, 134, 177, 180, 177, 177, 180, 55, 177, 177, 177, 180, 180, 180, 177, 177, 177, 177, 180, 177, 177, 180, 180, 180, 55, 180, 180, 86, 86, 55, 55, 55, 55, 55, 55, 55, 55, 55, 55, 55, 86, 269, 55, 55, 55, 86, 55, 55, 55, 86, 86, 55, 55, 86, 86, 86, 86, 86, 86, 86, 86, 86, 86, 134, 55, 134, 134, 134, 134, 134, 134, 134, 134, 134, 134, 134, 134, 134, 134, 134, 134, 134, 134, 134, 134, 134, 134, 134, 180, 134, 134, 134, 180, 134, 180, 180, 180, 134, 180, 180, 134, 134, 86, 180, 180, 134, 180, 180, 177, 177, 177, 180, 177, 308, 177, 180, 269, 180, 269, 177, 177, 180, 180, 180, 180, 86, 177, 177, 177, 177, 177, 177, 177, 177, 225, 225, 28, 225, 216, 216, 216, 216, 225, 225, 216, 216, 216, 225, 216, 225, 225, 216, 216, 225, 225, 216, 216, 216, 216, 225, 225, 216, 216, 216, 216, 216, 225, 225, 225, 216, 216, 216, 216, 216, 225, 216, 216, 216, 216, 216, 216, 225, 216, 216, 216, 216, 216, 216, 225, 225, 225, 225, 225, 28, 28, 28, 86, 86, 86, 86, 28, 269, 55, 28, 55, 86, 269, 269, 269, 269, 269, 269, 269, 269, 269, 269, 269, 269, 299, 299, 299, 299, 299, 299, 299, 299, 308, 308, 308, 308, 308, 308, 299, 299, 299, 299, 299, 299, 299, 299, 299, 299, 299, 299, 299, 308, 308, 308, 308, 308, 308, 308, 308, 308, 308, 308, 308, 308, 299, 299, 299, 299, 299, 299, 299, 299, 357, 357, 308, 308, 308, 308, 308, 308, 368, 308, 368, 357, 357, 357, 357, 357, 357, 357, 357, 357, 357, 357, 357, 368, 368, 368, 368, 368, 368, 368, 368, 357, 357, 357, 357, 357, 357, 368, 368, 368, 368, 368, 368, 368, 368, 368, 368, 368, 357, 357, 357, 357, 357, 357, 357, 357, 368, 368, 368, 368, 368, 368, 368, 368, 368, 368, 423, 423, 423, 423, 423, 357, 423, 357, 407, 357, 357, 407, 407, 407, 407, 407, 407, 407, 407, 407, 407, 407, 407, 423, 423, 423, 423, 368, 423, 423, 423, 423, 423, 423, 423, 423, 407, 407, 407, 407, 407, 407, 407, 423, 423, 423, 423, 423, 423, 423, 423, 423, 407, 407, 407, 407, 407, 28, 55, 28, 269, 216, 225]
