n° iter       = 300 
neighborhood_structure = [1 2 3] 
Prioridad     = 5 
balance       = 0.5 
Len_N         = 3 
N° clusters   = 15 
N° estaciones = 452 
N° mejoras    = 49
N° iter completadas  = 300
1° FO         = 330204.0
FO            = 270041
Centros       = [19, 28, 72, 87, 134, 152, 215, 225, 271, 299, 308, 353, 358, 416, 427]
Objs= Any[330204.0, 323816, 322096, 312742, 297017, 294293, 290648, 289706, 289367, 289367, 288002, 287582, 287582, 287582, 286452, 286452, 285530, 285530, 284569, 284569, 283396, 283111, 282403, 279969, 279124, 279124, 279124, 279124, 279124, 279124, 279023, 279023, 279023, 278863, 278562, 278194, 278012, 277955, 277955, 277955, 277955, 277955, 277265, 277265, 277080, 277080, 277080, 276887, 276887, 276887, 276887, 276887, 276887, 276887, 276887, 276887, 276887, 276887, 276887, 276887, 276887, 276887, 276887, 276887, 276887, 276887, 276887, 276887, 276887, 276887, 276065, 276065, 276065, 276065, 275776, 274729, 274729, 274311, 274311, 274311, 274311, 274311, 274172, 273988, 273988, 273988, 273988, 273988, 273988, 273988, 273988, 273988, 273896, 273896, 273896, 273896, 273896, 273896, 273896, 273776, 273776, 273776, 273776, 273776, 273776, 273776, 273776, 273776, 273776, 273671, 273671, 273671, 273671, 273671, 273664, 273664, 273664, 273664, 273664, 273664, 273664, 273664, 273664, 273107, 273107, 273107, 273107, 273107, 272338, 272338, 272338, 272338, 272338, 272338, 272338, 272304, 272304, 272304, 272304, 272304, 272304, 272304, 272304, 272304, 272184, 272184, 272184, 272184, 272184, 272184, 272184, 272184, 272184, 272184, 272184, 272184, 272184, 272184, 272184, 272184, 272184, 272184, 272123, 272123, 272123, 272123, 271699, 271699, 271699, 271699, 271699, 271699, 271699, 271699, 271699, 271699, 271699, 271699, 271699, 271478, 271478, 271478, 271478, 271478, 271217, 271217, 271217, 271217, 271217, 271217, 271217, 271217, 271046, 271046, 271046, 270778, 270778, 270778, 270778, 270278, 270278, 270278, 270278, 270278, 270278, 270278, 270278, 270278, 270278, 270278, 270278, 270278, 270278, 270278, 270278, 270278, 270278, 270278, 270278, 270278, 270278, 270278, 270278, 270278, 270278, 270278, 270278, 270278, 270278, 270278, 270278, 270278, 270278, 270278, 270278, 270041, 270041, 270041, 270041, 270041, 270041, 270041, 270041, 270041, 270041, 270041, 270041, 270041, 270041, 270041, 270041, 270041, 270041, 270041, 270041, 270041, 270041, 270041, 270041, 270041, 270041, 270041, 270041, 270041, 270041, 270041, 270041, 270041, 270041, 270041, 270041, 270041, 270041, 270041, 270041, 270041, 270041, 270041, 270041, 270041, 270041, 270041, 270041, 270041, 270041, 270041, 270041, 270041, 270041, 270041, 270041, 270041, 270041, 270041, 270041, 270041, 270041, 270041, 270041, 270041]
current_obj = [323816.0, 322096.0, 312742.0, 297017.0, 294293.0, 290648.0, 289706.0, 289367.0, 290213.0, 288002.0, 287582.0, 289362.0, 287841.0, 286452.0, 286876.0, 285530.0, 287576.0, 284569.0, 286275.0, 283396.0, 283111.0, 282403.0, 279969.0, 279124.0, 279133.0, 279399.0, 279815.0, 280663.0, 280062.0, 279023.0, 280384.0, 282096.0, 278863.0, 278562.0, 278194.0, 278012.0, 277955.0, 279894.0, 281128.0, 279560.0, 278077.0, 277265.0, 279078.0, 277080.0, 277874.0, 278309.0, 276887.0, 277197.0, 277341.0, 281333.0, 279097.0, 277606.0, 278621.0, 281252.0, 278964.0, 279395.0, 278923.0, 277696.0, 277074.0, 278021.0, 279154.0, 278163.0, 278856.0, 277794.0, 280256.0, 277341.0, 278757.0, 277083.0, 278102.0, 276065.0, 277250.0, 277437.0, 279791.0, 275776.0, 274729.0, 275725.0, 274311.0, 277645.0, 277277.0, 274856.0, 276880.0, 274172.0, 273988.0, 275282.0, 275333.0, 274282.0, 274347.0, 274810.0, 276071.0, 274001.0, 274282.0, 273896.0, 275438.0, 273988.0, 275417.0, 275999.0, 277129.0, 274059.0, 273776.0, 273931.0, 274350.0, 276123.0, 275288.0, 273931.0, 274049.0, 274931.0, 275551.0, 274401.0, 273671.0, 274392.0, 274184.0, 276951.0, 273979.0, 273664.0, 274967.0, 275018.0, 273944.0, 276137.0, 274165.0, 275027.0, 277899.0, 277383.0, 273107.0, 274410.0, 275332.0, 277026.0, 273949.0, 272338.0, 274779.0, 274164.0, 274648.0, 272902.0, 273963.0, 272650.0, 272304.0, 272948.0, 272488.0, 275230.0, 272738.0, 273724.0, 274165.0, 272616.0, 272501.0, 272184.0, 272254.0, 273600.0, 272511.0, 273877.0, 274672.0, 273339.0, 273367.0, 274749.0, 274608.0, 274993.0, 273953.0, 275236.0, 275378.0, 273223.0, 272281.0, 274427.0, 274950.0, 272123.0, 273652.0, 272746.0, 273295.0, 271699.0, 275464.0, 273871.0, 272192.0, 273695.0, 273007.0, 276025.0, 272691.0, 272767.0, 273812.0, 277023.0, 275351.0, 273695.0, 271478.0, 272408.0, 271678.0, 274654.0, 272629.0, 271217.0, 271900.0, 273371.0, 271979.0, 271704.0, 274177.0, 272934.0, 273037.0, 271046.0, 274877.0, 271353.0, 270778.0, 271608.0, 272012.0, 272151.0, 270278.0, 270617.0, 271475.0, 271792.0, 271493.0, 271402.0, 274218.0, 270667.0, 271038.0, 270287.0, 271781.0, 273067.0, 270348.0, 274107.0, 272126.0, 273017.0, 271547.0, 272940.0, 272604.0, 271402.0, 273314.0, 270669.0, 272878.0, 271181.0, 272311.0, 272280.0, 273139.0, 272347.0, 270446.0, 270512.0, 271225.0, 272684.0, 270736.0, 274612.0, 271516.0, 273688.0, 270041.0, 271396.0, 271361.0, 271097.0, 272009.0, 270111.0, 270801.0, 271052.0, 271925.0, 270257.0, 272278.0, 272460.0, 274326.0, 275034.0, 270278.0, 271361.0, 270092.0, 270238.0, 271547.0, 271935.0, 275286.0, 270092.0, 272286.0, 271679.0, 270634.0, 272183.0, 273442.0, 270511.0, 271865.0, 276106.0, 271052.0, 272043.0, 273215.0, 270981.0, 270202.0, 272077.0, 271892.0, 272113.0, 274019.0, 272698.0, 270875.0, 271305.0, 271381.0, 274083.0, 273688.0, 270257.0, 272986.0, 271515.0, 272194.0, 270918.0, 273145.0, 274095.0, 270718.0, 270634.0, 272435.0, 271856.0, 272278.0, 271074.0, 270050.0, 270197.0, 271935.0, 271033.0, 270718.0, 272428.0, 270731.0, 271515.0]
cong_K= Any[2, 1, 1, 2, 2, 1, 1, 1, 1, 2, 3, 1, 1, 1, 1, 1, 1, 1, 1, 1, 1, 1, 1, 1, 1, 1, 1, 1, 1, 1, 1, 1, 1, 1, 1, 1, 2, 3, 1, 2, 1, 1, 1, 1, 1, 1, 1, 1, 1] 
obj_k= Any[323816, 322096, 312742, 297017, 294293, 290648, 289706, 289367, 288002, 287582, 286452, 285530, 284569, 283396, 283111, 282403, 279969, 279124, 279023, 278863, 278562, 278194, 278012, 277955, 277265, 277080, 276887, 276065, 275776, 274729, 274311, 274172, 273988, 273896, 273776, 273671, 273664, 273107, 272338, 272304, 272184, 272123, 271699, 271478, 271217, 271046, 270778, 270278, 270041] 
iter_obj = Any[1, 2, 3, 4, 5, 6, 7, 8, 10, 11, 14, 16, 18, 20, 21, 22, 23, 24, 30, 33, 34, 35, 36, 37, 42, 44, 47, 70, 74, 75, 77, 82, 83, 92, 99, 109, 114, 123, 128, 135, 144, 162, 166, 179, 184, 192, 195, 199, 235] 
avgClusterDiam = 1974.1333333333334 
maxClusterDiam = 2382.0 
clusterDiamete = [1992.0; 1809.0; 2382.0; 2191.0; 1939.0; 2221.0; 1960.0; 1702.0; 2034.0; 2077.0; 1809.0; 1563.0; 2239.0; 1786.0; 1908.0]   
C = [0, 0, 0, 0, 0, 0, 0, 0, 0, 0, 0, 0, 0, 0, 0, 0, 0, 0, 1, 0, 0, 0, 0, 0, 0, 0, 0, 1, 0, 0, 0, 0, 0, 0, 0, 0, 0, 0, 0, 0, 0, 0, 0, 0, 0, 0, 0, 0, 0, 0, 0, 0, 0, 0, 0, 0, 0, 0, 0, 0, 0, 0, 0, 0, 0, 0, 0, 0, 0, 0, 0, 1, 0, 0, 0, 0, 0, 0, 0, 0, 0, 0, 0, 0, 0, 0, 1, 0, 0, 0, 0, 0, 0, 0, 0, 0, 0, 0, 0, 0, 0, 0, 0, 0, 0, 0, 0, 0, 0, 0, 0, 0, 0, 0, 0, 0, 0, 0, 0, 0, 0, 0, 0, 0, 0, 0, 0, 0, 0, 0, 0, 0, 0, 1, 0, 0, 0, 0, 0, 0, 0, 0, 0, 0, 0, 0, 0, 0, 0, 0, 0, 1, 0, 0, 0, 0, 0, 0, 0, 0, 0, 0, 0, 0, 0, 0, 0, 0, 0, 0, 0, 0, 0, 0, 0, 0, 0, 0, 0, 0, 0, 0, 0, 0, 0, 0, 0, 0, 0, 0, 0, 0, 0, 0, 0, 0, 0, 0, 0, 0, 0, 0, 0, 0, 0, 0, 0, 0, 0, 0, 0, 0, 0, 0, 1, 0, 0, 0, 0, 0, 0, 0, 0, 0, 1, 0, 0, 0, 0, 0, 0, 0, 0, 0, 0, 0, 0, 0, 0, 0, 0, 0, 0, 0, 0, 0, 0, 0, 0, 0, 0, 0, 0, 0, 0, 0, 0, 0, 0, 0, 0, 0, 0, 0, 0, 0, 0, 0, 0, 0, 1, 0, 0, 0, 0, 0, 0, 0, 0, 0, 0, 0, 0, 0, 0, 0, 0, 0, 0, 0, 0, 0, 0, 0, 0, 0, 0, 0, 1, 0, 0, 0, 0, 0, 0, 0, 0, 1, 0, 0, 0, 0, 0, 0, 0, 0, 0, 0, 0, 0, 0, 0, 0, 0, 0, 0, 0, 0, 0, 0, 0, 0, 0, 0, 0, 0, 0, 0, 0, 0, 0, 0, 0, 0, 0, 0, 0, 0, 0, 0, 0, 0, 1, 0, 0, 0, 0, 1, 0, 0, 0, 0, 0, 0, 0, 0, 0, 0, 0, 0, 0, 0, 0, 0, 0, 0, 0, 0, 0, 0, 0, 0, 0, 0, 0, 0, 0, 0, 0, 0, 0, 0, 0, 0, 0, 0, 0, 0, 0, 0, 0, 0, 0, 0, 0, 0, 0, 0, 0, 0, 0, 0, 0, 0, 0, 1, 0, 0, 0, 0, 0, 0, 0, 0, 0, 0, 1, 0, 0, 0, 0, 0, 0, 0, 0, 0, 0, 0, 0, 0, 0, 0, 0, 0, 0, 0, 0, 0, 0, 0, 0, 0]
E = [19, 28, 19, 28, 19, 19, 28, 19, 28, 271, 19, 19, 72, 28, 28, 19, 19, 19, 19, 19, 28, 28, 28, 28, 19, 19, 19, 28, 271, 19, 271, 28, 28, 19, 19, 28, 28, 28, 28, 134, 87, 28, 87, 28, 152, 28, 134, 87, 28, 28, 134, 87, 72, 72, 87, 134, 72, 28, 152, 72, 152, 72, 72, 152, 87, 72, 72, 72, 152, 152, 152, 72, 72, 72, 72, 152, 72, 72, 72, 152, 152, 87, 152, 152, 19, 19, 87, 87, 87, 87, 87, 87, 87, 87, 87, 87, 87, 87, 87, 87, 87, 87, 19, 87, 87, 87, 87, 87, 87, 87, 19, 19, 19, 19, 19, 271, 19, 19, 19, 19, 19, 87, 134, 134, 134, 134, 134, 134, 134, 134, 134, 134, 134, 134, 134, 134, 134, 134, 134, 134, 134, 152, 134, 134, 134, 152, 134, 134, 134, 152, 152, 152, 152, 152, 152, 152, 152, 152, 152, 19, 152, 152, 152, 152, 152, 72, 72, 72, 72, 72, 72, 72, 308, 271, 308, 271, 72, 72, 152, 152, 72, 152, 19, 72, 72, 72, 72, 72, 72, 72, 72, 225, 225, 28, 225, 215, 215, 215, 215, 225, 225, 215, 215, 215, 225, 215, 225, 225, 215, 215, 225, 225, 215, 215, 215, 215, 225, 225, 215, 215, 215, 215, 225, 225, 225, 225, 215, 215, 215, 215, 225, 225, 215, 225, 215, 215, 215, 215, 225, 215, 215, 215, 215, 215, 225, 225, 225, 225, 225, 225, 28, 28, 28, 271, 19, 19, 19, 28, 271, 87, 28, 87, 19, 271, 271, 271, 271, 271, 271, 271, 271, 271, 271, 271, 271, 299, 299, 299, 299, 299, 299, 299, 299, 308, 308, 308, 308, 308, 308, 299, 299, 299, 299, 299, 299, 299, 299, 299, 299, 299, 299, 299, 308, 308, 308, 308, 308, 308, 308, 308, 308, 308, 308, 308, 308, 299, 299, 299, 299, 299, 299, 299, 299, 299, 299, 308, 308, 308, 308, 308, 308, 353, 353, 353, 358, 358, 358, 358, 358, 358, 358, 358, 358, 358, 353, 358, 353, 353, 353, 353, 353, 353, 353, 353, 353, 358, 358, 358, 358, 358, 353, 353, 353, 353, 353, 353, 353, 353, 353, 353, 353, 358, 358, 358, 358, 358, 358, 358, 358, 416, 416, 416, 416, 416, 416, 416, 416, 416, 416, 416, 416, 416, 416, 416, 416, 416, 358, 427, 427, 358, 427, 427, 427, 358, 427, 427, 427, 427, 427, 427, 427, 427, 416, 416, 416, 416, 416, 416, 416, 416, 416, 416, 416, 427, 427, 427, 427, 427, 427, 427, 427, 427, 427, 427, 416, 416, 416, 416, 427, 427, 427, 427, 427, 427, 427, 427, 28, 87, 28, 271, 215, 225]
