n° iter       = 300 
neighborhood_structure = [2] 
Prioridad     = 10 
balance       = 0.5 
Len_N         = 1 
N° clusters   = 15 
N° estaciones = 452 
N° mejoras    = 10
N° iter completadas  = 84
1° FO         = 319719.0
FO            = 284457
Centros       = [23, 64, 72, 101, 115, 134, 214, 218, 273, 285, 293, 344, 381, 407, 433]
Objs= Any[319719.0, 319719.0, 319719.0, 319719.0, 313297, 307789, 295474, 295474, 295474, 295474, 295474, 293855, 293855, 293855, 293855, 293855, 293750, 293750, 293750, 293750, 293750, 293750, 290632, 290632, 290632, 290632, 290632, 290632, 290632, 290632, 290632, 289645, 289645, 289645, 289645, 289645, 289645, 289645, 289645, 289645, 289645, 289645, 286513, 286513, 286513, 286513, 286513, 286513, 286513, 286513, 286513, 286513, 285677, 285677, 285677, 285677, 285677, 285677, 285677, 285677, 285677, 285677, 285677, 285677, 285677, 285677, 285677, 285677, 285677, 285677, 285677, 285677, 285677, 285677, 285677, 285677, 285677, 285677, 285677, 285677, 285677, 285677, 285677, 285677, 284457]
current_obj = [331132.0, 326991.0, 330622.0, 313297.0, 307789.0, 295474.0, 298302.0, 297452.0, 302783.0, 299603.0, 293855.0, 302172.0, 301816.0, 299088.0, 297757.0, 293750.0, 300007.0, 297415.0, 295288.0, 307702.0, 301898.0, 290632.0, 292097.0, 291849.0, 299359.0, 292277.0, 291732.0, 311114.0, 299253.0, 296583.0, 289645.0, 293966.0, 292831.0, 303682.0, 292132.0, 297370.0, 294313.0, 294663.0, 292239.0, 291222.0, 298887.0, 286513.0, 293566.0, 293740.0, 292485.0, 291095.0, 301645.0, 293708.0, 293627.0, 286767.0, 307599.0, 285677.0, 287183.0, 292454.0, 286247.0, 286802.0, 287680.0, 289898.0, 297194.0, 288521.0, 287504.0, 291956.0, 300351.0, 294056.0, 292697.0, 302886.0, 297417.0, 298981.0, 300799.0, 294407.0, 289353.0, 295491.0, 295785.0, 295790.0, 292337.0, 292146.0, 297898.0, 295532.0, 291308.0, 288383.0, 288401.0, 292763.0, 292062.0, 284457.0, 289690.0, 0.0, 0.0, 0.0, 0.0, 0.0, 0.0, 0.0, 0.0, 0.0, 0.0, 0.0, 0.0, 0.0, 0.0, 0.0, 0.0, 0.0, 0.0, 0.0, 0.0, 0.0, 0.0, 0.0, 0.0, 0.0, 0.0, 0.0, 0.0, 0.0, 0.0, 0.0, 0.0, 0.0, 0.0, 0.0, 0.0, 0.0, 0.0, 0.0, 0.0, 0.0, 0.0, 0.0, 0.0, 0.0, 0.0, 0.0, 0.0, 0.0, 0.0, 0.0, 0.0, 0.0, 0.0, 0.0, 0.0, 0.0, 0.0, 0.0, 0.0, 0.0, 0.0, 0.0, 0.0, 0.0, 0.0, 0.0, 0.0, 0.0, 0.0, 0.0, 0.0, 0.0, 0.0, 0.0, 0.0, 0.0, 0.0, 0.0, 0.0, 0.0, 0.0, 0.0, 0.0, 0.0, 0.0, 0.0, 0.0, 0.0, 0.0, 0.0, 0.0, 0.0, 0.0, 0.0, 0.0, 0.0, 0.0, 0.0, 0.0, 0.0, 0.0, 0.0, 0.0, 0.0, 0.0, 0.0, 0.0, 0.0, 0.0, 0.0, 0.0, 0.0, 0.0, 0.0, 0.0, 0.0, 0.0, 0.0, 0.0, 0.0, 0.0, 0.0, 0.0, 0.0, 0.0, 0.0, 0.0, 0.0, 0.0, 0.0, 0.0, 0.0, 0.0, 0.0, 0.0, 0.0, 0.0, 0.0, 0.0, 0.0, 0.0, 0.0, 0.0, 0.0, 0.0, 0.0, 0.0, 0.0, 0.0, 0.0, 0.0, 0.0, 0.0, 0.0, 0.0, 0.0, 0.0, 0.0, 0.0, 0.0, 0.0, 0.0, 0.0, 0.0, 0.0, 0.0, 0.0, 0.0, 0.0, 0.0, 0.0, 0.0, 0.0, 0.0, 0.0, 0.0, 0.0, 0.0, 0.0, 0.0, 0.0, 0.0, 0.0, 0.0, 0.0, 0.0, 0.0, 0.0, 0.0, 0.0, 0.0, 0.0, 0.0, 0.0, 0.0, 0.0, 0.0, 0.0, 0.0, 0.0, 0.0, 0.0, 0.0, 0.0, 0.0, 0.0, 0.0, 0.0, 0.0, 0.0, 0.0, 0.0, 0.0, 0.0]
cong_K= Any[2, 2, 2, 2, 2, 2, 2, 2, 2, 2] 
obj_k= Any[313297, 307789, 295474, 293855, 293750, 290632, 289645, 286513, 285677, 284457] 
iter_obj = Any[4, 5, 6, 11, 16, 22, 31, 42, 52, 84] 
avgClusterDiam = 2075.133333333333 
maxClusterDiam = 2779.0 
clusterDiamete = [2012.0; 1737.0; 1984.0; 1982.0; 2293.0; 1885.0; 2263.0; 1731.0; 2779.0; 2309.0; 2644.0; 1909.0; 2185.0; 2030.0; 1384.0]   
C = [0, 0, 0, 0, 0, 0, 0, 0, 0, 0, 0, 0, 0, 0, 0, 0, 0, 0, 0, 0, 0, 0, 1, 0, 0, 0, 0, 0, 0, 0, 0, 0, 0, 0, 0, 0, 0, 0, 0, 0, 0, 0, 0, 0, 0, 0, 0, 0, 0, 0, 0, 0, 0, 0, 0, 0, 0, 0, 0, 0, 0, 0, 0, 1, 0, 0, 0, 0, 0, 0, 0, 1, 0, 0, 0, 0, 0, 0, 0, 0, 0, 0, 0, 0, 0, 0, 0, 0, 0, 0, 0, 0, 0, 0, 0, 0, 0, 0, 0, 0, 1, 0, 0, 0, 0, 0, 0, 0, 0, 0, 0, 0, 0, 0, 1, 0, 0, 0, 0, 0, 0, 0, 0, 0, 0, 0, 0, 0, 0, 0, 0, 0, 0, 1, 0, 0, 0, 0, 0, 0, 0, 0, 0, 0, 0, 0, 0, 0, 0, 0, 0, 0, 0, 0, 0, 0, 0, 0, 0, 0, 0, 0, 0, 0, 0, 0, 0, 0, 0, 0, 0, 0, 0, 0, 0, 0, 0, 0, 0, 0, 0, 0, 0, 0, 0, 0, 0, 0, 0, 0, 0, 0, 0, 0, 0, 0, 0, 0, 0, 0, 0, 0, 0, 0, 0, 0, 0, 0, 0, 0, 0, 0, 0, 1, 0, 0, 0, 1, 0, 0, 0, 0, 0, 0, 0, 0, 0, 0, 0, 0, 0, 0, 0, 0, 0, 0, 0, 0, 0, 0, 0, 0, 0, 0, 0, 0, 0, 0, 0, 0, 0, 0, 0, 0, 0, 0, 0, 0, 0, 0, 0, 0, 0, 0, 0, 0, 0, 0, 0, 0, 0, 0, 1, 0, 0, 0, 0, 0, 0, 0, 0, 0, 0, 0, 1, 0, 0, 0, 0, 0, 0, 0, 1, 0, 0, 0, 0, 0, 0, 0, 0, 0, 0, 0, 0, 0, 0, 0, 0, 0, 0, 0, 0, 0, 0, 0, 0, 0, 0, 0, 0, 0, 0, 0, 0, 0, 0, 0, 0, 0, 0, 0, 0, 0, 0, 0, 0, 0, 0, 0, 0, 0, 0, 1, 0, 0, 0, 0, 0, 0, 0, 0, 0, 0, 0, 0, 0, 0, 0, 0, 0, 0, 0, 0, 0, 0, 0, 0, 0, 0, 0, 0, 0, 0, 0, 0, 0, 0, 0, 0, 1, 0, 0, 0, 0, 0, 0, 0, 0, 0, 0, 0, 0, 0, 0, 0, 0, 0, 0, 0, 0, 0, 0, 0, 0, 0, 1, 0, 0, 0, 0, 0, 0, 0, 0, 0, 0, 0, 0, 0, 0, 0, 0, 0, 0, 0, 0, 0, 0, 0, 0, 0, 1, 0, 0, 0, 0, 0, 0, 0, 0, 0, 0, 0, 0, 0, 0, 0, 0, 0, 0, 0]
E = [23, 23, 115, 23, 23, 23, 23, 115, 23, 273, 115, 115, 23, 23, 23, 23, 23, 115, 115, 115, 23, 23, 23, 23, 23, 115, 115, 23, 273, 273, 115, 23, 23, 23, 23, 23, 23, 23, 23, 134, 273, 23, 273, 23, 23, 23, 134, 101, 23, 64, 64, 101, 72, 64, 101, 64, 72, 64, 64, 72, 64, 72, 72, 64, 273, 72, 72, 72, 64, 64, 64, 72, 72, 72, 72, 64, 72, 72, 72, 72, 64, 101, 72, 64, 115, 115, 101, 101, 101, 101, 101, 101, 101, 101, 101, 101, 101, 115, 273, 101, 101, 101, 115, 101, 101, 101, 115, 115, 101, 101, 115, 115, 115, 115, 115, 115, 115, 115, 115, 115, 115, 101, 134, 134, 115, 134, 134, 134, 134, 134, 134, 134, 134, 134, 134, 134, 134, 134, 134, 134, 134, 64, 134, 134, 134, 64, 134, 134, 134, 64, 64, 64, 64, 64, 64, 64, 64, 134, 134, 115, 64, 293, 293, 293, 293, 72, 285, 285, 285, 285, 285, 285, 285, 273, 285, 273, 72, 72, 285, 285, 285, 285, 115, 72, 72, 72, 72, 72, 72, 72, 72, 218, 214, 23, 218, 218, 214, 214, 214, 218, 218, 214, 214, 218, 218, 214, 218, 218, 214, 218, 218, 218, 214, 214, 214, 214, 218, 218, 214, 214, 214, 218, 218, 218, 218, 218, 214, 214, 214, 214, 218, 218, 214, 218, 214, 214, 214, 218, 218, 214, 214, 214, 214, 214, 218, 218, 218, 23, 23, 218, 23, 23, 23, 273, 115, 115, 115, 72, 273, 273, 23, 101, 115, 273, 273, 273, 273, 273, 273, 273, 273, 273, 273, 273, 273, 293, 293, 293, 293, 293, 293, 293, 293, 285, 285, 285, 285, 285, 285, 285, 293, 293, 293, 293, 293, 293, 293, 293, 293, 293, 293, 293, 285, 285, 285, 285, 285, 285, 285, 285, 285, 285, 285, 285, 293, 293, 293, 293, 293, 293, 344, 344, 344, 344, 344, 293, 285, 285, 285, 285, 285, 381, 381, 381, 344, 344, 344, 344, 344, 344, 344, 344, 344, 344, 344, 344, 381, 381, 381, 381, 381, 381, 381, 381, 381, 344, 344, 344, 344, 344, 381, 381, 381, 381, 381, 381, 381, 381, 381, 381, 381, 381, 344, 344, 344, 344, 344, 344, 381, 381, 381, 381, 381, 381, 381, 381, 381, 381, 381, 381, 381, 381, 381, 381, 381, 433, 407, 433, 407, 407, 407, 407, 407, 407, 407, 407, 407, 407, 407, 407, 407, 407, 433, 381, 381, 381, 381, 381, 381, 381, 381, 381, 433, 433, 433, 433, 407, 407, 407, 407, 407, 407, 433, 433, 433, 433, 433, 433, 433, 433, 433, 407, 407, 407, 407, 407, 23, 101, 23, 273, 214, 218]
