n° iter       = 300 
neighborhood_structure = [2] 
Prioridad     = 10 
balance       = 0.5 
Len_N         = 3 
N° clusters   = 15 
N° estaciones = 452 
N° mejoras    = 22
N° iter completadas  = 96
1° FO         = 330693.0
FO            = 275767
Centros       = [4, 66, 86, 87, 134, 152, 211, 230, 264, 282, 305, 338, 350, 411, 415]
Objs= Any[330693.0, 325657, 324518, 319644, 317301, 314734, 314734, 314734, 312267, 312267, 310766, 304841, 302435, 299376, 299376, 299376, 298195, 293651, 293631, 293631, 293631, 293631, 293631, 293631, 286961, 286961, 285228, 285228, 282973, 282973, 282973, 282973, 282973, 282973, 282973, 282973, 282973, 282973, 282973, 282973, 282973, 282973, 282973, 282973, 282855, 282855, 282855, 282855, 282855, 282855, 282855, 282855, 282855, 282855, 282855, 280869, 280869, 280869, 280869, 280869, 280869, 280869, 280869, 280869, 280869, 280869, 280869, 280121, 280121, 280121, 280121, 280121, 280121, 280121, 277010, 277010, 277010, 277010, 277010, 277010, 277010, 277010, 277010, 276584, 276584, 276584, 276584, 276584, 276584, 275767, 275767, 275767, 275767, 275767, 275767, 275767, 275767]
current_obj = [325657.0, 324518.0, 319644.0, 317301.0, 314734.0, 315471.0, 318021.0, 312267.0, 314181.0, 310766.0, 304841.0, 302435.0, 299376.0, 300448.0, 300458.0, 298195.0, 293651.0, 293631.0, 294061.0, 298356.0, 293822.0, 299969.0, 304933.0, 286961.0, 287928.0, 285228.0, 285825.0, 282973.0, 286059.0, 285642.0, 286789.0, 290122.0, 294838.0, 285794.0, 296216.0, 293255.0, 283847.0, 285624.0, 284955.0, 285365.0, 284224.0, 292470.0, 288955.0, 282855.0, 286081.0, 286052.0, 283666.0, 287163.0, 288316.0, 293546.0, 285951.0, 285434.0, 290253.0, 285829.0, 280869.0, 286447.0, 281797.0, 287038.0, 281123.0, 288308.0, 281206.0, 286708.0, 287094.0, 282613.0, 292819.0, 286284.0, 280121.0, 283347.0, 282943.0, 282219.0, 281582.0, 281716.0, 285350.0, 277010.0, 280403.0, 278752.0, 283318.0, 278567.0, 287718.0, 280320.0, 282550.0, 284568.0, 276584.0, 281198.0, 277158.0, 281434.0, 280893.0, 283432.0, 275767.0, 281402.0, 285196.0, 284184.0, 276658.0, 280995.0, 280726.0, 277958.0, 278739.0, 0.0, 0.0, 0.0, 0.0, 0.0, 0.0, 0.0, 0.0, 0.0, 0.0, 0.0, 0.0, 0.0, 0.0, 0.0, 0.0, 0.0, 0.0, 0.0, 0.0, 0.0, 0.0, 0.0, 0.0, 0.0, 0.0, 0.0, 0.0, 0.0, 0.0, 0.0, 0.0, 0.0, 0.0, 0.0, 0.0, 0.0, 0.0, 0.0, 0.0, 0.0, 0.0, 0.0, 0.0, 0.0, 0.0, 0.0, 0.0, 0.0, 0.0, 0.0, 0.0, 0.0, 0.0, 0.0, 0.0, 0.0, 0.0, 0.0, 0.0, 0.0, 0.0, 0.0, 0.0, 0.0, 0.0, 0.0, 0.0, 0.0, 0.0, 0.0, 0.0, 0.0, 0.0, 0.0, 0.0, 0.0, 0.0, 0.0, 0.0, 0.0, 0.0, 0.0, 0.0, 0.0, 0.0, 0.0, 0.0, 0.0, 0.0, 0.0, 0.0, 0.0, 0.0, 0.0, 0.0, 0.0, 0.0, 0.0, 0.0, 0.0, 0.0, 0.0, 0.0, 0.0, 0.0, 0.0, 0.0, 0.0, 0.0, 0.0, 0.0, 0.0, 0.0, 0.0, 0.0, 0.0, 0.0, 0.0, 0.0, 0.0, 0.0, 0.0, 0.0, 0.0, 0.0, 0.0, 0.0, 0.0, 0.0, 0.0, 0.0, 0.0, 0.0, 0.0, 0.0, 0.0, 0.0, 0.0, 0.0, 0.0, 0.0, 0.0, 0.0, 0.0, 0.0, 0.0, 0.0, 0.0, 0.0, 0.0, 0.0, 0.0, 0.0, 0.0, 0.0, 0.0, 0.0, 0.0, 0.0, 0.0, 0.0, 0.0, 0.0, 0.0, 0.0, 0.0, 0.0, 0.0, 0.0, 0.0, 0.0, 0.0, 0.0, 0.0, 0.0, 0.0, 0.0, 0.0, 0.0, 0.0, 0.0, 0.0, 0.0, 0.0, 0.0, 0.0, 0.0, 0.0, 0.0, 0.0, 0.0, 0.0, 0.0, 0.0, 0.0, 0.0, 0.0, 0.0, 0.0, 0.0, 0.0, 0.0]
cong_K= Any[2, 2, 2, 2, 2, 2, 2, 2, 2, 2, 2, 2, 2, 2, 2, 2, 2, 2, 2, 2, 2, 2] 
obj_k= Any[325657, 324518, 319644, 317301, 314734, 312267, 310766, 304841, 302435, 299376, 298195, 293651, 293631, 286961, 285228, 282973, 282855, 280869, 280121, 277010, 276584, 275767] 
iter_obj = Any[1, 2, 3, 4, 5, 8, 10, 11, 12, 13, 16, 17, 18, 24, 26, 28, 44, 55, 67, 74, 83, 89] 
avgClusterDiam = 2001.1333333333334 
maxClusterDiam = 2298.0 
clusterDiamete = [2187.0; 2298.0; 2259.0; 2152.0; 1939.0; 1762.0; 2146.0; 2263.0; 2034.0; 1825.0; 1790.0; 1909.0; 1518.0; 2067.0; 1868.0]   
C = [0, 0, 0, 1, 0, 0, 0, 0, 0, 0, 0, 0, 0, 0, 0, 0, 0, 0, 0, 0, 0, 0, 0, 0, 0, 0, 0, 0, 0, 0, 0, 0, 0, 0, 0, 0, 0, 0, 0, 0, 0, 0, 0, 0, 0, 0, 0, 0, 0, 0, 0, 0, 0, 0, 0, 0, 0, 0, 0, 0, 0, 0, 0, 0, 0, 1, 0, 0, 0, 0, 0, 0, 0, 0, 0, 0, 0, 0, 0, 0, 0, 0, 0, 0, 0, 1, 1, 0, 0, 0, 0, 0, 0, 0, 0, 0, 0, 0, 0, 0, 0, 0, 0, 0, 0, 0, 0, 0, 0, 0, 0, 0, 0, 0, 0, 0, 0, 0, 0, 0, 0, 0, 0, 0, 0, 0, 0, 0, 0, 0, 0, 0, 0, 1, 0, 0, 0, 0, 0, 0, 0, 0, 0, 0, 0, 0, 0, 0, 0, 0, 0, 1, 0, 0, 0, 0, 0, 0, 0, 0, 0, 0, 0, 0, 0, 0, 0, 0, 0, 0, 0, 0, 0, 0, 0, 0, 0, 0, 0, 0, 0, 0, 0, 0, 0, 0, 0, 0, 0, 0, 0, 0, 0, 0, 0, 0, 0, 0, 0, 0, 0, 0, 0, 0, 0, 0, 0, 0, 0, 0, 1, 0, 0, 0, 0, 0, 0, 0, 0, 0, 0, 0, 0, 0, 0, 0, 0, 0, 0, 1, 0, 0, 0, 0, 0, 0, 0, 0, 0, 0, 0, 0, 0, 0, 0, 0, 0, 0, 0, 0, 0, 0, 0, 0, 0, 0, 0, 0, 0, 0, 0, 0, 0, 1, 0, 0, 0, 0, 0, 0, 0, 0, 0, 0, 0, 0, 0, 0, 0, 0, 0, 1, 0, 0, 0, 0, 0, 0, 0, 0, 0, 0, 0, 0, 0, 0, 0, 0, 0, 0, 0, 0, 0, 0, 1, 0, 0, 0, 0, 0, 0, 0, 0, 0, 0, 0, 0, 0, 0, 0, 0, 0, 0, 0, 0, 0, 0, 0, 0, 0, 0, 0, 0, 0, 0, 0, 0, 1, 0, 0, 0, 0, 0, 0, 0, 0, 0, 0, 0, 1, 0, 0, 0, 0, 0, 0, 0, 0, 0, 0, 0, 0, 0, 0, 0, 0, 0, 0, 0, 0, 0, 0, 0, 0, 0, 0, 0, 0, 0, 0, 0, 0, 0, 0, 0, 0, 0, 0, 0, 0, 0, 0, 0, 0, 0, 0, 0, 0, 0, 0, 0, 0, 0, 0, 0, 0, 0, 0, 0, 0, 1, 0, 0, 0, 1, 0, 0, 0, 0, 0, 0, 0, 0, 0, 0, 0, 0, 0, 0, 0, 0, 0, 0, 0, 0, 0, 0, 0, 0, 0, 0, 0, 0, 0, 0, 0, 0, 0, 0, 0, 0, 0]
E = [4, 4, 86, 4, 4, 4, 4, 86, 4, 264, 86, 86, 4, 4, 4, 4, 4, 4, 86, 86, 4, 4, 4, 4, 4, 86, 86, 4, 264, 86, 264, 4, 4, 4, 4, 66, 4, 4, 4, 134, 86, 134, 87, 66, 66, 66, 134, 87, 66, 66, 134, 87, 66, 66, 87, 134, 66, 66, 152, 66, 152, 66, 66, 152, 87, 66, 66, 66, 152, 152, 152, 66, 66, 66, 66, 152, 66, 66, 66, 152, 152, 87, 152, 152, 86, 86, 87, 87, 87, 87, 87, 87, 87, 87, 87, 87, 87, 87, 87, 87, 87, 87, 86, 87, 87, 87, 86, 87, 87, 87, 4, 86, 86, 86, 86, 86, 86, 86, 86, 86, 134, 87, 134, 134, 134, 134, 134, 134, 134, 134, 134, 134, 134, 134, 134, 134, 134, 134, 134, 134, 134, 152, 134, 134, 134, 152, 134, 134, 134, 152, 152, 152, 152, 152, 152, 152, 152, 152, 152, 86, 152, 152, 152, 152, 282, 66, 66, 66, 305, 66, 305, 66, 305, 86, 305, 264, 66, 66, 152, 152, 66, 282, 86, 66, 66, 66, 66, 66, 66, 66, 66, 230, 230, 4, 211, 211, 230, 230, 211, 211, 211, 230, 211, 211, 211, 230, 211, 211, 230, 211, 211, 211, 230, 230, 230, 230, 211, 211, 230, 230, 230, 230, 211, 211, 211, 211, 230, 230, 230, 230, 211, 211, 230, 211, 230, 230, 230, 230, 211, 230, 230, 230, 211, 211, 211, 211, 211, 4, 4, 4, 4, 4, 4, 86, 86, 86, 4, 66, 86, 87, 4, 87, 86, 264, 264, 264, 264, 264, 264, 86, 264, 264, 264, 264, 264, 282, 282, 282, 282, 282, 282, 282, 282, 305, 305, 305, 305, 305, 305, 282, 305, 282, 282, 282, 282, 282, 282, 282, 282, 305, 305, 282, 305, 305, 305, 305, 305, 305, 305, 305, 305, 305, 305, 305, 305, 305, 338, 282, 338, 282, 338, 338, 338, 338, 338, 305, 350, 305, 350, 350, 350, 350, 350, 350, 338, 338, 338, 338, 338, 338, 338, 338, 338, 338, 338, 338, 350, 350, 350, 350, 350, 350, 350, 350, 350, 338, 338, 338, 338, 338, 350, 350, 350, 350, 350, 350, 350, 350, 350, 350, 415, 415, 338, 338, 338, 411, 411, 415, 415, 415, 415, 415, 415, 415, 415, 415, 415, 415, 415, 415, 415, 415, 415, 415, 415, 415, 411, 411, 411, 411, 411, 411, 411, 411, 411, 411, 411, 411, 411, 411, 411, 411, 415, 415, 415, 415, 415, 415, 415, 415, 415, 415, 415, 411, 411, 411, 411, 411, 411, 411, 411, 411, 411, 411, 415, 415, 415, 415, 411, 411, 411, 411, 411, 411, 411, 411, 66, 87, 4, 264, 230, 211]
