n° iter       = 300 
neighborhood_structure = [1] 
Prioridad     = 10 
balance       = 0.5 
Len_N         = 3 
N° clusters   = 15 
N° estaciones = 452 
N° mejoras    = 29
N° iter completadas  = 103
1° FO         = 320386.0
FO            = 269815
Centros       = [12, 28, 78, 84, 87, 137, 206, 218, 264, 299, 308, 358, 362, 415, 428]
Objs= Any[320386.0, 319044, 317931, 302563, 302563, 302359, 301789, 300776, 297552, 297552, 297552, 297552, 292767, 292767, 292767, 292767, 292767, 292767, 292656, 292656, 292656, 290435, 287239, 287239, 287239, 286804, 286124, 283514, 283514, 283028, 283028, 283028, 283028, 283028, 282885, 280459, 280459, 280459, 279391, 277962, 277904, 277904, 276915, 275698, 275698, 275698, 274552, 274552, 274552, 274552, 272056, 271816, 271816, 271816, 271816, 271816, 271816, 271816, 271816, 271816, 271805, 271805, 271805, 271805, 271805, 271805, 271805, 271805, 270052, 270052, 270052, 270052, 270052, 270052, 270052, 269824, 269824, 269824, 269824, 269815, 269815, 269815, 269815, 269815, 269815, 269815, 269815, 269815, 269815, 269815, 269815, 269815, 269815, 269815, 269815, 269815, 269815, 269815, 269815, 269815, 269815, 269815, 269815, 269815]
current_obj = [319044.0, 317931.0, 302563.0, 304541.0, 302359.0, 301789.0, 300776.0, 297552.0, 298166.0, 300541.0, 300209.0, 292767.0, 293172.0, 296980.0, 293522.0, 296514.0, 293777.0, 292656.0, 292709.0, 294105.0, 290435.0, 287239.0, 288686.0, 287441.0, 286804.0, 286124.0, 283514.0, 284450.0, 283028.0, 284879.0, 283640.0, 284690.0, 286316.0, 282885.0, 280459.0, 282308.0, 280571.0, 279391.0, 277962.0, 277904.0, 278441.0, 276915.0, 275698.0, 277982.0, 280725.0, 274552.0, 275716.0, 277593.0, 276121.0, 272056.0, 271816.0, 272518.0, 272989.0, 273015.0, 277288.0, 273608.0, 273341.0, 276326.0, 273341.0, 271805.0, 272736.0, 272736.0, 276320.0, 272616.0, 271916.0, 274596.0, 272409.0, 270052.0, 276071.0, 274145.0, 271243.0, 270569.0, 271081.0, 270826.0, 269824.0, 271742.0, 273375.0, 270311.0, 269815.0, 270029.0, 270989.0, 273983.0, 272865.0, 274109.0, 270617.0, 270043.0, 272077.0, 274163.0, 272320.0, 272623.0, 270091.0, 270029.0, 273783.0, 270038.0, 270095.0, 270867.0, 271814.0, 270319.0, 270368.0, 271585.0, 270565.0, 271280.0, 270988.0, 272748.0, 0.0, 0.0, 0.0, 0.0, 0.0, 0.0, 0.0, 0.0, 0.0, 0.0, 0.0, 0.0, 0.0, 0.0, 0.0, 0.0, 0.0, 0.0, 0.0, 0.0, 0.0, 0.0, 0.0, 0.0, 0.0, 0.0, 0.0, 0.0, 0.0, 0.0, 0.0, 0.0, 0.0, 0.0, 0.0, 0.0, 0.0, 0.0, 0.0, 0.0, 0.0, 0.0, 0.0, 0.0, 0.0, 0.0, 0.0, 0.0, 0.0, 0.0, 0.0, 0.0, 0.0, 0.0, 0.0, 0.0, 0.0, 0.0, 0.0, 0.0, 0.0, 0.0, 0.0, 0.0, 0.0, 0.0, 0.0, 0.0, 0.0, 0.0, 0.0, 0.0, 0.0, 0.0, 0.0, 0.0, 0.0, 0.0, 0.0, 0.0, 0.0, 0.0, 0.0, 0.0, 0.0, 0.0, 0.0, 0.0, 0.0, 0.0, 0.0, 0.0, 0.0, 0.0, 0.0, 0.0, 0.0, 0.0, 0.0, 0.0, 0.0, 0.0, 0.0, 0.0, 0.0, 0.0, 0.0, 0.0, 0.0, 0.0, 0.0, 0.0, 0.0, 0.0, 0.0, 0.0, 0.0, 0.0, 0.0, 0.0, 0.0, 0.0, 0.0, 0.0, 0.0, 0.0, 0.0, 0.0, 0.0, 0.0, 0.0, 0.0, 0.0, 0.0, 0.0, 0.0, 0.0, 0.0, 0.0, 0.0, 0.0, 0.0, 0.0, 0.0, 0.0, 0.0, 0.0, 0.0, 0.0, 0.0, 0.0, 0.0, 0.0, 0.0, 0.0, 0.0, 0.0, 0.0, 0.0, 0.0, 0.0, 0.0, 0.0, 0.0, 0.0, 0.0, 0.0, 0.0, 0.0, 0.0, 0.0, 0.0, 0.0, 0.0, 0.0, 0.0, 0.0, 0.0, 0.0, 0.0, 0.0, 0.0, 0.0, 0.0, 0.0, 0.0, 0.0, 0.0, 0.0, 0.0, 0.0, 0.0, 0.0, 0.0, 0.0, 0.0]
cong_K= Any[1, 1, 1, 1, 1, 1, 1, 1, 1, 1, 1, 1, 1, 1, 1, 1, 1, 1, 1, 1, 1, 1, 1, 1, 1, 1, 1, 1, 1] 
obj_k= Any[319044, 317931, 302563, 302359, 301789, 300776, 297552, 292767, 292656, 290435, 287239, 286804, 286124, 283514, 283028, 282885, 280459, 279391, 277962, 277904, 276915, 275698, 274552, 272056, 271816, 271805, 270052, 269824, 269815] 
iter_obj = Any[1, 2, 3, 5, 6, 7, 8, 12, 18, 21, 22, 25, 26, 27, 29, 34, 35, 38, 39, 40, 42, 43, 46, 50, 51, 60, 68, 75, 79] 
avgClusterDiam = 1943.1333333333334 
maxClusterDiam = 2492.0 
clusterDiamete = [1941.0; 1891.0; 2492.0; 1771.0; 2191.0; 2039.0; 1944.0; 1731.0; 2034.0; 2077.0; 1489.0; 2239.0; 1788.0; 1782.0; 1738.0]   
C = [0, 0, 0, 0, 0, 0, 0, 0, 0, 0, 0, 1, 0, 0, 0, 0, 0, 0, 0, 0, 0, 0, 0, 0, 0, 0, 0, 1, 0, 0, 0, 0, 0, 0, 0, 0, 0, 0, 0, 0, 0, 0, 0, 0, 0, 0, 0, 0, 0, 0, 0, 0, 0, 0, 0, 0, 0, 0, 0, 0, 0, 0, 0, 0, 0, 0, 0, 0, 0, 0, 0, 0, 0, 0, 0, 0, 0, 1, 0, 0, 0, 0, 0, 1, 0, 0, 1, 0, 0, 0, 0, 0, 0, 0, 0, 0, 0, 0, 0, 0, 0, 0, 0, 0, 0, 0, 0, 0, 0, 0, 0, 0, 0, 0, 0, 0, 0, 0, 0, 0, 0, 0, 0, 0, 0, 0, 0, 0, 0, 0, 0, 0, 0, 0, 0, 0, 1, 0, 0, 0, 0, 0, 0, 0, 0, 0, 0, 0, 0, 0, 0, 0, 0, 0, 0, 0, 0, 0, 0, 0, 0, 0, 0, 0, 0, 0, 0, 0, 0, 0, 0, 0, 0, 0, 0, 0, 0, 0, 0, 0, 0, 0, 0, 0, 0, 0, 0, 0, 0, 0, 0, 0, 0, 0, 0, 0, 0, 0, 0, 0, 0, 0, 0, 0, 0, 1, 0, 0, 0, 0, 0, 0, 0, 0, 0, 0, 0, 1, 0, 0, 0, 0, 0, 0, 0, 0, 0, 0, 0, 0, 0, 0, 0, 0, 0, 0, 0, 0, 0, 0, 0, 0, 0, 0, 0, 0, 0, 0, 0, 0, 0, 0, 0, 0, 0, 0, 0, 0, 0, 0, 0, 0, 0, 1, 0, 0, 0, 0, 0, 0, 0, 0, 0, 0, 0, 0, 0, 0, 0, 0, 0, 0, 0, 0, 0, 0, 0, 0, 0, 0, 0, 0, 0, 0, 0, 0, 0, 0, 1, 0, 0, 0, 0, 0, 0, 0, 0, 1, 0, 0, 0, 0, 0, 0, 0, 0, 0, 0, 0, 0, 0, 0, 0, 0, 0, 0, 0, 0, 0, 0, 0, 0, 0, 0, 0, 0, 0, 0, 0, 0, 0, 0, 0, 0, 0, 0, 0, 0, 0, 0, 0, 0, 0, 0, 0, 0, 0, 1, 0, 0, 0, 1, 0, 0, 0, 0, 0, 0, 0, 0, 0, 0, 0, 0, 0, 0, 0, 0, 0, 0, 0, 0, 0, 0, 0, 0, 0, 0, 0, 0, 0, 0, 0, 0, 0, 0, 0, 0, 0, 0, 0, 0, 0, 0, 0, 0, 0, 0, 0, 0, 0, 0, 0, 0, 1, 0, 0, 0, 0, 0, 0, 0, 0, 0, 0, 0, 0, 1, 0, 0, 0, 0, 0, 0, 0, 0, 0, 0, 0, 0, 0, 0, 0, 0, 0, 0, 0, 0, 0, 0, 0, 0]
E = [12, 28, 12, 28, 28, 12, 28, 12, 28, 264, 12, 12, 28, 28, 28, 28, 28, 12, 12, 12, 28, 28, 28, 28, 28, 264, 12, 28, 264, 12, 264, 28, 28, 28, 28, 28, 28, 28, 28, 137, 264, 28, 87, 28, 28, 28, 28, 87, 28, 28, 28, 87, 78, 28, 87, 137, 78, 28, 78, 78, 84, 78, 78, 84, 87, 78, 78, 78, 84, 84, 84, 78, 78, 78, 78, 84, 78, 78, 78, 84, 84, 87, 84, 84, 12, 12, 87, 87, 87, 87, 87, 87, 87, 87, 87, 87, 87, 87, 87, 87, 87, 87, 12, 87, 87, 87, 87, 87, 87, 87, 12, 264, 12, 12, 12, 264, 12, 12, 12, 137, 137, 87, 137, 137, 137, 137, 137, 137, 137, 137, 137, 137, 137, 137, 137, 137, 137, 137, 137, 137, 137, 84, 137, 137, 137, 84, 137, 137, 137, 84, 84, 84, 84, 84, 84, 84, 84, 137, 137, 12, 84, 84, 84, 84, 84, 78, 78, 78, 78, 78, 78, 78, 78, 12, 84, 264, 78, 78, 84, 84, 78, 84, 12, 78, 78, 78, 78, 78, 78, 78, 78, 218, 218, 28, 218, 218, 206, 206, 206, 218, 218, 206, 206, 206, 218, 206, 218, 218, 206, 206, 218, 218, 206, 206, 206, 206, 218, 218, 206, 206, 206, 218, 218, 218, 218, 218, 206, 206, 206, 206, 218, 218, 206, 218, 206, 206, 206, 218, 218, 206, 206, 206, 206, 206, 218, 218, 218, 28, 28, 218, 28, 28, 28, 12, 12, 12, 12, 28, 264, 264, 28, 87, 12, 264, 264, 264, 264, 264, 264, 264, 264, 264, 264, 264, 264, 299, 299, 299, 299, 299, 299, 299, 299, 308, 308, 308, 308, 308, 308, 299, 299, 299, 299, 299, 299, 299, 299, 299, 299, 299, 299, 299, 308, 308, 308, 308, 308, 308, 308, 308, 308, 308, 308, 308, 308, 299, 299, 299, 299, 299, 299, 299, 299, 299, 299, 308, 308, 308, 308, 308, 362, 362, 362, 362, 358, 358, 358, 358, 358, 358, 358, 358, 358, 358, 362, 358, 362, 362, 362, 362, 362, 362, 362, 362, 362, 358, 358, 358, 358, 358, 362, 362, 362, 362, 362, 362, 362, 362, 362, 362, 362, 358, 358, 358, 358, 358, 358, 358, 415, 415, 415, 415, 362, 362, 362, 362, 415, 415, 415, 415, 415, 415, 415, 415, 415, 415, 358, 428, 358, 358, 358, 428, 428, 358, 428, 428, 428, 428, 428, 428, 428, 428, 415, 415, 415, 415, 415, 415, 415, 415, 415, 415, 415, 415, 428, 428, 428, 428, 428, 428, 428, 428, 415, 415, 415, 415, 415, 415, 415, 428, 428, 428, 428, 428, 428, 428, 28, 87, 28, 264, 206, 218]
