n° iter       = 300 
neighborhood_structure = [1] 
Prioridad     = 10 
balance       = 0.5 
Len_N         = 9 
N° clusters   = 15 
N° estaciones = 452 
N° mejoras    = 34
N° iter completadas  = 108
1° FO         = 331823.0
FO            = 266631
Centros       = [28, 72, 86, 87, 134, 153, 215, 225, 271, 299, 308, 358, 362, 415, 427]
Objs= Any[331823.0, 320822, 314022, 311569, 306558, 294134, 293109, 292671, 285617, 283032, 280369, 278758, 278485, 278485, 278044, 278044, 278044, 278044, 277536, 277536, 274966, 274966, 274418, 274364, 274364, 274364, 273913, 273913, 273913, 273913, 273913, 273913, 273693, 272338, 271861, 271861, 271861, 271278, 271278, 269754, 269754, 269754, 269655, 269655, 269655, 269575, 269575, 269575, 269575, 269575, 269575, 268636, 268636, 268636, 268636, 268636, 268603, 268603, 268603, 268603, 268603, 268603, 268603, 268603, 268603, 268603, 268603, 268367, 268367, 268130, 268130, 268130, 268130, 268130, 268130, 267145, 267145, 267136, 267136, 267020, 267020, 267020, 267020, 267020, 267020, 267020, 267020, 267020, 267020, 267020, 267020, 267020, 266927, 266927, 266927, 266927, 266927, 266927, 266927, 266927, 266927, 266927, 266927, 266927, 266927, 266927, 266631, 266631, 266631]
current_obj = [320822.0, 314022.0, 311569.0, 306558.0, 294134.0, 293109.0, 292671.0, 285617.0, 283032.0, 280369.0, 278758.0, 278485.0, 279883.0, 278044.0, 278294.0, 279087.0, 278364.0, 277536.0, 278189.0, 274966.0, 275823.0, 274418.0, 274364.0, 275140.0, 275952.0, 273913.0, 274123.0, 276008.0, 274364.0, 276298.0, 274291.0, 273693.0, 272338.0, 271861.0, 272797.0, 271969.0, 271278.0, 273623.0, 269754.0, 270866.0, 271251.0, 269655.0, 271113.0, 269693.0, 269575.0, 270103.0, 270456.0, 270382.0, 269717.0, 270404.0, 268636.0, 269142.0, 268673.0, 269907.0, 268814.0, 268603.0, 271541.0, 268781.0, 269069.0, 269738.0, 271514.0, 268640.0, 268654.0, 268756.0, 268938.0, 269133.0, 268367.0, 271390.0, 268130.0, 268630.0, 268419.0, 268367.0, 268236.0, 269512.0, 267145.0, 267437.0, 267136.0, 267155.0, 267020.0, 267332.0, 269000.0, 269506.0, 267602.0, 267996.0, 267359.0, 267256.0, 270221.0, 268370.0, 267256.0, 267177.0, 267376.0, 266927.0, 272198.0, 267186.0, 267127.0, 267855.0, 267127.0, 267219.0, 267360.0, 268099.0, 267156.0, 267022.0, 267260.0, 267842.0, 267175.0, 266631.0, 266927.0, 266768.0, 269972.0, 0.0, 0.0, 0.0, 0.0, 0.0, 0.0, 0.0, 0.0, 0.0, 0.0, 0.0, 0.0, 0.0, 0.0, 0.0, 0.0, 0.0, 0.0, 0.0, 0.0, 0.0, 0.0, 0.0, 0.0, 0.0, 0.0, 0.0, 0.0, 0.0, 0.0, 0.0, 0.0, 0.0, 0.0, 0.0, 0.0, 0.0, 0.0, 0.0, 0.0, 0.0, 0.0, 0.0, 0.0, 0.0, 0.0, 0.0, 0.0, 0.0, 0.0, 0.0, 0.0, 0.0, 0.0, 0.0, 0.0, 0.0, 0.0, 0.0, 0.0, 0.0, 0.0, 0.0, 0.0, 0.0, 0.0, 0.0, 0.0, 0.0, 0.0, 0.0, 0.0, 0.0, 0.0, 0.0, 0.0, 0.0, 0.0, 0.0, 0.0, 0.0, 0.0, 0.0, 0.0, 0.0, 0.0, 0.0, 0.0, 0.0, 0.0, 0.0, 0.0, 0.0, 0.0, 0.0, 0.0, 0.0, 0.0, 0.0, 0.0, 0.0, 0.0, 0.0, 0.0, 0.0, 0.0, 0.0, 0.0, 0.0, 0.0, 0.0, 0.0, 0.0, 0.0, 0.0, 0.0, 0.0, 0.0, 0.0, 0.0, 0.0, 0.0, 0.0, 0.0, 0.0, 0.0, 0.0, 0.0, 0.0, 0.0, 0.0, 0.0, 0.0, 0.0, 0.0, 0.0, 0.0, 0.0, 0.0, 0.0, 0.0, 0.0, 0.0, 0.0, 0.0, 0.0, 0.0, 0.0, 0.0, 0.0, 0.0, 0.0, 0.0, 0.0, 0.0, 0.0, 0.0, 0.0, 0.0, 0.0, 0.0, 0.0, 0.0, 0.0, 0.0, 0.0, 0.0, 0.0, 0.0, 0.0, 0.0, 0.0, 0.0, 0.0, 0.0, 0.0, 0.0, 0.0, 0.0, 0.0, 0.0, 0.0, 0.0, 0.0, 0.0, 0.0, 0.0, 0.0, 0.0, 0.0, 0.0]
cong_K= Any[1, 1, 1, 1, 1, 1, 1, 1, 1, 1, 1, 1, 1, 1, 1, 1, 1, 1, 1, 1, 1, 1, 1, 1, 1, 1, 1, 1, 1, 1, 1, 1, 1, 1] 
obj_k= Any[320822, 314022, 311569, 306558, 294134, 293109, 292671, 285617, 283032, 280369, 278758, 278485, 278044, 277536, 274966, 274418, 274364, 273913, 273693, 272338, 271861, 271278, 269754, 269655, 269575, 268636, 268603, 268367, 268130, 267145, 267136, 267020, 266927, 266631] 
iter_obj = Any[1, 2, 3, 4, 5, 6, 7, 8, 9, 10, 11, 12, 14, 18, 20, 22, 23, 26, 32, 33, 34, 37, 39, 42, 45, 51, 56, 67, 69, 75, 77, 79, 92, 106] 
avgClusterDiam = 1933.4 
maxClusterDiam = 2334.0 
clusterDiamete = [1854.0; 2087.0; 2259.0; 2152.0; 1719.0; 1936.0; 1960.0; 1702.0; 2334.0; 1736.0; 1730.0; 2239.0; 1788.0; 1597.0; 1908.0]   
C = [0, 0, 0, 0, 0, 0, 0, 0, 0, 0, 0, 0, 0, 0, 0, 0, 0, 0, 0, 0, 0, 0, 0, 0, 0, 0, 0, 1, 0, 0, 0, 0, 0, 0, 0, 0, 0, 0, 0, 0, 0, 0, 0, 0, 0, 0, 0, 0, 0, 0, 0, 0, 0, 0, 0, 0, 0, 0, 0, 0, 0, 0, 0, 0, 0, 0, 0, 0, 0, 0, 0, 1, 0, 0, 0, 0, 0, 0, 0, 0, 0, 0, 0, 0, 0, 1, 1, 0, 0, 0, 0, 0, 0, 0, 0, 0, 0, 0, 0, 0, 0, 0, 0, 0, 0, 0, 0, 0, 0, 0, 0, 0, 0, 0, 0, 0, 0, 0, 0, 0, 0, 0, 0, 0, 0, 0, 0, 0, 0, 0, 0, 0, 0, 1, 0, 0, 0, 0, 0, 0, 0, 0, 0, 0, 0, 0, 0, 0, 0, 0, 0, 0, 1, 0, 0, 0, 0, 0, 0, 0, 0, 0, 0, 0, 0, 0, 0, 0, 0, 0, 0, 0, 0, 0, 0, 0, 0, 0, 0, 0, 0, 0, 0, 0, 0, 0, 0, 0, 0, 0, 0, 0, 0, 0, 0, 0, 0, 0, 0, 0, 0, 0, 0, 0, 0, 0, 0, 0, 0, 0, 0, 0, 0, 0, 1, 0, 0, 0, 0, 0, 0, 0, 0, 0, 1, 0, 0, 0, 0, 0, 0, 0, 0, 0, 0, 0, 0, 0, 0, 0, 0, 0, 0, 0, 0, 0, 0, 0, 0, 0, 0, 0, 0, 0, 0, 0, 0, 0, 0, 0, 0, 0, 0, 0, 0, 0, 0, 0, 0, 0, 1, 0, 0, 0, 0, 0, 0, 0, 0, 0, 0, 0, 0, 0, 0, 0, 0, 0, 0, 0, 0, 0, 0, 0, 0, 0, 0, 0, 1, 0, 0, 0, 0, 0, 0, 0, 0, 1, 0, 0, 0, 0, 0, 0, 0, 0, 0, 0, 0, 0, 0, 0, 0, 0, 0, 0, 0, 0, 0, 0, 0, 0, 0, 0, 0, 0, 0, 0, 0, 0, 0, 0, 0, 0, 0, 0, 0, 0, 0, 0, 0, 0, 0, 0, 0, 0, 0, 1, 0, 0, 0, 1, 0, 0, 0, 0, 0, 0, 0, 0, 0, 0, 0, 0, 0, 0, 0, 0, 0, 0, 0, 0, 0, 0, 0, 0, 0, 0, 0, 0, 0, 0, 0, 0, 0, 0, 0, 0, 0, 0, 0, 0, 0, 0, 0, 0, 0, 0, 0, 0, 0, 0, 0, 0, 1, 0, 0, 0, 0, 0, 0, 0, 0, 0, 0, 0, 1, 0, 0, 0, 0, 0, 0, 0, 0, 0, 0, 0, 0, 0, 0, 0, 0, 0, 0, 0, 0, 0, 0, 0, 0, 0]
E = [86, 28, 86, 28, 28, 86, 28, 86, 28, 271, 86, 86, 28, 28, 28, 28, 28, 86, 86, 86, 28, 28, 28, 28, 28, 86, 86, 28, 271, 271, 86, 28, 28, 28, 134, 28, 28, 28, 28, 134, 86, 28, 87, 28, 28, 28, 134, 87, 28, 28, 28, 87, 72, 72, 87, 134, 72, 28, 153, 72, 153, 72, 72, 153, 87, 72, 72, 72, 153, 153, 153, 72, 72, 72, 72, 153, 72, 72, 72, 72, 153, 87, 153, 153, 86, 86, 87, 87, 87, 87, 87, 87, 87, 87, 87, 87, 87, 87, 87, 87, 87, 87, 86, 87, 87, 87, 86, 87, 87, 87, 86, 86, 86, 86, 86, 86, 86, 86, 86, 86, 134, 87, 134, 134, 134, 134, 134, 134, 134, 134, 134, 134, 134, 134, 134, 134, 134, 134, 134, 134, 134, 153, 134, 134, 134, 153, 134, 134, 134, 153, 153, 153, 153, 153, 153, 153, 153, 153, 153, 86, 153, 153, 153, 153, 153, 72, 72, 72, 72, 72, 308, 72, 308, 86, 308, 271, 72, 72, 153, 153, 72, 153, 86, 72, 72, 72, 72, 72, 72, 72, 72, 225, 225, 28, 225, 215, 215, 215, 215, 225, 225, 215, 215, 215, 225, 215, 225, 225, 215, 215, 225, 225, 215, 215, 215, 215, 225, 225, 215, 215, 215, 215, 225, 225, 225, 225, 215, 215, 215, 215, 225, 225, 215, 225, 215, 215, 215, 215, 225, 215, 215, 215, 215, 215, 225, 225, 225, 225, 225, 225, 28, 28, 28, 86, 86, 86, 86, 28, 86, 87, 28, 87, 86, 271, 271, 271, 271, 271, 271, 86, 271, 271, 271, 271, 271, 153, 153, 153, 299, 153, 299, 299, 299, 308, 308, 308, 308, 308, 308, 308, 299, 299, 299, 299, 299, 299, 299, 299, 299, 299, 299, 299, 308, 308, 308, 308, 308, 308, 308, 308, 308, 308, 308, 308, 308, 299, 299, 299, 299, 299, 299, 299, 299, 358, 299, 308, 308, 308, 308, 308, 362, 362, 362, 362, 358, 358, 358, 358, 358, 358, 358, 358, 358, 358, 362, 358, 362, 362, 362, 362, 362, 362, 362, 362, 362, 358, 358, 358, 358, 358, 362, 362, 362, 362, 362, 362, 362, 362, 362, 362, 362, 358, 358, 358, 358, 358, 358, 358, 415, 415, 415, 415, 362, 362, 362, 362, 415, 415, 415, 415, 415, 415, 415, 415, 415, 415, 358, 427, 427, 427, 427, 427, 427, 358, 427, 427, 427, 427, 427, 427, 427, 427, 415, 415, 415, 415, 415, 415, 415, 415, 415, 415, 415, 415, 427, 427, 427, 427, 427, 427, 427, 427, 427, 427, 415, 415, 415, 415, 427, 427, 427, 427, 427, 427, 427, 427, 28, 87, 28, 271, 215, 225]
