n° iter       = 300 
neighborhood_structure = [2] 
Prioridad     = 10 
balance       = 0.5 
Len_N         = 9 
N° clusters   = 15 
N° estaciones = 452 
N° mejoras    = 26
N° iter completadas  = 100
1° FO         = 359043.0
FO            = 273284
Centros       = [12, 22, 72, 105, 134, 161, 211, 221, 260, 306, 319, 353, 360, 416, 428]
Objs= Any[359043.0, 344939, 335997, 327823, 321397, 316200, 309970, 306883, 303119, 302865, 296280, 296280, 291178, 290512, 285678, 283107, 282346, 280380, 280380, 279719, 279719, 279719, 279719, 279719, 279719, 279719, 279719, 278516, 278516, 278516, 278516, 278396, 278396, 278396, 278396, 278396, 278324, 278324, 276828, 274438, 274438, 274438, 274438, 274438, 274438, 274438, 274438, 274438, 274438, 274438, 274438, 274438, 274438, 274438, 274438, 274438, 274438, 274183, 274183, 274183, 274183, 274183, 274183, 274183, 274183, 274183, 274183, 274183, 274183, 274183, 274183, 274183, 274183, 274183, 274183, 274183, 274183, 274183, 274183, 274183, 274183, 274183, 274183, 274183, 274183, 274183, 274183, 274161, 273622, 273284, 273284, 273284, 273284, 273284, 273284, 273284, 273284, 273284, 273284, 273284, 273284]
current_obj = [344939.0, 335997.0, 327823.0, 321397.0, 316200.0, 309970.0, 306883.0, 303119.0, 302865.0, 296280.0, 296626.0, 291178.0, 290512.0, 285678.0, 283107.0, 282346.0, 280380.0, 284681.0, 279719.0, 283720.0, 283352.0, 280614.0, 281396.0, 281754.0, 280263.0, 285859.0, 278516.0, 279897.0, 278945.0, 280680.0, 278396.0, 278817.0, 281076.0, 283481.0, 282440.0, 278324.0, 279210.0, 276828.0, 274438.0, 276029.0, 277376.0, 276348.0, 275349.0, 276408.0, 276212.0, 277945.0, 274460.0, 274998.0, 275963.0, 277522.0, 276726.0, 276910.0, 277142.0, 274975.0, 282791.0, 277584.0, 274183.0, 276117.0, 276803.0, 278452.0, 277709.0, 280367.0, 274324.0, 279336.0, 274374.0, 277084.0, 274677.0, 276869.0, 277153.0, 274706.0, 274225.0, 279174.0, 274935.0, 277831.0, 275899.0, 274453.0, 275099.0, 275864.0, 276845.0, 274310.0, 275183.0, 275676.0, 276724.0, 280641.0, 277217.0, 277217.0, 274161.0, 273622.0, 273284.0, 275987.0, 278791.0, 274257.0, 275567.0, 277653.0, 276736.0, 274438.0, 275925.0, 276002.0, 273585.0, 274899.0, 274207.0, 0.0, 0.0, 0.0, 0.0, 0.0, 0.0, 0.0, 0.0, 0.0, 0.0, 0.0, 0.0, 0.0, 0.0, 0.0, 0.0, 0.0, 0.0, 0.0, 0.0, 0.0, 0.0, 0.0, 0.0, 0.0, 0.0, 0.0, 0.0, 0.0, 0.0, 0.0, 0.0, 0.0, 0.0, 0.0, 0.0, 0.0, 0.0, 0.0, 0.0, 0.0, 0.0, 0.0, 0.0, 0.0, 0.0, 0.0, 0.0, 0.0, 0.0, 0.0, 0.0, 0.0, 0.0, 0.0, 0.0, 0.0, 0.0, 0.0, 0.0, 0.0, 0.0, 0.0, 0.0, 0.0, 0.0, 0.0, 0.0, 0.0, 0.0, 0.0, 0.0, 0.0, 0.0, 0.0, 0.0, 0.0, 0.0, 0.0, 0.0, 0.0, 0.0, 0.0, 0.0, 0.0, 0.0, 0.0, 0.0, 0.0, 0.0, 0.0, 0.0, 0.0, 0.0, 0.0, 0.0, 0.0, 0.0, 0.0, 0.0, 0.0, 0.0, 0.0, 0.0, 0.0, 0.0, 0.0, 0.0, 0.0, 0.0, 0.0, 0.0, 0.0, 0.0, 0.0, 0.0, 0.0, 0.0, 0.0, 0.0, 0.0, 0.0, 0.0, 0.0, 0.0, 0.0, 0.0, 0.0, 0.0, 0.0, 0.0, 0.0, 0.0, 0.0, 0.0, 0.0, 0.0, 0.0, 0.0, 0.0, 0.0, 0.0, 0.0, 0.0, 0.0, 0.0, 0.0, 0.0, 0.0, 0.0, 0.0, 0.0, 0.0, 0.0, 0.0, 0.0, 0.0, 0.0, 0.0, 0.0, 0.0, 0.0, 0.0, 0.0, 0.0, 0.0, 0.0, 0.0, 0.0, 0.0, 0.0, 0.0, 0.0, 0.0, 0.0, 0.0, 0.0, 0.0, 0.0, 0.0, 0.0, 0.0, 0.0, 0.0, 0.0, 0.0, 0.0, 0.0, 0.0, 0.0, 0.0, 0.0, 0.0, 0.0, 0.0, 0.0, 0.0, 0.0, 0.0]
cong_K= Any[2, 2, 2, 2, 2, 2, 2, 2, 2, 2, 2, 2, 2, 2, 2, 2, 2, 2, 2, 2, 2, 2, 2, 2, 2, 2] 
obj_k= Any[344939, 335997, 327823, 321397, 316200, 309970, 306883, 303119, 302865, 296280, 291178, 290512, 285678, 283107, 282346, 280380, 279719, 278516, 278396, 278324, 276828, 274438, 274183, 274161, 273622, 273284] 
iter_obj = Any[1, 2, 3, 4, 5, 6, 7, 8, 9, 10, 12, 13, 14, 15, 16, 17, 19, 27, 31, 36, 38, 39, 57, 87, 88, 89] 
avgClusterDiam = 1995.2666666666667 
maxClusterDiam = 2263.0 
clusterDiamete = [1941.0; 1882.0; 2174.0; 1779.0; 2039.0; 1913.0; 1971.0; 2263.0; 2150.0; 1761.0; 2122.0; 1889.0; 2239.0; 2068.0; 1738.0]   
C = [0, 0, 0, 0, 0, 0, 0, 0, 0, 0, 0, 1, 0, 0, 0, 0, 0, 0, 0, 0, 0, 1, 0, 0, 0, 0, 0, 0, 0, 0, 0, 0, 0, 0, 0, 0, 0, 0, 0, 0, 0, 0, 0, 0, 0, 0, 0, 0, 0, 0, 0, 0, 0, 0, 0, 0, 0, 0, 0, 0, 0, 0, 0, 0, 0, 0, 0, 0, 0, 0, 0, 1, 0, 0, 0, 0, 0, 0, 0, 0, 0, 0, 0, 0, 0, 0, 0, 0, 0, 0, 0, 0, 0, 0, 0, 0, 0, 0, 0, 0, 0, 0, 0, 0, 1, 0, 0, 0, 0, 0, 0, 0, 0, 0, 0, 0, 0, 0, 0, 0, 0, 0, 0, 0, 0, 0, 0, 0, 0, 0, 0, 0, 0, 1, 0, 0, 0, 0, 0, 0, 0, 0, 0, 0, 0, 0, 0, 0, 0, 0, 0, 0, 0, 0, 0, 0, 0, 0, 0, 0, 1, 0, 0, 0, 0, 0, 0, 0, 0, 0, 0, 0, 0, 0, 0, 0, 0, 0, 0, 0, 0, 0, 0, 0, 0, 0, 0, 0, 0, 0, 0, 0, 0, 0, 0, 0, 0, 0, 0, 0, 0, 0, 0, 0, 0, 0, 0, 0, 0, 0, 1, 0, 0, 0, 0, 0, 0, 0, 0, 0, 1, 0, 0, 0, 0, 0, 0, 0, 0, 0, 0, 0, 0, 0, 0, 0, 0, 0, 0, 0, 0, 0, 0, 0, 0, 0, 0, 0, 0, 0, 0, 0, 0, 0, 0, 0, 0, 0, 0, 1, 0, 0, 0, 0, 0, 0, 0, 0, 0, 0, 0, 0, 0, 0, 0, 0, 0, 0, 0, 0, 0, 0, 0, 0, 0, 0, 0, 0, 0, 0, 0, 0, 0, 0, 0, 0, 0, 0, 0, 0, 0, 0, 0, 0, 0, 1, 0, 0, 0, 0, 0, 0, 0, 0, 0, 0, 0, 0, 1, 0, 0, 0, 0, 0, 0, 0, 0, 0, 0, 0, 0, 0, 0, 0, 0, 0, 0, 0, 0, 0, 0, 0, 0, 0, 0, 0, 0, 0, 0, 0, 0, 0, 1, 0, 0, 0, 0, 0, 0, 1, 0, 0, 0, 0, 0, 0, 0, 0, 0, 0, 0, 0, 0, 0, 0, 0, 0, 0, 0, 0, 0, 0, 0, 0, 0, 0, 0, 0, 0, 0, 0, 0, 0, 0, 0, 0, 0, 0, 0, 0, 0, 0, 0, 0, 0, 0, 0, 0, 0, 0, 0, 0, 0, 0, 0, 1, 0, 0, 0, 0, 0, 0, 0, 0, 0, 0, 0, 1, 0, 0, 0, 0, 0, 0, 0, 0, 0, 0, 0, 0, 0, 0, 0, 0, 0, 0, 0, 0, 0, 0, 0, 0]
E = [12, 22, 12, 22, 22, 12, 22, 12, 22, 260, 12, 12, 22, 22, 22, 22, 22, 12, 12, 12, 22, 22, 22, 22, 22, 260, 12, 22, 260, 12, 12, 22, 22, 22, 22, 22, 22, 22, 22, 134, 260, 22, 260, 22, 22, 22, 134, 260, 22, 22, 22, 260, 72, 72, 260, 134, 72, 22, 161, 72, 72, 72, 72, 161, 260, 72, 72, 72, 161, 161, 72, 72, 72, 72, 72, 161, 72, 72, 72, 161, 161, 260, 72, 161, 12, 12, 260, 105, 105, 105, 260, 105, 105, 105, 105, 260, 105, 260, 260, 105, 105, 105, 12, 105, 105, 105, 260, 260, 105, 105, 12, 260, 12, 12, 12, 12, 12, 12, 12, 134, 134, 260, 134, 134, 134, 134, 134, 134, 134, 134, 134, 134, 134, 134, 134, 134, 134, 134, 134, 134, 134, 161, 134, 134, 134, 161, 134, 134, 134, 161, 161, 161, 161, 161, 161, 161, 161, 134, 161, 12, 161, 161, 161, 161, 161, 72, 72, 72, 72, 72, 72, 72, 306, 12, 306, 260, 72, 72, 161, 161, 72, 161, 12, 72, 72, 72, 72, 72, 72, 72, 72, 211, 221, 22, 211, 211, 221, 221, 221, 211, 211, 221, 221, 211, 211, 221, 211, 211, 221, 211, 211, 211, 221, 221, 221, 221, 211, 211, 221, 221, 221, 211, 211, 211, 211, 211, 221, 221, 221, 221, 211, 211, 221, 211, 221, 221, 221, 221, 211, 221, 221, 221, 221, 211, 211, 211, 211, 22, 22, 22, 22, 22, 22, 12, 12, 12, 12, 72, 260, 260, 22, 105, 12, 260, 260, 260, 260, 260, 260, 260, 260, 260, 260, 260, 260, 161, 161, 161, 161, 161, 319, 161, 161, 306, 306, 306, 306, 306, 306, 306, 306, 319, 319, 319, 319, 319, 319, 319, 319, 319, 306, 319, 306, 306, 306, 306, 306, 306, 306, 306, 306, 306, 306, 306, 306, 306, 319, 319, 319, 319, 319, 319, 319, 319, 319, 319, 306, 306, 306, 306, 353, 353, 353, 353, 360, 360, 319, 360, 319, 319, 360, 360, 360, 360, 353, 353, 353, 353, 353, 353, 353, 353, 353, 353, 353, 360, 360, 360, 360, 360, 353, 353, 353, 353, 353, 353, 353, 353, 353, 353, 353, 353, 360, 360, 360, 360, 360, 360, 416, 416, 416, 416, 416, 416, 416, 416, 416, 416, 416, 416, 416, 416, 416, 416, 416, 416, 360, 428, 360, 360, 360, 428, 428, 360, 428, 428, 428, 428, 428, 428, 428, 428, 416, 416, 416, 416, 416, 416, 416, 416, 416, 416, 416, 416, 428, 428, 428, 428, 428, 428, 428, 428, 416, 416, 416, 416, 416, 416, 416, 428, 428, 428, 428, 428, 428, 428, 22, 105, 22, 260, 221, 211]
