n° iter       = 300 
neighborhood_structure = [3] 
Prioridad     = 10 
balance       = 0.5 
Len_N         = 3 
N° clusters   = 15 
N° estaciones = 452 
N° mejoras    = 14
N° iter completadas  = 88
1° FO         = 321493.0
FO            = 282179
Centros       = [9, 55, 67, 130, 156, 168, 206, 217, 270, 319, 330, 344, 354, 415, 429]
Objs= Any[321493.0, 318991, 310447, 310368, 310368, 310368, 310109, 310109, 307801, 307801, 303405, 297036, 297036, 297036, 297036, 297036, 297036, 296343, 294263, 294263, 294263, 294263, 294263, 294263, 294263, 294263, 294263, 294263, 294263, 294263, 294263, 294263, 294263, 286971, 286971, 286971, 286971, 286971, 286971, 286971, 286934, 286934, 286934, 285262, 285262, 285262, 285262, 285262, 285262, 285262, 285262, 285262, 285262, 285262, 285262, 285262, 285262, 285262, 285262, 285262, 285262, 285262, 285262, 285262, 285262, 285262, 285262, 285262, 285262, 285262, 285262, 285262, 285262, 283917, 283917, 283917, 283917, 283917, 283917, 283917, 283917, 283917, 283917, 283917, 283917, 283917, 282179, 282179, 282179]
current_obj = [318991.0, 310447.0, 310368.0, 313123.0, 310662.0, 310109.0, 310340.0, 307801.0, 309491.0, 303405.0, 297036.0, 299045.0, 298746.0, 299208.0, 301603.0, 302906.0, 296343.0, 294263.0, 300049.0, 297062.0, 294440.0, 295865.0, 300582.0, 304615.0, 298800.0, 294446.0, 300132.0, 298754.0, 300051.0, 300013.0, 301014.0, 305207.0, 286971.0, 300547.0, 289953.0, 296614.0, 287683.0, 290188.0, 289960.0, 286934.0, 290729.0, 288977.0, 285262.0, 294678.0, 297783.0, 296043.0, 292399.0, 289371.0, 307937.0, 290398.0, 292051.0, 288119.0, 286280.0, 294745.0, 293155.0, 290668.0, 296291.0, 292377.0, 290601.0, 292784.0, 291436.0, 298651.0, 295330.0, 291259.0, 288411.0, 291519.0, 288389.0, 290229.0, 289897.0, 292988.0, 289859.0, 295328.0, 283917.0, 284864.0, 291764.0, 286345.0, 291071.0, 287948.0, 293804.0, 290149.0, 292971.0, 296212.0, 296133.0, 301904.0, 290890.0, 282179.0, 287662.0, 284089.0, 294109.0, 0.0, 0.0, 0.0, 0.0, 0.0, 0.0, 0.0, 0.0, 0.0, 0.0, 0.0, 0.0, 0.0, 0.0, 0.0, 0.0, 0.0, 0.0, 0.0, 0.0, 0.0, 0.0, 0.0, 0.0, 0.0, 0.0, 0.0, 0.0, 0.0, 0.0, 0.0, 0.0, 0.0, 0.0, 0.0, 0.0, 0.0, 0.0, 0.0, 0.0, 0.0, 0.0, 0.0, 0.0, 0.0, 0.0, 0.0, 0.0, 0.0, 0.0, 0.0, 0.0, 0.0, 0.0, 0.0, 0.0, 0.0, 0.0, 0.0, 0.0, 0.0, 0.0, 0.0, 0.0, 0.0, 0.0, 0.0, 0.0, 0.0, 0.0, 0.0, 0.0, 0.0, 0.0, 0.0, 0.0, 0.0, 0.0, 0.0, 0.0, 0.0, 0.0, 0.0, 0.0, 0.0, 0.0, 0.0, 0.0, 0.0, 0.0, 0.0, 0.0, 0.0, 0.0, 0.0, 0.0, 0.0, 0.0, 0.0, 0.0, 0.0, 0.0, 0.0, 0.0, 0.0, 0.0, 0.0, 0.0, 0.0, 0.0, 0.0, 0.0, 0.0, 0.0, 0.0, 0.0, 0.0, 0.0, 0.0, 0.0, 0.0, 0.0, 0.0, 0.0, 0.0, 0.0, 0.0, 0.0, 0.0, 0.0, 0.0, 0.0, 0.0, 0.0, 0.0, 0.0, 0.0, 0.0, 0.0, 0.0, 0.0, 0.0, 0.0, 0.0, 0.0, 0.0, 0.0, 0.0, 0.0, 0.0, 0.0, 0.0, 0.0, 0.0, 0.0, 0.0, 0.0, 0.0, 0.0, 0.0, 0.0, 0.0, 0.0, 0.0, 0.0, 0.0, 0.0, 0.0, 0.0, 0.0, 0.0, 0.0, 0.0, 0.0, 0.0, 0.0, 0.0, 0.0, 0.0, 0.0, 0.0, 0.0, 0.0, 0.0, 0.0, 0.0, 0.0, 0.0, 0.0, 0.0, 0.0, 0.0, 0.0, 0.0, 0.0, 0.0, 0.0, 0.0, 0.0, 0.0, 0.0, 0.0, 0.0, 0.0, 0.0, 0.0, 0.0, 0.0, 0.0, 0.0, 0.0]
cong_K= Any[3, 3, 3, 3, 3, 3, 3, 3, 3, 3, 3, 3, 3, 3] 
obj_k= Any[318991, 310447, 310368, 310109, 307801, 303405, 297036, 296343, 294263, 286971, 286934, 285262, 283917, 282179] 
iter_obj = Any[1, 2, 3, 6, 8, 10, 11, 17, 18, 33, 40, 43, 73, 86] 
avgClusterDiam = 2003.3333333333333 
maxClusterDiam = 2542.0 
clusterDiamete = [2542.0; 1787.0; 2401.0; 2197.0; 1977.0; 2060.0; 1960.0; 1869.0; 2168.0; 1736.0; 1815.0; 2239.0; 1458.0; 2160.0; 1681.0]   
C = [0, 0, 0, 0, 0, 0, 0, 0, 1, 0, 0, 0, 0, 0, 0, 0, 0, 0, 0, 0, 0, 0, 0, 0, 0, 0, 0, 0, 0, 0, 0, 0, 0, 0, 0, 0, 0, 0, 0, 0, 0, 0, 0, 0, 0, 0, 0, 0, 0, 0, 0, 0, 0, 0, 1, 0, 0, 0, 0, 0, 0, 0, 0, 0, 0, 0, 1, 0, 0, 0, 0, 0, 0, 0, 0, 0, 0, 0, 0, 0, 0, 0, 0, 0, 0, 0, 0, 0, 0, 0, 0, 0, 0, 0, 0, 0, 0, 0, 0, 0, 0, 0, 0, 0, 0, 0, 0, 0, 0, 0, 0, 0, 0, 0, 0, 0, 0, 0, 0, 0, 0, 0, 0, 0, 0, 0, 0, 0, 0, 1, 0, 0, 0, 0, 0, 0, 0, 0, 0, 0, 0, 0, 0, 0, 0, 0, 0, 0, 0, 0, 0, 0, 0, 0, 0, 1, 0, 0, 0, 0, 0, 0, 0, 0, 0, 0, 0, 1, 0, 0, 0, 0, 0, 0, 0, 0, 0, 0, 0, 0, 0, 0, 0, 0, 0, 0, 0, 0, 0, 0, 0, 0, 0, 0, 0, 0, 0, 0, 0, 0, 0, 0, 0, 0, 0, 1, 0, 0, 0, 0, 0, 0, 0, 0, 0, 0, 1, 0, 0, 0, 0, 0, 0, 0, 0, 0, 0, 0, 0, 0, 0, 0, 0, 0, 0, 0, 0, 0, 0, 0, 0, 0, 0, 0, 0, 0, 0, 0, 0, 0, 0, 0, 0, 0, 0, 0, 0, 0, 0, 0, 0, 0, 0, 0, 0, 0, 0, 0, 0, 1, 0, 0, 0, 0, 0, 0, 0, 0, 0, 0, 0, 0, 0, 0, 0, 0, 0, 0, 0, 0, 0, 0, 0, 0, 0, 0, 0, 0, 0, 0, 0, 0, 0, 0, 0, 0, 0, 0, 0, 0, 0, 0, 0, 0, 0, 0, 0, 0, 1, 0, 0, 0, 0, 0, 0, 0, 0, 0, 0, 1, 0, 0, 0, 0, 0, 0, 0, 0, 0, 0, 0, 0, 0, 1, 0, 0, 0, 0, 0, 0, 0, 0, 0, 1, 0, 0, 0, 0, 0, 0, 0, 0, 0, 0, 0, 0, 0, 0, 0, 0, 0, 0, 0, 0, 0, 0, 0, 0, 0, 0, 0, 0, 0, 0, 0, 0, 0, 0, 0, 0, 0, 0, 0, 0, 0, 0, 0, 0, 0, 0, 0, 0, 0, 0, 0, 0, 0, 0, 0, 0, 0, 0, 0, 0, 1, 0, 0, 0, 0, 0, 0, 0, 0, 0, 0, 0, 0, 0, 1, 0, 0, 0, 0, 0, 0, 0, 0, 0, 0, 0, 0, 0, 0, 0, 0, 0, 0, 0, 0, 0, 0, 0]
E = [9, 9, 270, 9, 9, 9, 9, 270, 9, 270, 9, 270, 9, 9, 9, 9, 9, 9, 130, 270, 9, 9, 9, 9, 9, 270, 270, 9, 270, 9, 270, 9, 9, 130, 130, 67, 9, 9, 9, 130, 270, 9, 270, 67, 67, 9, 130, 270, 67, 67, 67, 55, 67, 67, 55, 156, 67, 67, 156, 67, 67, 67, 67, 156, 55, 67, 67, 67, 156, 67, 67, 67, 67, 67, 67, 67, 168, 168, 67, 67, 156, 55, 168, 156, 9, 270, 55, 55, 55, 55, 55, 55, 55, 55, 55, 55, 55, 270, 270, 55, 55, 55, 9, 55, 55, 55, 130, 130, 55, 55, 9, 270, 270, 270, 270, 270, 130, 130, 130, 130, 130, 130, 130, 130, 130, 130, 130, 130, 130, 130, 130, 130, 130, 130, 130, 130, 130, 130, 130, 130, 130, 156, 130, 130, 156, 156, 156, 156, 156, 156, 156, 156, 156, 156, 156, 156, 156, 156, 156, 270, 156, 156, 156, 156, 156, 168, 168, 168, 168, 168, 168, 168, 168, 270, 168, 270, 67, 168, 168, 168, 168, 168, 9, 67, 67, 67, 67, 67, 67, 67, 168, 217, 217, 217, 217, 206, 206, 206, 206, 217, 217, 206, 206, 206, 217, 206, 217, 217, 206, 206, 217, 217, 206, 206, 206, 206, 217, 217, 206, 206, 206, 206, 217, 217, 217, 217, 206, 206, 206, 206, 217, 217, 206, 217, 206, 206, 206, 206, 217, 206, 206, 206, 206, 206, 217, 217, 217, 217, 217, 217, 9, 9, 9, 270, 270, 270, 9, 67, 270, 55, 9, 55, 270, 270, 270, 270, 270, 270, 270, 270, 270, 270, 270, 270, 270, 156, 156, 156, 156, 156, 319, 319, 319, 168, 168, 168, 168, 330, 168, 168, 319, 319, 319, 319, 319, 319, 319, 319, 319, 319, 319, 319, 319, 168, 168, 330, 330, 330, 330, 330, 330, 330, 330, 330, 330, 0, 319, 319, 319, 319, 319, 319, 319, 319, 319, 330, 330, 330, 330, 330, 330, 330, 330, 354, 344, 344, 344, 344, 344, 0, 344, 344, 344, 344, 354, 354, 354, 354, 330, 354, 330, 330, 354, 354, 354, 354, 344, 344, 344, 344, 354, 354, 354, 330, 330, 354, 354, 354, 354, 354, 354, 354, 344, 344, 344, 344, 344, 344, 415, 415, 415, 415, 415, 415, 415, 415, 415, 415, 415, 415, 415, 415, 415, 415, 415, 415, 415, 415, 344, 344, 429, 429, 429, 344, 429, 429, 429, 429, 429, 429, 429, 429, 415, 415, 415, 415, 415, 415, 415, 415, 415, 415, 415, 415, 415, 429, 429, 429, 429, 429, 429, 429, 415, 415, 415, 415, 415, 415, 415, 429, 429, 429, 429, 429, 429, 429, 67, 55, 67, 270, 206, 217]
