n° iter       = 300 
neighborhood_structure = [1 2 3] 
Prioridad     = 10 
balance       = 0.5 
Len_N         = 3 
N° clusters   = 15 
N° estaciones = 452 
N° mejoras    = 53
N° iter completadas  = 300
1° FO         = 344834.0
FO            = 266815
Centros       = [20, 28, 72, 87, 134, 153, 215, 225, 264, 298, 308, 358, 362, 415, 428]
Objs= Any[344834.0, 341773, 329414, 323444, 315556, 309851, 302902, 295490, 295237, 291473, 289309, 285742, 285110, 284110, 282309, 281951, 280256, 279962, 279962, 278041, 278036, 277980, 277768, 277768, 277768, 277768, 277768, 277379, 277335, 277026, 277026, 277026, 277026, 277026, 276981, 276981, 276981, 276981, 276981, 276792, 276198, 275507, 275507, 275435, 275435, 275435, 274400, 274320, 274320, 274320, 274320, 274320, 273415, 273415, 273415, 273273, 272799, 272799, 272799, 272799, 272214, 272214, 272214, 272214, 272214, 272214, 272214, 272214, 272214, 272214, 272214, 272214, 272214, 272214, 271841, 271841, 271841, 271841, 271841, 271671, 271671, 271671, 271671, 271671, 271330, 271330, 271330, 271330, 271330, 270816, 270816, 270816, 270816, 270816, 270816, 270816, 270816, 270816, 270816, 270406, 270406, 270406, 270406, 270406, 270406, 270222, 270222, 270222, 270222, 270222, 270222, 270222, 269751, 269697, 269697, 269697, 269697, 269697, 269697, 269697, 269697, 269697, 269229, 269229, 269229, 269229, 269229, 269229, 269229, 269229, 269229, 269229, 269229, 268661, 268661, 268661, 268661, 268661, 268661, 268661, 268069, 268069, 268069, 268069, 268069, 268069, 268069, 268069, 268069, 268069, 267926, 267926, 267926, 267926, 267926, 267926, 267436, 267436, 267436, 267436, 267436, 267436, 267406, 267406, 267406, 267406, 267406, 267406, 267406, 267406, 267406, 267406, 267406, 267406, 267406, 267406, 267406, 267406, 267406, 267406, 267248, 267248, 267248, 267248, 267248, 267248, 267248, 267248, 267248, 267248, 267248, 267248, 267248, 267248, 267248, 267248, 267248, 267248, 267248, 267248, 267248, 267248, 267248, 267248, 267248, 267248, 267248, 267246, 267246, 267246, 267246, 267246, 267246, 267246, 267246, 267246, 267246, 267246, 267246, 267246, 267246, 267246, 267246, 267246, 267246, 267246, 267246, 267246, 267246, 267246, 267246, 267246, 267246, 267246, 267246, 267246, 267246, 267246, 267246, 267246, 266940, 266940, 266940, 266940, 266940, 266940, 266940, 266940, 266940, 266940, 266940, 266940, 266940, 266940, 266940, 266940, 266940, 266940, 266940, 266940, 266940, 266940, 266940, 266940, 266940, 266940, 266940, 266940, 266940, 266940, 266940, 266815, 266815, 266815, 266815, 266815, 266815, 266815, 266815, 266815, 266815, 266815, 266815, 266815, 266815, 266815, 266815, 266815, 266815, 266815, 266815, 266815, 266815, 266815, 266815, 266815, 266815, 266815, 266815, 266815]
current_obj = [341773.0, 329414.0, 323444.0, 315556.0, 309851.0, 302902.0, 295490.0, 295237.0, 291473.0, 289309.0, 285742.0, 285110.0, 284110.0, 282309.0, 281951.0, 280256.0, 279962.0, 280202.0, 278041.0, 278036.0, 277980.0, 277768.0, 279098.0, 277801.0, 279364.0, 278618.0, 277379.0, 277335.0, 277026.0, 277086.0, 280619.0, 279171.0, 279022.0, 276981.0, 277026.0, 277196.0, 279360.0, 281606.0, 276792.0, 276198.0, 275507.0, 276848.0, 275435.0, 276420.0, 275818.0, 274400.0, 274320.0, 277421.0, 274493.0, 275885.0, 274371.0, 273415.0, 273539.0, 277265.0, 273273.0, 272799.0, 274863.0, 273559.0, 272917.0, 272214.0, 273254.0, 276465.0, 274196.0, 272308.0, 273398.0, 273268.0, 272425.0, 272332.0, 272232.0, 274761.0, 272353.0, 274757.0, 272899.0, 271841.0, 272772.0, 272214.0, 272544.0, 274286.0, 271671.0, 274784.0, 272868.0, 274241.0, 274838.0, 271330.0, 271861.0, 271823.0, 272360.0, 271954.0, 270816.0, 272519.0, 271189.0, 272750.0, 271846.0, 271309.0, 272088.0, 274598.0, 271830.0, 273878.0, 270406.0, 271273.0, 270937.0, 271489.0, 271806.0, 272247.0, 270222.0, 270878.0, 271346.0, 270718.0, 271990.0, 271512.0, 270229.0, 269751.0, 269697.0, 270872.0, 273022.0, 270872.0, 271162.0, 274469.0, 274064.0, 269995.0, 272625.0, 269229.0, 274552.0, 271931.0, 272021.0, 270694.0, 269371.0, 270530.0, 273820.0, 269329.0, 272829.0, 271829.0, 268661.0, 269275.0, 269691.0, 269508.0, 270951.0, 270951.0, 271434.0, 268069.0, 268410.0, 268677.0, 268855.0, 269235.0, 268706.0, 272431.0, 268750.0, 269893.0, 268583.0, 267926.0, 268816.0, 268767.0, 271155.0, 268343.0, 270290.0, 267436.0, 268875.0, 268187.0, 268145.0, 272565.0, 270198.0, 267406.0, 267747.0, 267888.0, 268573.0, 267888.0, 272928.0, 270053.0, 268431.0, 267414.0, 268981.0, 268931.0, 269278.0, 267794.0, 267570.0, 270639.0, 273151.0, 269079.0, 268363.0, 267248.0, 269056.0, 268428.0, 269295.0, 271973.0, 269389.0, 268428.0, 267877.0, 268455.0, 270589.0, 268734.0, 268917.0, 270504.0, 267736.0, 267600.0, 270201.0, 271567.0, 269210.0, 268190.0, 269764.0, 270315.0, 269088.0, 268125.0, 269004.0, 268906.0, 271796.0, 268166.0, 267246.0, 269010.0, 267947.0, 268767.0, 267300.0, 268458.0, 268458.0, 269641.0, 269158.0, 268376.0, 268275.0, 268243.0, 267947.0, 268904.0, 269492.0, 271804.0, 269232.0, 270547.0, 267879.0, 267868.0, 270201.0, 271588.0, 268253.0, 267414.0, 268767.0, 267300.0, 269015.0, 269222.0, 269091.0, 269524.0, 269060.0, 268275.0, 270587.0, 266940.0, 267649.0, 269803.0, 268501.0, 268451.0, 268960.0, 267600.0, 272002.0, 271991.0, 268266.0, 267738.0, 269081.0, 267738.0, 270341.0, 269657.0, 267246.0, 272052.0, 272512.0, 268361.0, 268764.0, 267307.0, 267440.0, 268092.0, 268186.0, 267633.0, 267387.0, 268834.0, 269887.0, 267414.0, 268429.0, 267310.0, 266815.0, 266944.0, 267848.0, 267210.0, 267322.0, 266923.0, 269378.0, 266944.0, 267173.0, 268008.0, 268228.0, 269294.0, 268008.0, 274167.0, 269879.0, 266817.0, 267411.0, 271525.0, 267516.0, 268376.0, 269775.0, 271158.0, 272249.0, 269085.0, 267846.0, 269550.0, 271710.0, 268209.0, 267864.0, 268228.0]
cong_K= Any[3, 3, 2, 2, 2, 2, 3, 1, 2, 2, 3, 2, 1, 1, 1, 1, 1, 1, 3, 2, 1, 1, 1, 2, 1, 1, 1, 1, 1, 1, 1, 1, 1, 1, 2, 1, 1, 1, 1, 1, 1, 1, 1, 1, 2, 2, 1, 2, 1, 1, 1, 1, 1] 
obj_k= Any[341773, 329414, 323444, 315556, 309851, 302902, 295490, 295237, 291473, 289309, 285742, 285110, 284110, 282309, 281951, 280256, 279962, 278041, 278036, 277980, 277768, 277379, 277335, 277026, 276981, 276792, 276198, 275507, 275435, 274400, 274320, 273415, 273273, 272799, 272214, 271841, 271671, 271330, 270816, 270406, 270222, 269751, 269697, 269229, 268661, 268069, 267926, 267436, 267406, 267248, 267246, 266940, 266815] 
iter_obj = Any[1, 2, 3, 4, 5, 6, 7, 8, 9, 10, 11, 12, 13, 14, 15, 16, 17, 19, 20, 21, 22, 27, 28, 29, 34, 39, 40, 41, 43, 46, 47, 52, 55, 56, 60, 74, 79, 84, 89, 99, 105, 112, 113, 122, 133, 140, 150, 156, 162, 180, 207, 240, 271] 
avgClusterDiam = 1936.2 
maxClusterDiam = 2334.0 
clusterDiamete = [2259.0; 1854.0; 2087.0; 2152.0; 1719.0; 1936.0; 1960.0; 1702.0; 2334.0; 1763.0; 1730.0; 2239.0; 1788.0; 1782.0; 1738.0]   
C = [0, 0, 0, 0, 0, 0, 0, 0, 0, 0, 0, 0, 0, 0, 0, 0, 0, 0, 0, 1, 0, 0, 0, 0, 0, 0, 0, 1, 0, 0, 0, 0, 0, 0, 0, 0, 0, 0, 0, 0, 0, 0, 0, 0, 0, 0, 0, 0, 0, 0, 0, 0, 0, 0, 0, 0, 0, 0, 0, 0, 0, 0, 0, 0, 0, 0, 0, 0, 0, 0, 0, 1, 0, 0, 0, 0, 0, 0, 0, 0, 0, 0, 0, 0, 0, 0, 1, 0, 0, 0, 0, 0, 0, 0, 0, 0, 0, 0, 0, 0, 0, 0, 0, 0, 0, 0, 0, 0, 0, 0, 0, 0, 0, 0, 0, 0, 0, 0, 0, 0, 0, 0, 0, 0, 0, 0, 0, 0, 0, 0, 0, 0, 0, 1, 0, 0, 0, 0, 0, 0, 0, 0, 0, 0, 0, 0, 0, 0, 0, 0, 0, 0, 1, 0, 0, 0, 0, 0, 0, 0, 0, 0, 0, 0, 0, 0, 0, 0, 0, 0, 0, 0, 0, 0, 0, 0, 0, 0, 0, 0, 0, 0, 0, 0, 0, 0, 0, 0, 0, 0, 0, 0, 0, 0, 0, 0, 0, 0, 0, 0, 0, 0, 0, 0, 0, 0, 0, 0, 0, 0, 0, 0, 0, 0, 1, 0, 0, 0, 0, 0, 0, 0, 0, 0, 1, 0, 0, 0, 0, 0, 0, 0, 0, 0, 0, 0, 0, 0, 0, 0, 0, 0, 0, 0, 0, 0, 0, 0, 0, 0, 0, 0, 0, 0, 0, 0, 0, 0, 0, 0, 0, 0, 0, 1, 0, 0, 0, 0, 0, 0, 0, 0, 0, 0, 0, 0, 0, 0, 0, 0, 0, 0, 0, 0, 0, 0, 0, 0, 0, 0, 0, 0, 0, 0, 0, 0, 0, 1, 0, 0, 0, 0, 0, 0, 0, 0, 0, 1, 0, 0, 0, 0, 0, 0, 0, 0, 0, 0, 0, 0, 0, 0, 0, 0, 0, 0, 0, 0, 0, 0, 0, 0, 0, 0, 0, 0, 0, 0, 0, 0, 0, 0, 0, 0, 0, 0, 0, 0, 0, 0, 0, 0, 0, 0, 0, 0, 0, 1, 0, 0, 0, 1, 0, 0, 0, 0, 0, 0, 0, 0, 0, 0, 0, 0, 0, 0, 0, 0, 0, 0, 0, 0, 0, 0, 0, 0, 0, 0, 0, 0, 0, 0, 0, 0, 0, 0, 0, 0, 0, 0, 0, 0, 0, 0, 0, 0, 0, 0, 0, 0, 0, 0, 0, 0, 1, 0, 0, 0, 0, 0, 0, 0, 0, 0, 0, 0, 0, 1, 0, 0, 0, 0, 0, 0, 0, 0, 0, 0, 0, 0, 0, 0, 0, 0, 0, 0, 0, 0, 0, 0, 0, 0]
E = [20, 28, 20, 28, 28, 20, 28, 20, 28, 264, 20, 20, 28, 28, 28, 28, 28, 20, 20, 20, 28, 28, 28, 28, 28, 20, 20, 28, 264, 264, 264, 28, 28, 28, 20, 28, 28, 28, 28, 134, 264, 28, 87, 28, 28, 28, 134, 87, 28, 28, 28, 87, 72, 72, 87, 134, 72, 28, 153, 72, 153, 72, 72, 153, 87, 72, 72, 72, 153, 153, 153, 72, 72, 72, 72, 153, 72, 72, 72, 72, 153, 87, 153, 153, 20, 20, 87, 87, 87, 87, 87, 87, 87, 87, 87, 87, 87, 87, 87, 87, 87, 87, 20, 87, 87, 87, 20, 87, 87, 87, 20, 20, 20, 20, 20, 20, 20, 20, 20, 20, 134, 87, 134, 134, 134, 134, 134, 134, 134, 134, 134, 134, 134, 134, 134, 134, 134, 134, 134, 134, 134, 153, 134, 134, 134, 153, 134, 134, 134, 153, 153, 153, 153, 153, 153, 153, 153, 153, 153, 20, 153, 153, 153, 153, 153, 72, 72, 72, 72, 72, 308, 72, 308, 264, 308, 264, 72, 72, 153, 153, 72, 153, 20, 72, 72, 72, 72, 72, 72, 72, 72, 225, 225, 28, 225, 215, 215, 215, 215, 225, 225, 215, 215, 215, 225, 215, 225, 225, 215, 215, 225, 225, 215, 215, 215, 215, 225, 225, 215, 215, 215, 215, 225, 225, 225, 225, 215, 215, 215, 215, 225, 225, 215, 225, 215, 215, 215, 215, 225, 215, 215, 215, 215, 215, 225, 225, 225, 225, 225, 225, 28, 28, 28, 264, 20, 20, 20, 28, 264, 264, 28, 87, 20, 264, 264, 264, 264, 264, 264, 264, 264, 264, 264, 264, 264, 153, 153, 153, 298, 153, 298, 298, 298, 308, 308, 308, 308, 308, 308, 298, 298, 298, 298, 298, 298, 298, 298, 298, 298, 298, 308, 298, 308, 308, 308, 308, 308, 308, 308, 308, 308, 308, 308, 308, 308, 308, 298, 298, 298, 298, 298, 298, 298, 358, 358, 308, 308, 308, 308, 308, 362, 362, 362, 362, 358, 358, 358, 358, 358, 358, 358, 358, 358, 358, 362, 358, 362, 362, 362, 362, 362, 362, 362, 362, 362, 358, 358, 358, 358, 358, 362, 362, 362, 362, 362, 362, 362, 362, 362, 362, 362, 358, 358, 358, 358, 358, 358, 358, 415, 415, 415, 415, 362, 362, 362, 362, 415, 415, 415, 415, 415, 415, 415, 415, 415, 415, 358, 428, 358, 358, 358, 428, 428, 358, 428, 428, 428, 428, 428, 428, 428, 428, 415, 415, 415, 415, 415, 415, 415, 415, 415, 415, 415, 415, 428, 428, 428, 428, 428, 428, 428, 428, 415, 415, 415, 415, 415, 415, 415, 428, 428, 428, 428, 428, 428, 428, 28, 87, 28, 264, 215, 225]
