n° iter       = 300 
neighborhood_structure = [1] 
Prioridad     = 10 
balance       = 0.5 
Len_N         = 1 
N° clusters   = 15 
N° estaciones = 452 
N° mejoras    = 19
N° iter completadas  = 93
1° FO         = 325066.0
FO            = 279141
Centros       = [22, 29, 71, 86, 95, 140, 177, 208, 235, 298, 314, 353, 358, 411, 416]
Objs= Any[325066.0, 316534, 312935, 312395, 312395, 312395, 311991, 311991, 311991, 311991, 311652, 311652, 311652, 311652, 311652, 311652, 311652, 311439, 308403, 308403, 308403, 308403, 308403, 306366, 305856, 299057, 299057, 299057, 296532, 296532, 296532, 296532, 293602, 293602, 293602, 293602, 293602, 293602, 293602, 292579, 290944, 290944, 290944, 290944, 290944, 290944, 290944, 290944, 285187, 285101, 281503, 281503, 281503, 281503, 281503, 281503, 281503, 281503, 281503, 281503, 281503, 281503, 281503, 281503, 281503, 281503, 281503, 281503, 279659, 279659, 279659, 279659, 279659, 279659, 279659, 279141, 279141, 279141, 279141, 279141, 279141, 279141, 279141, 279141, 279141, 279141, 279141, 279141, 279141, 279141, 279141, 279141, 279141, 279141]
current_obj = [316534.0, 312935.0, 312395.0, 313275.0, 313134.0, 311991.0, 312737.0, 321693.0, 312057.0, 311652.0, 316067.0, 313772.0, 313962.0, 313333.0, 315683.0, 314515.0, 311439.0, 308403.0, 316943.0, 322589.0, 308774.0, 308425.0, 306366.0, 305856.0, 299057.0, 299873.0, 299503.0, 296532.0, 301314.0, 298419.0, 297345.0, 293602.0, 301969.0, 298349.0, 296768.0, 296847.0, 294433.0, 304605.0, 292579.0, 290944.0, 296305.0, 294056.0, 297401.0, 293017.0, 292182.0, 292201.0, 293956.0, 285187.0, 285101.0, 281503.0, 281904.0, 281589.0, 288784.0, 282749.0, 281515.0, 286067.0, 284712.0, 283703.0, 288861.0, 282749.0, 288387.0, 282156.0, 281798.0, 282035.0, 284350.0, 284705.0, 283212.0, 279659.0, 287989.0, 282599.0, 281164.0, 284926.0, 281810.0, 284177.0, 279141.0, 280515.0, 283460.0, 284057.0, 281965.0, 283083.0, 282443.0, 282441.0, 287596.0, 280575.0, 285033.0, 283651.0, 280914.0, 286505.0, 279218.0, 286308.0, 281144.0, 283063.0, 289705.0, 284293.0, 0.0, 0.0, 0.0, 0.0, 0.0, 0.0, 0.0, 0.0, 0.0, 0.0, 0.0, 0.0, 0.0, 0.0, 0.0, 0.0, 0.0, 0.0, 0.0, 0.0, 0.0, 0.0, 0.0, 0.0, 0.0, 0.0, 0.0, 0.0, 0.0, 0.0, 0.0, 0.0, 0.0, 0.0, 0.0, 0.0, 0.0, 0.0, 0.0, 0.0, 0.0, 0.0, 0.0, 0.0, 0.0, 0.0, 0.0, 0.0, 0.0, 0.0, 0.0, 0.0, 0.0, 0.0, 0.0, 0.0, 0.0, 0.0, 0.0, 0.0, 0.0, 0.0, 0.0, 0.0, 0.0, 0.0, 0.0, 0.0, 0.0, 0.0, 0.0, 0.0, 0.0, 0.0, 0.0, 0.0, 0.0, 0.0, 0.0, 0.0, 0.0, 0.0, 0.0, 0.0, 0.0, 0.0, 0.0, 0.0, 0.0, 0.0, 0.0, 0.0, 0.0, 0.0, 0.0, 0.0, 0.0, 0.0, 0.0, 0.0, 0.0, 0.0, 0.0, 0.0, 0.0, 0.0, 0.0, 0.0, 0.0, 0.0, 0.0, 0.0, 0.0, 0.0, 0.0, 0.0, 0.0, 0.0, 0.0, 0.0, 0.0, 0.0, 0.0, 0.0, 0.0, 0.0, 0.0, 0.0, 0.0, 0.0, 0.0, 0.0, 0.0, 0.0, 0.0, 0.0, 0.0, 0.0, 0.0, 0.0, 0.0, 0.0, 0.0, 0.0, 0.0, 0.0, 0.0, 0.0, 0.0, 0.0, 0.0, 0.0, 0.0, 0.0, 0.0, 0.0, 0.0, 0.0, 0.0, 0.0, 0.0, 0.0, 0.0, 0.0, 0.0, 0.0, 0.0, 0.0, 0.0, 0.0, 0.0, 0.0, 0.0, 0.0, 0.0, 0.0, 0.0, 0.0, 0.0, 0.0, 0.0, 0.0, 0.0, 0.0, 0.0, 0.0, 0.0, 0.0, 0.0, 0.0, 0.0, 0.0, 0.0, 0.0, 0.0, 0.0, 0.0, 0.0, 0.0, 0.0, 0.0, 0.0, 0.0, 0.0, 0.0, 0.0]
cong_K= Any[1, 1, 1, 1, 1, 1, 1, 1, 1, 1, 1, 1, 1, 1, 1, 1, 1, 1, 1] 
obj_k= Any[316534, 312935, 312395, 311991, 311652, 311439, 308403, 306366, 305856, 299057, 296532, 293602, 292579, 290944, 285187, 285101, 281503, 279659, 279141] 
iter_obj = Any[1, 2, 3, 6, 10, 17, 18, 23, 24, 25, 28, 32, 39, 40, 48, 49, 50, 68, 75] 
avgClusterDiam = 2013.4 
maxClusterDiam = 2392.0 
clusterDiamete = [1891.0; 2150.0; 2001.0; 2259.0; 1779.0; 2146.0; 2239.0; 2392.0; 2263.0; 1920.0; 1860.0; 1563.0; 1909.0; 2043.0; 1786.0]   
C = [0, 0, 0, 0, 0, 0, 0, 0, 0, 0, 0, 0, 0, 0, 0, 0, 0, 0, 0, 0, 0, 1, 0, 0, 0, 0, 0, 0, 1, 0, 0, 0, 0, 0, 0, 0, 0, 0, 0, 0, 0, 0, 0, 0, 0, 0, 0, 0, 0, 0, 0, 0, 0, 0, 0, 0, 0, 0, 0, 0, 0, 0, 0, 0, 0, 0, 0, 0, 0, 0, 1, 0, 0, 0, 0, 0, 0, 0, 0, 0, 0, 0, 0, 0, 0, 1, 0, 0, 0, 0, 0, 0, 0, 0, 1, 0, 0, 0, 0, 0, 0, 0, 0, 0, 0, 0, 0, 0, 0, 0, 0, 0, 0, 0, 0, 0, 0, 0, 0, 0, 0, 0, 0, 0, 0, 0, 0, 0, 0, 0, 0, 0, 0, 0, 0, 0, 0, 0, 0, 1, 0, 0, 0, 0, 0, 0, 0, 0, 0, 0, 0, 0, 0, 0, 0, 0, 0, 0, 0, 0, 0, 0, 0, 0, 0, 0, 0, 0, 0, 0, 0, 0, 0, 0, 0, 0, 1, 0, 0, 0, 0, 0, 0, 0, 0, 0, 0, 0, 0, 0, 0, 0, 0, 0, 0, 0, 0, 0, 0, 0, 0, 0, 0, 0, 0, 0, 0, 1, 0, 0, 0, 0, 0, 0, 0, 0, 0, 0, 0, 0, 0, 0, 0, 0, 0, 0, 0, 0, 0, 0, 0, 0, 0, 0, 1, 0, 0, 0, 0, 0, 0, 0, 0, 0, 0, 0, 0, 0, 0, 0, 0, 0, 0, 0, 0, 0, 0, 0, 0, 0, 0, 0, 0, 0, 0, 0, 0, 0, 0, 0, 0, 0, 0, 0, 0, 0, 0, 0, 0, 0, 0, 0, 0, 0, 0, 0, 0, 0, 0, 0, 0, 0, 0, 0, 0, 0, 0, 1, 0, 0, 0, 0, 0, 0, 0, 0, 0, 0, 0, 0, 0, 0, 0, 1, 0, 0, 0, 0, 0, 0, 0, 0, 0, 0, 0, 0, 0, 0, 0, 0, 0, 0, 0, 0, 0, 0, 0, 0, 0, 0, 0, 0, 0, 0, 0, 0, 0, 0, 0, 0, 0, 0, 1, 0, 0, 0, 0, 1, 0, 0, 0, 0, 0, 0, 0, 0, 0, 0, 0, 0, 0, 0, 0, 0, 0, 0, 0, 0, 0, 0, 0, 0, 0, 0, 0, 0, 0, 0, 0, 0, 0, 0, 0, 0, 0, 0, 0, 0, 0, 0, 0, 0, 0, 0, 0, 0, 0, 0, 0, 0, 1, 0, 0, 0, 0, 1, 0, 0, 0, 0, 0, 0, 0, 0, 0, 0, 0, 0, 0, 0, 0, 0, 0, 0, 0, 0, 0, 0, 0, 0, 0, 0, 0, 0, 0, 0, 0, 0, 0, 0, 0, 0]
E = [86, 22, 86, 22, 22, 86, 22, 86, 22, 29, 86, 86, 22, 22, 22, 22, 22, 86, 86, 86, 22, 22, 22, 22, 22, 29, 86, 22, 29, 86, 86, 22, 22, 22, 22, 22, 22, 22, 22, 22, 29, 22, 29, 22, 22, 22, 22, 29, 71, 71, 71, 29, 71, 71, 95, 71, 71, 71, 71, 71, 71, 71, 71, 71, 29, 177, 71, 177, 71, 71, 71, 177, 71, 177, 71, 71, 177, 71, 71, 71, 71, 29, 71, 71, 86, 86, 29, 95, 95, 95, 95, 95, 95, 95, 95, 29, 95, 29, 29, 95, 95, 95, 86, 95, 95, 95, 86, 29, 95, 95, 86, 29, 86, 86, 86, 86, 86, 86, 86, 86, 86, 29, 140, 140, 140, 140, 140, 140, 140, 140, 140, 140, 140, 140, 140, 140, 140, 140, 140, 140, 140, 71, 140, 140, 140, 71, 140, 140, 140, 71, 140, 71, 71, 71, 140, 71, 71, 140, 140, 86, 71, 71, 140, 71, 298, 177, 177, 177, 177, 177, 177, 177, 314, 86, 314, 29, 177, 177, 71, 71, 71, 177, 86, 177, 177, 177, 177, 177, 177, 177, 177, 208, 235, 22, 208, 208, 235, 235, 208, 208, 208, 208, 208, 208, 208, 235, 208, 208, 235, 208, 208, 208, 235, 235, 235, 208, 208, 208, 235, 235, 235, 208, 208, 208, 208, 208, 235, 235, 235, 235, 208, 208, 235, 208, 235, 235, 235, 235, 208, 235, 235, 208, 208, 208, 208, 208, 208, 22, 22, 22, 22, 22, 22, 86, 86, 86, 86, 22, 29, 29, 22, 95, 86, 29, 29, 29, 29, 29, 29, 29, 29, 29, 29, 29, 29, 298, 298, 298, 298, 298, 298, 298, 298, 314, 314, 314, 314, 314, 314, 298, 314, 298, 298, 298, 298, 298, 298, 298, 298, 298, 314, 298, 298, 314, 314, 314, 314, 314, 314, 314, 314, 314, 314, 314, 314, 314, 298, 298, 298, 298, 298, 298, 298, 358, 314, 314, 314, 314, 314, 314, 314, 353, 314, 314, 358, 358, 358, 358, 358, 358, 358, 358, 358, 358, 353, 358, 353, 353, 353, 353, 353, 353, 353, 353, 353, 358, 358, 358, 358, 358, 353, 353, 353, 353, 353, 353, 353, 353, 353, 353, 353, 358, 358, 358, 358, 358, 358, 358, 358, 416, 416, 416, 416, 416, 416, 416, 416, 416, 416, 416, 416, 416, 416, 416, 416, 416, 411, 411, 411, 411, 411, 411, 411, 411, 411, 411, 411, 411, 411, 411, 411, 411, 416, 416, 416, 416, 416, 416, 416, 416, 416, 416, 416, 411, 411, 411, 411, 411, 411, 411, 411, 411, 411, 411, 416, 416, 416, 416, 411, 411, 411, 411, 411, 411, 411, 411, 22, 29, 22, 29, 235, 208]
