n° iter       = 300 
neighborhood_structure = [1 2 3] 
Prioridad     = 10 
balance       = 0.5 
Len_N         = 1 
N° clusters   = 15 
N° estaciones = 452 
N° mejoras    = 28
N° iter completadas  = 204
1° FO         = 314111.0
FO            = 274487
Centros       = [16, 50, 101, 132, 156, 178, 215, 217, 270, 307, 318, 353, 360, 415, 429]
Objs= Any[314111.0, 314111.0, 314111.0, 306248, 303942, 300060, 300060, 296478, 296478, 294424, 294424, 294424, 294424, 294259, 294259, 294259, 289403, 289403, 289403, 289403, 289403, 289403, 289403, 289403, 289403, 289403, 289403, 289403, 287667, 287009, 287009, 285319, 285319, 285319, 285319, 283984, 282835, 282835, 282835, 282835, 282329, 282329, 282329, 282329, 282329, 282329, 282329, 282329, 282023, 282023, 282023, 282023, 281232, 279140, 279140, 279011, 278851, 278851, 278851, 278851, 278851, 278851, 278851, 278676, 278676, 278676, 278676, 278676, 277797, 277797, 277797, 277797, 277797, 277797, 277797, 277797, 277797, 277797, 277797, 277797, 277797, 277797, 277797, 277797, 277797, 277797, 277797, 276581, 276581, 276581, 276581, 276581, 276581, 276581, 276581, 276581, 276581, 276493, 276493, 276493, 276493, 276493, 276493, 276493, 276493, 276274, 276274, 276274, 275660, 275660, 275660, 275456, 275456, 275456, 274882, 274882, 274882, 274882, 274882, 274882, 274882, 274882, 274882, 274882, 274882, 274882, 274772, 274772, 274772, 274772, 274487, 274487, 274487, 274487, 274487, 274487, 274487, 274487, 274487, 274487, 274487, 274487, 274487, 274487, 274487, 274487, 274487, 274487, 274487, 274487, 274487, 274487, 274487, 274487, 274487, 274487, 274487, 274487, 274487, 274487, 274487, 274487, 274487, 274487, 274487, 274487, 274487, 274487, 274487, 274487, 274487, 274487, 274487, 274487, 274487, 274487, 274487, 274487, 274487, 274487, 274487, 274487, 274487, 274487, 274487, 274487, 274487, 274487, 274487, 274487, 274487, 274487, 274487, 274487, 274487, 274487, 274487, 274487, 274487, 274487, 274487, 274487, 274487, 274487, 274487]
current_obj = [316536.0, 322541.0, 306248.0, 303942.0, 300060.0, 301019.0, 296478.0, 297754.0, 294424.0, 295767.0, 296879.0, 296682.0, 294259.0, 296069.0, 298429.0, 289403.0, 296045.0, 290565.0, 293998.0, 294661.0, 296732.0, 296008.0, 290146.0, 289664.0, 296608.0, 294454.0, 290587.0, 287667.0, 287009.0, 290584.0, 285319.0, 288308.0, 287108.0, 286938.0, 283984.0, 282835.0, 286671.0, 287002.0, 286624.0, 282329.0, 286467.0, 288194.0, 283049.0, 288428.0, 282509.0, 284651.0, 283231.0, 282023.0, 283505.0, 287749.0, 284199.0, 281232.0, 279140.0, 280587.0, 279011.0, 278851.0, 284179.0, 282412.0, 280067.0, 287021.0, 284950.0, 283827.0, 278676.0, 282275.0, 284544.0, 285476.0, 278786.0, 277797.0, 279100.0, 278889.0, 280334.0, 283021.0, 280503.0, 281014.0, 282833.0, 281292.0, 279477.0, 280047.0, 285265.0, 280862.0, 279700.0, 283390.0, 278751.0, 279477.0, 282975.0, 280596.0, 276581.0, 282267.0, 276631.0, 284654.0, 280091.0, 280112.0, 281544.0, 277488.0, 277220.0, 280766.0, 276493.0, 282273.0, 279740.0, 279331.0, 285876.0, 284186.0, 277968.0, 276920.0, 276274.0, 282264.0, 285819.0, 275660.0, 280955.0, 278694.0, 275456.0, 277559.0, 276158.0, 274882.0, 278900.0, 278379.0, 276825.0, 275056.0, 278025.0, 276430.0, 280110.0, 277303.0, 276289.0, 276443.0, 280445.0, 274772.0, 281597.0, 278048.0, 277136.0, 274487.0, 274915.0, 275993.0, 276439.0, 280585.0, 281672.0, 280923.0, 281261.0, 281099.0, 281356.0, 276601.0, 278975.0, 274644.0, 274644.0, 275300.0, 282698.0, 276454.0, 278818.0, 274773.0, 278654.0, 276879.0, 276380.0, 280299.0, 280624.0, 276131.0, 278378.0, 279776.0, 274559.0, 276583.0, 280954.0, 278587.0, 276851.0, 281150.0, 277823.0, 285685.0, 278678.0, 279538.0, 275962.0, 286973.0, 275500.0, 278344.0, 286985.0, 274715.0, 276542.0, 274715.0, 281899.0, 275392.0, 278646.0, 274699.0, 281085.0, 278378.0, 279940.0, 276250.0, 276097.0, 280587.0, 278803.0, 276851.0, 280967.0, 274589.0, 275884.0, 276186.0, 279603.0, 281339.0, 274576.0, 276457.0, 276295.0, 277636.0, 280771.0, 281327.0, 278866.0, 280271.0, 274522.0, 275990.0, 276617.0, 281099.0, 288960.0, 0.0, 0.0, 0.0, 0.0, 0.0, 0.0, 0.0, 0.0, 0.0, 0.0, 0.0, 0.0, 0.0, 0.0, 0.0, 0.0, 0.0, 0.0, 0.0, 0.0, 0.0, 0.0, 0.0, 0.0, 0.0, 0.0, 0.0, 0.0, 0.0, 0.0, 0.0, 0.0, 0.0, 0.0, 0.0, 0.0, 0.0, 0.0, 0.0, 0.0, 0.0, 0.0, 0.0, 0.0, 0.0, 0.0, 0.0, 0.0, 0.0, 0.0, 0.0, 0.0, 0.0, 0.0, 0.0, 0.0, 0.0, 0.0, 0.0, 0.0, 0.0, 0.0, 0.0, 0.0, 0.0, 0.0, 0.0, 0.0, 0.0, 0.0, 0.0, 0.0, 0.0, 0.0, 0.0, 0.0, 0.0, 0.0, 0.0, 0.0, 0.0, 0.0, 0.0, 0.0, 0.0, 0.0, 0.0, 0.0, 0.0, 0.0, 0.0, 0.0, 0.0, 0.0, 0.0]
cong_K= Any[3, 1, 3, 1, 3, 2, 1, 1, 3, 1, 2, 1, 1, 2, 2, 1, 1, 1, 1, 1, 1, 1, 1, 1, 1, 1, 1, 1] 
obj_k= Any[306248, 303942, 300060, 296478, 294424, 294259, 289403, 287667, 287009, 285319, 283984, 282835, 282329, 282023, 281232, 279140, 279011, 278851, 278676, 277797, 276581, 276493, 276274, 275660, 275456, 274882, 274772, 274487] 
iter_obj = Any[3, 4, 5, 7, 9, 13, 16, 28, 29, 31, 35, 36, 40, 48, 52, 53, 55, 56, 63, 68, 87, 97, 105, 108, 111, 114, 126, 130] 
avgClusterDiam = 2026.7333333333333 
maxClusterDiam = 2725.0 
clusterDiamete = [1999.0; 1682.0; 1982.0; 1812.0; 1977.0; 2507.0; 1960.0; 1869.0; 2725.0; 1761.0; 2129.0; 1712.0; 2487.0; 2118.0; 1681.0]   
C = [0, 0, 0, 0, 0, 0, 0, 0, 0, 0, 0, 0, 0, 0, 0, 1, 0, 0, 0, 0, 0, 0, 0, 0, 0, 0, 0, 0, 0, 0, 0, 0, 0, 0, 0, 0, 0, 0, 0, 0, 0, 0, 0, 0, 0, 0, 0, 0, 0, 1, 0, 0, 0, 0, 0, 0, 0, 0, 0, 0, 0, 0, 0, 0, 0, 0, 0, 0, 0, 0, 0, 0, 0, 0, 0, 0, 0, 0, 0, 0, 0, 0, 0, 0, 0, 0, 0, 0, 0, 0, 0, 0, 0, 0, 0, 0, 0, 0, 0, 0, 1, 0, 0, 0, 0, 0, 0, 0, 0, 0, 0, 0, 0, 0, 0, 0, 0, 0, 0, 0, 0, 0, 0, 0, 0, 0, 0, 0, 0, 0, 0, 1, 0, 0, 0, 0, 0, 0, 0, 0, 0, 0, 0, 0, 0, 0, 0, 0, 0, 0, 0, 0, 0, 0, 0, 1, 0, 0, 0, 0, 0, 0, 0, 0, 0, 0, 0, 0, 0, 0, 0, 0, 0, 0, 0, 0, 0, 1, 0, 0, 0, 0, 0, 0, 0, 0, 0, 0, 0, 0, 0, 0, 0, 0, 0, 0, 0, 0, 0, 0, 0, 0, 0, 0, 0, 0, 0, 0, 0, 0, 0, 0, 0, 0, 1, 0, 1, 0, 0, 0, 0, 0, 0, 0, 0, 0, 0, 0, 0, 0, 0, 0, 0, 0, 0, 0, 0, 0, 0, 0, 0, 0, 0, 0, 0, 0, 0, 0, 0, 0, 0, 0, 0, 0, 0, 0, 0, 0, 0, 0, 0, 0, 0, 0, 0, 0, 0, 0, 0, 1, 0, 0, 0, 0, 0, 0, 0, 0, 0, 0, 0, 0, 0, 0, 0, 0, 0, 0, 0, 0, 0, 0, 0, 0, 0, 0, 0, 0, 0, 0, 0, 0, 0, 0, 0, 0, 1, 0, 0, 0, 0, 0, 0, 0, 0, 0, 0, 1, 0, 0, 0, 0, 0, 0, 0, 0, 0, 0, 0, 0, 0, 0, 0, 0, 0, 0, 0, 0, 0, 0, 0, 0, 0, 0, 0, 0, 0, 0, 0, 0, 0, 0, 1, 0, 0, 0, 0, 0, 0, 1, 0, 0, 0, 0, 0, 0, 0, 0, 0, 0, 0, 0, 0, 0, 0, 0, 0, 0, 0, 0, 0, 0, 0, 0, 0, 0, 0, 0, 0, 0, 0, 0, 0, 0, 0, 0, 0, 0, 0, 0, 0, 0, 0, 0, 0, 0, 0, 0, 0, 0, 0, 0, 0, 0, 1, 0, 0, 0, 0, 0, 0, 0, 0, 0, 0, 0, 0, 0, 1, 0, 0, 0, 0, 0, 0, 0, 0, 0, 0, 0, 0, 0, 0, 0, 0, 0, 0, 0, 0, 0, 0, 0]
E = [16, 16, 270, 16, 16, 16, 16, 270, 16, 270, 16, 16, 50, 16, 16, 16, 16, 16, 16, 270, 50, 16, 16, 16, 16, 270, 16, 16, 270, 16, 270, 16, 16, 16, 16, 50, 50, 50, 16, 16, 270, 16, 270, 50, 50, 50, 50, 270, 50, 50, 50, 101, 50, 50, 101, 156, 50, 50, 156, 50, 50, 50, 50, 156, 270, 178, 50, 178, 156, 50, 50, 178, 178, 178, 178, 50, 178, 178, 178, 178, 156, 270, 178, 156, 16, 270, 101, 101, 101, 101, 101, 101, 101, 101, 101, 101, 101, 270, 270, 101, 101, 101, 270, 101, 101, 101, 132, 132, 101, 101, 16, 270, 270, 270, 270, 270, 132, 132, 132, 132, 132, 101, 132, 132, 132, 132, 132, 132, 132, 132, 132, 132, 132, 132, 132, 132, 132, 132, 132, 132, 132, 156, 132, 132, 156, 156, 156, 132, 156, 156, 156, 156, 156, 156, 156, 156, 156, 156, 156, 270, 156, 156, 156, 156, 156, 178, 178, 178, 178, 178, 178, 178, 178, 270, 307, 270, 178, 178, 178, 156, 178, 178, 16, 178, 178, 178, 178, 178, 178, 178, 178, 217, 217, 217, 217, 215, 215, 215, 215, 217, 217, 215, 215, 215, 217, 215, 217, 217, 215, 215, 217, 217, 215, 215, 215, 215, 217, 217, 215, 215, 215, 215, 215, 217, 217, 217, 215, 215, 215, 215, 215, 217, 215, 217, 215, 215, 215, 215, 217, 215, 215, 215, 215, 215, 217, 217, 217, 217, 217, 217, 16, 16, 16, 270, 270, 270, 16, 50, 270, 270, 16, 101, 270, 270, 270, 270, 270, 270, 270, 270, 270, 270, 270, 270, 270, 156, 156, 156, 318, 156, 318, 318, 318, 307, 307, 307, 178, 307, 307, 178, 307, 318, 318, 318, 318, 318, 318, 318, 318, 318, 307, 318, 307, 307, 307, 307, 307, 307, 307, 307, 307, 307, 307, 307, 307, 318, 318, 318, 318, 318, 318, 318, 318, 318, 318, 360, 307, 307, 307, 307, 353, 353, 353, 353, 318, 360, 318, 360, 318, 318, 360, 360, 360, 360, 353, 353, 353, 353, 353, 353, 353, 353, 353, 353, 353, 360, 360, 360, 360, 360, 353, 353, 353, 353, 353, 353, 353, 353, 353, 353, 353, 360, 360, 360, 360, 360, 360, 360, 415, 415, 415, 415, 415, 353, 353, 415, 415, 415, 415, 415, 415, 415, 415, 415, 415, 415, 360, 360, 360, 360, 360, 429, 429, 360, 429, 429, 429, 429, 429, 429, 429, 429, 415, 415, 415, 415, 415, 415, 415, 415, 415, 415, 415, 415, 415, 429, 429, 429, 429, 429, 429, 429, 415, 415, 415, 415, 415, 415, 415, 429, 429, 429, 429, 429, 429, 429, 50, 101, 50, 270, 215, 217]
