n° iter       = 300 
neighborhood_structure = [3] 
Prioridad     = 10 
balance       = 0.5 
Len_N         = 9 
N° clusters   = 15 
N° estaciones = 452 
N° mejoras    = 23
N° iter completadas  = 97
1° FO         = 340319.0
FO            = 274352
Centros       = [19, 38, 72, 101, 137, 154, 215, 232, 275, 294, 306, 338, 349, 416, 427]
Objs= Any[340319.0, 330837, 318557, 308458, 304961, 301636, 295776, 294395, 293807, 290217, 288773, 288671, 287378, 287378, 287378, 287378, 285571, 285571, 285571, 284394, 284394, 284394, 284394, 284394, 284394, 284394, 284394, 284394, 284394, 284394, 284394, 284394, 284394, 283737, 283737, 283737, 283737, 283737, 283737, 283737, 283737, 282409, 282409, 282409, 280630, 280630, 280630, 280630, 280630, 280630, 280630, 280630, 280630, 280630, 280630, 280630, 280630, 278405, 278405, 278405, 278405, 278405, 278405, 278405, 278405, 278405, 278405, 278405, 278405, 277674, 277674, 277674, 277674, 277674, 277674, 277674, 277674, 277674, 277559, 277559, 276748, 275807, 274352, 274352, 274352, 274352, 274352, 274352, 274352, 274352, 274352, 274352, 274352, 274352, 274352, 274352, 274352, 274352]
current_obj = [330837.0, 318557.0, 308458.0, 304961.0, 301636.0, 295776.0, 294395.0, 293807.0, 290217.0, 288773.0, 288671.0, 287378.0, 289452.0, 291434.0, 288085.0, 285571.0, 288467.0, 286619.0, 284394.0, 287051.0, 287284.0, 289308.0, 287673.0, 287508.0, 286620.0, 290511.0, 287867.0, 286576.0, 290516.0, 285306.0, 285089.0, 285402.0, 283737.0, 287839.0, 284661.0, 287224.0, 286429.0, 284950.0, 286350.0, 288758.0, 282409.0, 283722.0, 284859.0, 280630.0, 287739.0, 282582.0, 281234.0, 283650.0, 284211.0, 285947.0, 287007.0, 283118.0, 281940.0, 282944.0, 285917.0, 283777.0, 278405.0, 281136.0, 278964.0, 281735.0, 279705.0, 280608.0, 282666.0, 283941.0, 284748.0, 285028.0, 283625.0, 283652.0, 277674.0, 278739.0, 280272.0, 285354.0, 278648.0, 285418.0, 279038.0, 280943.0, 282652.0, 277559.0, 282726.0, 276748.0, 275807.0, 274352.0, 280898.0, 282298.0, 282544.0, 281092.0, 283510.0, 280397.0, 277215.0, 278233.0, 277513.0, 278516.0, 275937.0, 278969.0, 274404.0, 279337.0, 276201.0, 283688.0, 0.0, 0.0, 0.0, 0.0, 0.0, 0.0, 0.0, 0.0, 0.0, 0.0, 0.0, 0.0, 0.0, 0.0, 0.0, 0.0, 0.0, 0.0, 0.0, 0.0, 0.0, 0.0, 0.0, 0.0, 0.0, 0.0, 0.0, 0.0, 0.0, 0.0, 0.0, 0.0, 0.0, 0.0, 0.0, 0.0, 0.0, 0.0, 0.0, 0.0, 0.0, 0.0, 0.0, 0.0, 0.0, 0.0, 0.0, 0.0, 0.0, 0.0, 0.0, 0.0, 0.0, 0.0, 0.0, 0.0, 0.0, 0.0, 0.0, 0.0, 0.0, 0.0, 0.0, 0.0, 0.0, 0.0, 0.0, 0.0, 0.0, 0.0, 0.0, 0.0, 0.0, 0.0, 0.0, 0.0, 0.0, 0.0, 0.0, 0.0, 0.0, 0.0, 0.0, 0.0, 0.0, 0.0, 0.0, 0.0, 0.0, 0.0, 0.0, 0.0, 0.0, 0.0, 0.0, 0.0, 0.0, 0.0, 0.0, 0.0, 0.0, 0.0, 0.0, 0.0, 0.0, 0.0, 0.0, 0.0, 0.0, 0.0, 0.0, 0.0, 0.0, 0.0, 0.0, 0.0, 0.0, 0.0, 0.0, 0.0, 0.0, 0.0, 0.0, 0.0, 0.0, 0.0, 0.0, 0.0, 0.0, 0.0, 0.0, 0.0, 0.0, 0.0, 0.0, 0.0, 0.0, 0.0, 0.0, 0.0, 0.0, 0.0, 0.0, 0.0, 0.0, 0.0, 0.0, 0.0, 0.0, 0.0, 0.0, 0.0, 0.0, 0.0, 0.0, 0.0, 0.0, 0.0, 0.0, 0.0, 0.0, 0.0, 0.0, 0.0, 0.0, 0.0, 0.0, 0.0, 0.0, 0.0, 0.0, 0.0, 0.0, 0.0, 0.0, 0.0, 0.0, 0.0, 0.0, 0.0, 0.0, 0.0, 0.0, 0.0, 0.0, 0.0, 0.0, 0.0, 0.0, 0.0, 0.0, 0.0, 0.0, 0.0, 0.0, 0.0, 0.0, 0.0, 0.0, 0.0, 0.0, 0.0]
cong_K= Any[3, 3, 3, 3, 3, 3, 3, 3, 3, 3, 3, 3, 3, 3, 3, 3, 3, 3, 3, 3, 3, 3, 3] 
obj_k= Any[330837, 318557, 308458, 304961, 301636, 295776, 294395, 293807, 290217, 288773, 288671, 287378, 285571, 284394, 283737, 282409, 280630, 278405, 277674, 277559, 276748, 275807, 274352] 
iter_obj = Any[1, 2, 3, 4, 5, 6, 7, 8, 9, 10, 11, 12, 16, 19, 33, 41, 44, 57, 69, 78, 80, 81, 82] 
avgClusterDiam = 1985.6666666666667 
maxClusterDiam = 2492.0 
clusterDiamete = [1992.0; 1854.0; 2492.0; 1982.0; 2302.0; 1957.0; 1960.0; 1745.0; 2346.0; 1825.0; 1723.0; 1909.0; 1869.0; 1786.0; 2043.0]   
C = [0, 0, 0, 0, 0, 0, 0, 0, 0, 0, 0, 0, 0, 0, 0, 0, 0, 0, 1, 0, 0, 0, 0, 0, 0, 0, 0, 0, 0, 0, 0, 0, 0, 0, 0, 0, 0, 1, 0, 0, 0, 0, 0, 0, 0, 0, 0, 0, 0, 0, 0, 0, 0, 0, 0, 0, 0, 0, 0, 0, 0, 0, 0, 0, 0, 0, 0, 0, 0, 0, 0, 1, 0, 0, 0, 0, 0, 0, 0, 0, 0, 0, 0, 0, 0, 0, 0, 0, 0, 0, 0, 0, 0, 0, 0, 0, 0, 0, 0, 0, 1, 0, 0, 0, 0, 0, 0, 0, 0, 0, 0, 0, 0, 0, 0, 0, 0, 0, 0, 0, 0, 0, 0, 0, 0, 0, 0, 0, 0, 0, 0, 0, 0, 0, 0, 0, 1, 0, 0, 0, 0, 0, 0, 0, 0, 0, 0, 0, 0, 0, 0, 0, 0, 1, 0, 0, 0, 0, 0, 0, 0, 0, 0, 0, 0, 0, 0, 0, 0, 0, 0, 0, 0, 0, 0, 0, 0, 0, 0, 0, 0, 0, 0, 0, 0, 0, 0, 0, 0, 0, 0, 0, 0, 0, 0, 0, 0, 0, 0, 0, 0, 0, 0, 0, 0, 0, 0, 0, 0, 0, 0, 0, 0, 0, 1, 0, 0, 0, 0, 0, 0, 0, 0, 0, 0, 0, 0, 0, 0, 0, 0, 1, 0, 0, 0, 0, 0, 0, 0, 0, 0, 0, 0, 0, 0, 0, 0, 0, 0, 0, 0, 0, 0, 0, 0, 0, 0, 0, 0, 0, 0, 0, 0, 0, 0, 0, 0, 0, 0, 0, 0, 0, 0, 0, 1, 0, 0, 0, 0, 0, 0, 0, 0, 0, 0, 0, 0, 0, 0, 0, 0, 0, 0, 1, 0, 0, 0, 0, 0, 0, 0, 0, 0, 0, 0, 1, 0, 0, 0, 0, 0, 0, 0, 0, 0, 0, 0, 0, 0, 0, 0, 0, 0, 0, 0, 0, 0, 0, 0, 0, 0, 0, 0, 0, 0, 0, 0, 1, 0, 0, 0, 0, 0, 0, 0, 0, 0, 0, 1, 0, 0, 0, 0, 0, 0, 0, 0, 0, 0, 0, 0, 0, 0, 0, 0, 0, 0, 0, 0, 0, 0, 0, 0, 0, 0, 0, 0, 0, 0, 0, 0, 0, 0, 0, 0, 0, 0, 0, 0, 0, 0, 0, 0, 0, 0, 0, 0, 0, 0, 0, 0, 0, 0, 0, 0, 0, 0, 0, 0, 0, 0, 0, 0, 0, 0, 1, 0, 0, 0, 0, 0, 0, 0, 0, 0, 0, 1, 0, 0, 0, 0, 0, 0, 0, 0, 0, 0, 0, 0, 0, 0, 0, 0, 0, 0, 0, 0, 0, 0, 0, 0, 0]
E = [19, 19, 19, 38, 19, 19, 38, 19, 19, 275, 19, 19, 38, 38, 38, 38, 19, 19, 19, 19, 38, 38, 38, 38, 19, 275, 19, 38, 275, 19, 19, 38, 38, 38, 19, 38, 38, 38, 38, 38, 275, 38, 275, 38, 38, 38, 38, 275, 38, 38, 38, 101, 72, 38, 101, 38, 72, 38, 72, 72, 154, 72, 72, 154, 275, 72, 72, 72, 154, 154, 154, 72, 72, 72, 72, 154, 72, 72, 72, 154, 154, 275, 154, 154, 19, 19, 101, 101, 101, 101, 101, 101, 101, 101, 101, 101, 101, 101, 275, 101, 101, 101, 19, 101, 101, 101, 137, 137, 101, 101, 19, 275, 19, 19, 19, 275, 19, 19, 19, 19, 19, 101, 137, 137, 137, 137, 137, 137, 137, 137, 137, 137, 137, 137, 137, 137, 137, 137, 137, 137, 137, 154, 137, 137, 137, 154, 137, 137, 137, 154, 154, 154, 154, 154, 154, 154, 154, 137, 137, 19, 154, 154, 154, 154, 154, 72, 72, 72, 154, 72, 72, 72, 306, 275, 154, 275, 72, 72, 154, 154, 72, 154, 19, 72, 72, 72, 72, 72, 72, 72, 72, 232, 232, 232, 232, 215, 215, 215, 215, 232, 232, 215, 215, 215, 232, 215, 232, 232, 215, 215, 232, 232, 215, 215, 215, 215, 232, 232, 215, 215, 215, 215, 232, 232, 232, 232, 215, 215, 215, 215, 232, 232, 215, 232, 215, 215, 215, 215, 232, 215, 215, 215, 215, 215, 215, 232, 232, 232, 232, 232, 38, 232, 232, 275, 19, 19, 19, 38, 275, 275, 38, 101, 19, 275, 275, 275, 275, 275, 275, 275, 275, 275, 275, 275, 275, 294, 294, 154, 294, 294, 294, 294, 294, 306, 306, 306, 306, 306, 306, 294, 306, 294, 294, 294, 294, 294, 294, 294, 294, 306, 294, 294, 306, 306, 306, 306, 306, 306, 306, 306, 349, 306, 306, 306, 306, 306, 294, 294, 294, 294, 338, 338, 338, 338, 338, 306, 349, 306, 349, 349, 349, 349, 349, 349, 338, 338, 338, 338, 338, 338, 338, 338, 338, 338, 349, 338, 349, 349, 349, 349, 349, 349, 349, 349, 349, 338, 338, 338, 338, 338, 349, 349, 349, 349, 349, 349, 349, 349, 349, 349, 416, 338, 338, 338, 338, 338, 338, 338, 416, 416, 416, 416, 416, 416, 416, 416, 416, 416, 416, 416, 416, 416, 416, 416, 416, 416, 427, 427, 427, 427, 427, 427, 427, 427, 427, 427, 427, 427, 427, 427, 427, 427, 416, 416, 416, 416, 416, 416, 416, 416, 416, 416, 416, 427, 427, 427, 427, 427, 427, 427, 427, 427, 427, 427, 416, 416, 416, 416, 427, 427, 427, 427, 427, 427, 427, 427, 38, 101, 38, 275, 215, 232]
