n° iter       = 300 
neighborhood_structure = [3] 
Prioridad     = 10 
balance       = 0.5 
Len_N         = 1 
N° clusters   = 15 
N° estaciones = 452 
N° mejoras    = 13
N° iter completadas  = 87
1° FO         = 331911.0
FO            = 290354
Centros       = [28, 87, 128, 150, 178, 204, 229, 259, 277, 306, 317, 376, 381, 423, 443]
Objs= Any[331911.0, 324801, 324801, 324801, 324801, 324801, 318939, 318939, 309218, 308329, 308329, 308329, 308329, 303794, 302406, 302406, 302406, 302406, 302406, 302406, 302406, 300533, 300533, 300533, 299115, 299115, 299115, 299115, 299115, 299115, 297653, 297653, 297653, 297653, 294245, 294245, 294245, 294245, 294245, 294245, 294245, 294245, 294245, 294245, 292487, 292487, 292487, 292487, 292487, 292487, 292001, 292001, 292001, 292001, 292001, 292001, 292001, 292001, 290354, 290354, 290354, 290354, 290354, 290354, 290354, 290354, 290354, 290354, 290354, 290354, 290354, 290354, 290354, 290354, 290354, 290354, 290354, 290354, 290354, 290354, 290354, 290354, 290354, 290354, 290354, 290354, 290354, 290354]
current_obj = [324801.0, 334271.0, 329163.0, 335928.0, 338058.0, 318939.0, 321170.0, 309218.0, 308329.0, 312964.0, 320989.0, 318570.0, 303794.0, 302406.0, 318741.0, 309692.0, 305048.0, 305131.0, 322843.0, 311157.0, 300533.0, 317586.0, 314442.0, 299115.0, 301751.0, 319817.0, 301824.0, 314113.0, 313606.0, 297653.0, 303442.0, 304920.0, 314040.0, 294245.0, 295129.0, 297215.0, 300114.0, 297764.0, 301824.0, 298698.0, 294757.0, 311139.0, 301880.0, 292487.0, 298288.0, 308514.0, 335866.0, 300111.0, 320507.0, 292001.0, 292235.0, 322262.0, 314048.0, 300444.0, 293459.0, 300555.0, 295884.0, 290354.0, 305001.0, 323358.0, 292193.0, 308053.0, 302142.0, 301870.0, 292121.0, 300169.0, 298227.0, 292770.0, 308104.0, 290619.0, 298460.0, 293312.0, 309319.0, 294757.0, 326566.0, 297294.0, 305179.0, 295064.0, 313465.0, 295091.0, 305119.0, 300385.0, 300177.0, 300663.0, 303666.0, 297855.0, 310953.0, 295284.0, 0.0, 0.0, 0.0, 0.0, 0.0, 0.0, 0.0, 0.0, 0.0, 0.0, 0.0, 0.0, 0.0, 0.0, 0.0, 0.0, 0.0, 0.0, 0.0, 0.0, 0.0, 0.0, 0.0, 0.0, 0.0, 0.0, 0.0, 0.0, 0.0, 0.0, 0.0, 0.0, 0.0, 0.0, 0.0, 0.0, 0.0, 0.0, 0.0, 0.0, 0.0, 0.0, 0.0, 0.0, 0.0, 0.0, 0.0, 0.0, 0.0, 0.0, 0.0, 0.0, 0.0, 0.0, 0.0, 0.0, 0.0, 0.0, 0.0, 0.0, 0.0, 0.0, 0.0, 0.0, 0.0, 0.0, 0.0, 0.0, 0.0, 0.0, 0.0, 0.0, 0.0, 0.0, 0.0, 0.0, 0.0, 0.0, 0.0, 0.0, 0.0, 0.0, 0.0, 0.0, 0.0, 0.0, 0.0, 0.0, 0.0, 0.0, 0.0, 0.0, 0.0, 0.0, 0.0, 0.0, 0.0, 0.0, 0.0, 0.0, 0.0, 0.0, 0.0, 0.0, 0.0, 0.0, 0.0, 0.0, 0.0, 0.0, 0.0, 0.0, 0.0, 0.0, 0.0, 0.0, 0.0, 0.0, 0.0, 0.0, 0.0, 0.0, 0.0, 0.0, 0.0, 0.0, 0.0, 0.0, 0.0, 0.0, 0.0, 0.0, 0.0, 0.0, 0.0, 0.0, 0.0, 0.0, 0.0, 0.0, 0.0, 0.0, 0.0, 0.0, 0.0, 0.0, 0.0, 0.0, 0.0, 0.0, 0.0, 0.0, 0.0, 0.0, 0.0, 0.0, 0.0, 0.0, 0.0, 0.0, 0.0, 0.0, 0.0, 0.0, 0.0, 0.0, 0.0, 0.0, 0.0, 0.0, 0.0, 0.0, 0.0, 0.0, 0.0, 0.0, 0.0, 0.0, 0.0, 0.0, 0.0, 0.0, 0.0, 0.0, 0.0, 0.0, 0.0, 0.0, 0.0, 0.0, 0.0, 0.0, 0.0, 0.0, 0.0, 0.0, 0.0, 0.0, 0.0, 0.0, 0.0, 0.0, 0.0, 0.0, 0.0, 0.0, 0.0, 0.0, 0.0, 0.0, 0.0, 0.0]
cong_K= Any[3, 3, 3, 3, 3, 3, 3, 3, 3, 3, 3, 3, 3] 
obj_k= Any[324801, 318939, 309218, 308329, 303794, 302406, 300533, 299115, 297653, 294245, 292487, 292001, 290354] 
iter_obj = Any[1, 6, 8, 9, 13, 14, 21, 24, 30, 34, 44, 50, 58] 
avgClusterDiam = 2121.133333333333 
maxClusterDiam = 2795.0 
clusterDiamete = [2463.0; 2191.0; 1939.0; 1949.0; 2239.0; 2392.0; 2263.0; 2334.0; 2475.0; 2204.0; 1784.0; 2795.0; 2005.0; 1316.0; 1468.0]   
C = [0, 0, 0, 0, 0, 0, 0, 0, 0, 0, 0, 0, 0, 0, 0, 0, 0, 0, 0, 0, 0, 0, 0, 0, 0, 0, 0, 1, 0, 0, 0, 0, 0, 0, 0, 0, 0, 0, 0, 0, 0, 0, 0, 0, 0, 0, 0, 0, 0, 0, 0, 0, 0, 0, 0, 0, 0, 0, 0, 0, 0, 0, 0, 0, 0, 0, 0, 0, 0, 0, 0, 0, 0, 0, 0, 0, 0, 0, 0, 0, 0, 0, 0, 0, 0, 0, 1, 0, 0, 0, 0, 0, 0, 0, 0, 0, 0, 0, 0, 0, 0, 0, 0, 0, 0, 0, 0, 0, 0, 0, 0, 0, 0, 0, 0, 0, 0, 0, 0, 0, 0, 0, 0, 0, 0, 0, 0, 1, 0, 0, 0, 0, 0, 0, 0, 0, 0, 0, 0, 0, 0, 0, 0, 0, 0, 0, 0, 0, 0, 1, 0, 0, 0, 0, 0, 0, 0, 0, 0, 0, 0, 0, 0, 0, 0, 0, 0, 0, 0, 0, 0, 0, 0, 0, 0, 0, 0, 1, 0, 0, 0, 0, 0, 0, 0, 0, 0, 0, 0, 0, 0, 0, 0, 0, 0, 0, 0, 0, 0, 0, 0, 0, 0, 1, 0, 0, 0, 0, 0, 0, 0, 0, 0, 0, 0, 0, 0, 0, 0, 0, 0, 0, 0, 0, 0, 0, 0, 0, 1, 0, 0, 0, 0, 0, 0, 0, 0, 0, 0, 0, 0, 0, 0, 0, 0, 0, 0, 0, 0, 0, 0, 0, 0, 0, 0, 0, 0, 0, 1, 0, 0, 0, 0, 0, 0, 0, 0, 0, 0, 0, 0, 0, 0, 0, 0, 0, 1, 0, 0, 0, 0, 0, 0, 0, 0, 0, 0, 0, 0, 0, 0, 0, 0, 0, 0, 0, 0, 0, 0, 0, 0, 0, 0, 0, 0, 1, 0, 0, 0, 0, 0, 0, 0, 0, 0, 0, 1, 0, 0, 0, 0, 0, 0, 0, 0, 0, 0, 0, 0, 0, 0, 0, 0, 0, 0, 0, 0, 0, 0, 0, 0, 0, 0, 0, 0, 0, 0, 0, 0, 0, 0, 0, 0, 0, 0, 0, 0, 0, 0, 0, 0, 0, 0, 0, 0, 0, 0, 0, 0, 0, 0, 0, 0, 0, 0, 1, 0, 0, 0, 0, 1, 0, 0, 0, 0, 0, 0, 0, 0, 0, 0, 0, 0, 0, 0, 0, 0, 0, 0, 0, 0, 0, 0, 0, 0, 0, 0, 0, 0, 0, 0, 0, 0, 0, 0, 0, 0, 0, 0, 0, 0, 0, 1, 0, 0, 0, 0, 0, 0, 0, 0, 0, 0, 0, 0, 0, 0, 0, 0, 0, 0, 0, 1, 0, 0, 0, 0, 0, 0, 0, 0, 0]
E = [28, 28, 259, 28, 28, 28, 28, 259, 28, 259, 259, 259, 28, 28, 28, 28, 28, 128, 128, 259, 28, 28, 28, 28, 28, 259, 259, 28, 259, 259, 259, 28, 128, 128, 128, 28, 28, 28, 28, 128, 259, 28, 87, 28, 28, 28, 128, 87, 28, 28, 128, 87, 178, 150, 87, 277, 28, 28, 150, 28, 150, 178, 178, 150, 87, 178, 178, 178, 150, 150, 150, 178, 178, 178, 178, 150, 178, 178, 178, 178, 150, 87, 178, 150, 259, 259, 87, 87, 87, 87, 87, 87, 87, 87, 87, 87, 87, 87, 87, 87, 87, 87, 259, 87, 87, 87, 87, 87, 87, 87, 259, 259, 259, 259, 259, 259, 128, 128, 128, 128, 128, 87, 128, 128, 128, 128, 128, 128, 128, 128, 128, 128, 128, 128, 128, 128, 128, 128, 128, 128, 128, 150, 150, 128, 150, 150, 150, 150, 150, 150, 150, 150, 150, 150, 150, 150, 277, 150, 150, 259, 150, 150, 277, 150, 277, 178, 178, 178, 178, 178, 178, 178, 306, 259, 306, 259, 178, 178, 150, 150, 178, 178, 259, 178, 178, 178, 178, 178, 178, 178, 178, 204, 229, 28, 204, 204, 229, 229, 204, 204, 204, 204, 204, 204, 204, 229, 204, 204, 229, 204, 204, 204, 229, 229, 229, 204, 204, 204, 229, 229, 229, 204, 204, 204, 204, 204, 229, 229, 229, 229, 204, 204, 229, 204, 229, 229, 229, 229, 204, 229, 229, 204, 204, 204, 204, 204, 204, 28, 28, 28, 28, 28, 28, 259, 259, 259, 28, 28, 259, 259, 28, 87, 259, 259, 259, 259, 259, 259, 259, 259, 259, 259, 259, 259, 259, 277, 277, 277, 277, 277, 277, 277, 317, 306, 306, 306, 306, 306, 306, 306, 306, 317, 317, 277, 277, 317, 317, 317, 317, 317, 317, 306, 306, 306, 306, 306, 306, 306, 306, 306, 306, 306, 306, 306, 306, 317, 317, 317, 317, 317, 317, 317, 317, 317, 317, 376, 306, 306, 306, 306, 306, 306, 306, 306, 317, 317, 317, 317, 317, 317, 376, 376, 317, 376, 317, 381, 381, 306, 306, 381, 306, 381, 381, 381, 381, 381, 376, 376, 376, 376, 381, 381, 381, 381, 381, 381, 381, 381, 381, 381, 381, 381, 376, 376, 376, 376, 376, 376, 381, 381, 381, 381, 381, 381, 381, 381, 381, 381, 381, 381, 381, 381, 381, 423, 381, 423, 376, 376, 376, 376, 376, 376, 376, 376, 376, 443, 443, 443, 443, 443, 376, 376, 423, 423, 423, 381, 381, 381, 381, 423, 423, 423, 423, 423, 423, 443, 443, 443, 443, 443, 443, 443, 423, 423, 423, 423, 423, 423, 423, 443, 443, 443, 443, 443, 443, 443, 28, 87, 28, 259, 229, 204]
