n° iter       = 300 
neighborhood_structure = [1] 
Prioridad     = 5 
balance       = 0.5 
Len_N         = 3 
N° clusters   = 7 
N° estaciones = 228 
N° mejoras    = 19
N° iter completadas  = 189
1° FO         = 191382.0
FO            = 165271
Centros       = [87, 117, 150, 275, 298, 377, 428]
Objs= Any[191382.0, 191089, 179395, 177311, 173394, 173394, 173394, 172835, 172835, 172593, 172593, 171275, 171275, 171275, 171127, 171127, 171127, 171127, 171127, 171127, 171127, 170235, 169957, 169957, 169957, 169957, 169957, 169957, 169957, 168901, 168901, 168901, 168901, 168901, 168901, 168901, 168901, 168901, 168285, 168285, 167497, 167497, 167497, 167497, 167497, 167497, 167497, 167497, 167497, 167215, 167215, 167215, 167215, 166712, 166712, 166712, 166685, 166685, 166685, 166685, 166685, 166685, 165736, 165736, 165736, 165736, 165736, 165736, 165736, 165736, 165736, 165736, 165736, 165736, 165736, 165736, 165736, 165736, 165736, 165736, 165736, 165736, 165736, 165736, 165736, 165736, 165736, 165736, 165736, 165736, 165736, 165736, 165736, 165736, 165736, 165736, 165736, 165736, 165736, 165736, 165697, 165697, 165697, 165697, 165697, 165697, 165697, 165697, 165697, 165697, 165697, 165697, 165697, 165697, 165697, 165271, 165271, 165271, 165271, 165271, 165271, 165271, 165271, 165271, 165271, 165271, 165271, 165271, 165271, 165271, 165271, 165271, 165271, 165271, 165271, 165271, 165271, 165271, 165271, 165271, 165271, 165271, 165271, 165271, 165271, 165271, 165271, 165271, 165271, 165271, 165271, 165271, 165271, 165271, 165271, 165271, 165271, 165271, 165271, 165271, 165271, 165271, 165271, 165271, 165271, 165271, 165271, 165271, 165271, 165271, 165271, 165271, 165271, 165271, 165271, 165271, 165271, 165271, 165271, 165271, 165271, 165271, 165271, 165271, 165271, 165271, 165271, 165271, 165271, 165271]
current_obj = [191089.0, 179395.0, 177311.0, 173394.0, 174364.0, 176085.0, 172835.0, 177007.0, 172593.0, 174400.0, 171275.0, 172078.0, 172691.0, 171127.0, 172261.0, 172335.0, 176426.0, 172578.0, 172136.0, 172261.0, 170235.0, 169957.0, 171130.0, 1.0e15, 172587.0, 173976.0, 1.0e15, 173271.0, 168901.0, 173302.0, 173204.0, 170132.0, 170348.0, 169867.0, 169957.0, 177160.0, 169903.0, 168285.0, 170084.0, 167497.0, 171797.0, 1.0e15, 168420.0, 172045.0, 170088.0, 169026.0, 168499.0, 172335.0, 167215.0, 167831.0, 167831.0, 169295.0, 166712.0, 166860.0, 169707.0, 166685.0, 168874.0, 167055.0, 170476.0, 171220.0, 168765.0, 165736.0, 170732.0, 167993.0, 170317.0, 166714.0, 165884.0, 170527.0, 166113.0, 167327.0, 166688.0, 168478.0, 166352.0, 165985.0, 168065.0, 165985.0, 167877.0, 167076.0, 166659.0, 176841.0, 183711.0, 168268.0, 167424.0, 166171.0, 166659.0, 165986.0, 165884.0, 166352.0, 170284.0, 1.0e15, 1.0e15, 169154.0, 166004.0, 171277.0, 168491.0, 178044.0, 167877.0, 170538.0, 168229.0, 165697.0, 166620.0, 166113.0, 167041.0, 167037.0, 183825.0, 166712.0, 170544.0, 169038.0, 166379.0, 167996.0, 167777.0, 169725.0, 170488.0, 168488.0, 165271.0, 168952.0, 165586.0, 165310.0, 166620.0, 167681.0, 166846.0, 166544.0, 166286.0, 1.0e15, 170544.0, 166544.0, 168439.0, 167227.0, 165419.0, 165539.0, 166288.0, 165539.0, 165419.0, 165827.0, 167375.0, 168675.0, 1.0e15, 167570.0, 166458.0, 165687.0, 170969.0, 166286.0, 168447.0, 168836.0, 165772.0, 1.0e15, 168716.0, 167756.0, 169799.0, 167385.0, 1.0e15, 167352.0, 170613.0, 167730.0, 168813.0, 1.0e15, 166445.0, 166615.0, 174097.0, 166857.0, 167257.0, 165528.0, 169806.0, 1.0e15, 167222.0, 1.0e15, 165310.0, 165586.0, 167222.0, 166067.0, 1.0e15, 166760.0, 165539.0, 165586.0, 167756.0, 166659.0, 166067.0, 166846.0, 168190.0, 168439.0, 167629.0, 166544.0, 165528.0, 168190.0, 166448.0, 169281.0, 167037.0, 165548.0, 165586.0, 1.0e15, 0.0, 0.0, 0.0, 0.0, 0.0, 0.0, 0.0, 0.0, 0.0, 0.0, 0.0, 0.0, 0.0, 0.0, 0.0, 0.0, 0.0, 0.0, 0.0, 0.0, 0.0, 0.0, 0.0, 0.0, 0.0, 0.0, 0.0, 0.0, 0.0, 0.0, 0.0, 0.0, 0.0, 0.0, 0.0, 0.0, 0.0, 0.0, 0.0, 0.0, 0.0, 0.0, 0.0, 0.0, 0.0, 0.0, 0.0, 0.0, 0.0, 0.0, 0.0, 0.0, 0.0, 0.0, 0.0, 0.0, 0.0, 0.0, 0.0, 0.0, 0.0, 0.0, 0.0, 0.0, 0.0, 0.0, 0.0, 0.0, 0.0, 0.0, 0.0, 0.0, 0.0, 0.0, 0.0, 0.0, 0.0, 0.0, 0.0, 0.0, 0.0, 0.0, 0.0, 0.0, 0.0, 0.0, 0.0, 0.0, 0.0, 0.0, 0.0, 0.0, 0.0, 0.0, 0.0, 0.0, 0.0, 0.0, 0.0, 0.0, 0.0, 0.0, 0.0, 0.0, 0.0, 0.0, 0.0, 0.0, 0.0, 0.0]
cong_K= Any[1, 1, 1, 1, 1, 1, 1, 1, 1, 1, 1, 1, 1, 1, 1, 1, 1, 1, 1] 
obj_k= Any[191089, 179395, 177311, 173394, 172835, 172593, 171275, 171127, 170235, 169957, 168901, 168285, 167497, 167215, 166712, 166685, 165736, 165697, 165271] 
iter_obj = Any[1, 2, 3, 4, 7, 9, 11, 14, 21, 22, 29, 38, 40, 49, 53, 56, 62, 100, 115] 
avgClusterDiam = 2553.1428571428573 
maxClusterDiam = 4731.0 
clusterDiamete = [2027.0; 2580.0; 2439.0; 2334.0; 4731.0; 2080.0; 1681.0]   
C = [0, 0, 0, 0, 0, 0, 0, 0, 0, 0, 0, 0, 0, 0, 0, 0, 0, 0, 0, 0, 0, 0, 0, 0, 0, 0, 0, 0, 0, 0, 0, 0, 0, 0, 0, 0, 0, 0, 0, 0, 0, 0, 0, 0, 1, 0, 0, 0, 0, 0, 0, 0, 0, 0, 0, 0, 0, 0, 0, 0, 0, 0, 0, 0, 0, 0, 0, 0, 0, 0, 0, 0, 0, 0, 1, 0, 0, 0, 0, 0, 0, 0, 0, 0, 0, 0, 0, 0, 0, 0, 0, 0, 0, 0, 0, 0, 0, 0, 0, 0, 0, 0, 0, 0, 0, 0, 0, 1, 0, 0, 0, 0, 0, 0, 0, 0, 0, 0, 0, 0, 0, 0, 0, 0, 0, 0, 0, 0, 0, 0, 0, 0, 0, 0, 0, 0, 0, 0, 0, 0, 0, 0, 0, 0, 0, 0, 0, 0, 1, 0, 0, 0, 0, 0, 0, 0, 0, 0, 0, 0, 0, 0, 0, 1, 0, 0, 0, 0, 0, 0, 0, 0, 0, 0, 0, 0, 0, 0, 0, 0, 0, 0, 0, 0, 0, 0, 0, 0, 0, 0, 0, 0, 0, 1, 0, 0, 0, 0, 0, 0, 0, 0, 0, 0, 0, 0, 0, 0, 0, 0, 0, 0, 0, 0, 1, 0, 0, 0, 0, 0, 0, 0, 0, 0, 0, 0, 0, 0]
E = [117, 117, 117, 117, 275, 117, 117, 117, 117, 117, 275, 117, 275, 275, 275, 117, 117, 117, 87, 87, 117, 87, 87, 150, 87, 150, 150, 298, 150, 150, 150, 87, 150, 150, 150, 298, 150, 150, 150, 87, 150, 150, 117, 117, 87, 87, 87, 87, 87, 87, 87, 87, 87, 87, 87, 87, 87, 87, 87, 87, 275, 87, 87, 87, 117, 117, 87, 87, 117, 275, 117, 117, 117, 117, 117, 117, 117, 117, 117, 87, 117, 117, 117, 117, 117, 117, 117, 117, 117, 117, 117, 117, 117, 150, 117, 117, 150, 150, 150, 150, 150, 150, 150, 150, 150, 150, 150, 150, 150, 150, 150, 150, 150, 150, 298, 150, 150, 275, 150, 150, 150, 150, 150, 275, 275, 150, 150, 298, 117, 275, 117, 275, 117, 275, 87, 87, 117, 275, 275, 275, 275, 275, 275, 275, 275, 275, 275, 275, 275, 298, 150, 150, 298, 150, 150, 298, 298, 298, 298, 298, 298, 298, 298, 298, 298, 298, 298, 298, 298, 298, 298, 298, 298, 298, 377, 298, 298, 298, 298, 298, 377, 298, 377, 377, 298, 377, 298, 298, 298, 298, 377, 377, 377, 377, 377, 377, 377, 377, 298, 377, 377, 428, 298, 428, 377, 428, 428, 428, 428, 428, 377, 428, 428, 428, 428, 428, 428, 428, 428, 428, 428, 428, 428, 428, 428, 428, 87, 275]
