n° iter       = 300 
neighborhood_structure = [3] 
Prioridad     = 10 
balance       = 0.2 
Len_N         = 9 
N° clusters   = 15 
N° estaciones = 452 
N° mejoras    = 19
N° iter completadas  = 93
1° FO         = 367829.0
FO            = 320097
Centros       = [19, 66, 97, 143, 152, 212, 221, 261, 268, 298, 314, 358, 362, 411, 416]
Objs= Any[367829.0, 355024, 350791, 344900, 344744, 344744, 338740, 338740, 338740, 338740, 338740, 338740, 336609, 334461, 334461, 334461, 330046, 330046, 326601, 326601, 326601, 326601, 326601, 326601, 326601, 326601, 326601, 326601, 326601, 326601, 326601, 326601, 326601, 326601, 326601, 326601, 326555, 326555, 325841, 325841, 325841, 325841, 325841, 324696, 323879, 323879, 323879, 323492, 323492, 323492, 323206, 322738, 322738, 322738, 322738, 322738, 322738, 322738, 322738, 322292, 322292, 322292, 322292, 320503, 320503, 320503, 320503, 320503, 320503, 320503, 320503, 320503, 320503, 320503, 320503, 320503, 320503, 320503, 320503, 320503, 320503, 320503, 320503, 320503, 320503, 320503, 320503, 320503, 320503, 320503, 320503, 320503, 320503, 320097]
current_obj = [355024.0, 350791.0, 344900.0, 344744.0, 347168.0, 338740.0, 340844.0, 340106.0, 341248.0, 341093.0, 342437.0, 336609.0, 334461.0, 340335.0, 337328.0, 330046.0, 330278.0, 326601.0, 328716.0, 328596.0, 331953.0, 329802.0, 329108.0, 326874.0, 327521.0, 329830.0, 328557.0, 327852.0, 327852.0, 327834.0, 327809.0, 327366.0, 328903.0, 328205.0, 328009.0, 326555.0, 326666.0, 325841.0, 328733.0, 328263.0, 328276.0, 326657.0, 324696.0, 323879.0, 326558.0, 328230.0, 323492.0, 325151.0, 328291.0, 323206.0, 322738.0, 325097.0, 325725.0, 325156.0, 323984.0, 323085.0, 327754.0, 331117.0, 322292.0, 325019.0, 324472.0, 324667.0, 320503.0, 321319.0, 321308.0, 321903.0, 321311.0, 326887.0, 322231.0, 323207.0, 322230.0, 323689.0, 323986.0, 326798.0, 322821.0, 325704.0, 323498.0, 322222.0, 323920.0, 324631.0, 323258.0, 326129.0, 321647.0, 325088.0, 325253.0, 325766.0, 326004.0, 329331.0, 322174.0, 323020.0, 323450.0, 326224.0, 320097.0, 321749.0, 0.0, 0.0, 0.0, 0.0, 0.0, 0.0, 0.0, 0.0, 0.0, 0.0, 0.0, 0.0, 0.0, 0.0, 0.0, 0.0, 0.0, 0.0, 0.0, 0.0, 0.0, 0.0, 0.0, 0.0, 0.0, 0.0, 0.0, 0.0, 0.0, 0.0, 0.0, 0.0, 0.0, 0.0, 0.0, 0.0, 0.0, 0.0, 0.0, 0.0, 0.0, 0.0, 0.0, 0.0, 0.0, 0.0, 0.0, 0.0, 0.0, 0.0, 0.0, 0.0, 0.0, 0.0, 0.0, 0.0, 0.0, 0.0, 0.0, 0.0, 0.0, 0.0, 0.0, 0.0, 0.0, 0.0, 0.0, 0.0, 0.0, 0.0, 0.0, 0.0, 0.0, 0.0, 0.0, 0.0, 0.0, 0.0, 0.0, 0.0, 0.0, 0.0, 0.0, 0.0, 0.0, 0.0, 0.0, 0.0, 0.0, 0.0, 0.0, 0.0, 0.0, 0.0, 0.0, 0.0, 0.0, 0.0, 0.0, 0.0, 0.0, 0.0, 0.0, 0.0, 0.0, 0.0, 0.0, 0.0, 0.0, 0.0, 0.0, 0.0, 0.0, 0.0, 0.0, 0.0, 0.0, 0.0, 0.0, 0.0, 0.0, 0.0, 0.0, 0.0, 0.0, 0.0, 0.0, 0.0, 0.0, 0.0, 0.0, 0.0, 0.0, 0.0, 0.0, 0.0, 0.0, 0.0, 0.0, 0.0, 0.0, 0.0, 0.0, 0.0, 0.0, 0.0, 0.0, 0.0, 0.0, 0.0, 0.0, 0.0, 0.0, 0.0, 0.0, 0.0, 0.0, 0.0, 0.0, 0.0, 0.0, 0.0, 0.0, 0.0, 0.0, 0.0, 0.0, 0.0, 0.0, 0.0, 0.0, 0.0, 0.0, 0.0, 0.0, 0.0, 0.0, 0.0, 0.0, 0.0, 0.0, 0.0, 0.0, 0.0, 0.0, 0.0, 0.0, 0.0, 0.0, 0.0, 0.0, 0.0, 0.0, 0.0, 0.0, 0.0, 0.0, 0.0, 0.0, 0.0, 0.0, 0.0, 0.0, 0.0, 0.0, 0.0]
cong_K= Any[3, 3, 3, 3, 3, 3, 3, 3, 3, 3, 3, 3, 3, 3, 3, 3, 3, 3, 3] 
obj_k= Any[355024, 350791, 344900, 344744, 338740, 336609, 334461, 330046, 326601, 326555, 325841, 324696, 323879, 323492, 323206, 322738, 322292, 320503, 320097] 
iter_obj = Any[1, 2, 3, 4, 6, 12, 13, 16, 18, 36, 38, 43, 44, 47, 50, 51, 59, 63, 93] 
avgClusterDiam = 2510.0 
maxClusterDiam = 3767.0 
clusterDiamete = [3024.0; 3767.0; 2191.0; 2409.0; 2479.0; 3495.0; 2263.0; 2011.0; 2532.0; 3405.0; 1775.0; 3015.0; 1725.0; 2030.0; 1529.0]   
C = [0, 0, 0, 0, 0, 0, 0, 0, 0, 0, 0, 0, 0, 0, 0, 0, 0, 0, 1, 0, 0, 0, 0, 0, 0, 0, 0, 0, 0, 0, 0, 0, 0, 0, 0, 0, 0, 0, 0, 0, 0, 0, 0, 0, 0, 0, 0, 0, 0, 0, 0, 0, 0, 0, 0, 0, 0, 0, 0, 0, 0, 0, 0, 0, 0, 1, 0, 0, 0, 0, 0, 0, 0, 0, 0, 0, 0, 0, 0, 0, 0, 0, 0, 0, 0, 0, 0, 0, 0, 0, 0, 0, 0, 0, 0, 0, 1, 0, 0, 0, 0, 0, 0, 0, 0, 0, 0, 0, 0, 0, 0, 0, 0, 0, 0, 0, 0, 0, 0, 0, 0, 0, 0, 0, 0, 0, 0, 0, 0, 0, 0, 0, 0, 0, 0, 0, 0, 0, 0, 0, 0, 0, 1, 0, 0, 0, 0, 0, 0, 0, 0, 1, 0, 0, 0, 0, 0, 0, 0, 0, 0, 0, 0, 0, 0, 0, 0, 0, 0, 0, 0, 0, 0, 0, 0, 0, 0, 0, 0, 0, 0, 0, 0, 0, 0, 0, 0, 0, 0, 0, 0, 0, 0, 0, 0, 0, 0, 0, 0, 0, 0, 0, 0, 0, 0, 0, 0, 0, 0, 0, 0, 1, 0, 0, 0, 0, 0, 0, 0, 0, 1, 0, 0, 0, 0, 0, 0, 0, 0, 0, 0, 0, 0, 0, 0, 0, 0, 0, 0, 0, 0, 0, 0, 0, 0, 0, 0, 0, 0, 0, 0, 0, 0, 0, 0, 0, 0, 0, 0, 0, 1, 0, 0, 0, 0, 0, 0, 1, 0, 0, 0, 0, 0, 0, 0, 0, 0, 0, 0, 0, 0, 0, 0, 0, 0, 0, 0, 0, 0, 0, 0, 0, 0, 0, 0, 0, 0, 1, 0, 0, 0, 0, 0, 0, 0, 0, 0, 0, 0, 0, 0, 0, 0, 1, 0, 0, 0, 0, 0, 0, 0, 0, 0, 0, 0, 0, 0, 0, 0, 0, 0, 0, 0, 0, 0, 0, 0, 0, 0, 0, 0, 0, 0, 0, 0, 0, 0, 0, 0, 0, 0, 0, 0, 0, 0, 0, 0, 1, 0, 0, 0, 1, 0, 0, 0, 0, 0, 0, 0, 0, 0, 0, 0, 0, 0, 0, 0, 0, 0, 0, 0, 0, 0, 0, 0, 0, 0, 0, 0, 0, 0, 0, 0, 0, 0, 0, 0, 0, 0, 0, 0, 0, 0, 0, 0, 0, 0, 0, 0, 0, 1, 0, 0, 0, 0, 1, 0, 0, 0, 0, 0, 0, 0, 0, 0, 0, 0, 0, 0, 0, 0, 0, 0, 0, 0, 0, 0, 0, 0, 0, 0, 0, 0, 0, 0, 0, 0, 0, 0, 0, 0, 0]
E = [19, 261, 19, 19, 19, 19, 261, 19, 19, 268, 19, 19, 261, 66, 261, 19, 19, 19, 19, 19, 261, 261, 261, 261, 19, 0, 19, 261, 268, 0, 268, 66, 19, 261, 261, 261, 261, 66, 152, 0, 0, 261, 268, 261, 261, 152, 143, 268, 261, 261, 152, 268, 66, 0, 268, 152, 66, 0, 298, 261, 152, 66, 0, 152, 268, 66, 66, 298, 152, 152, 152, 66, 66, 298, 66, 152, 66, 66, 66, 152, 152, 268, 152, 152, 19, 19, 268, 0, 97, 97, 97, 97, 97, 97, 97, 0, 97, 19, 268, 97, 97, 97, 19, 97, 97, 97, 97, 0, 97, 97, 19, 0, 19, 19, 19, 0, 19, 19, 19, 19, 19, 97, 19, 143, 19, 143, 19, 143, 143, 143, 143, 143, 143, 143, 143, 143, 143, 143, 143, 143, 143, 152, 143, 143, 143, 152, 143, 143, 143, 152, 143, 152, 152, 152, 143, 152, 298, 143, 143, 19, 152, 152, 143, 152, 152, 66, 66, 66, 66, 66, 66, 66, 66, 0, 152, 268, 66, 66, 152, 152, 66, 298, 19, 66, 66, 212, 66, 66, 66, 66, 66, 221, 221, 261, 212, 212, 221, 221, 212, 212, 212, 221, 221, 221, 212, 221, 212, 212, 221, 221, 212, 212, 221, 221, 221, 221, 66, 212, 221, 221, 221, 212, 212, 212, 212, 66, 221, 221, 221, 221, 212, 66, 221, 212, 221, 221, 221, 212, 261, 221, 221, 212, 221, 221, 212, 212, 66, 19, 261, 66, 212, 0, 261, 19, 19, 19, 19, 212, 0, 0, 261, 97, 19, 268, 268, 268, 268, 268, 268, 19, 268, 268, 268, 268, 268, 298, 152, 152, 298, 143, 0, 298, 298, 314, 66, 66, 0, 314, 314, 0, 298, 298, 298, 298, 298, 298, 298, 298, 298, 298, 0, 358, 314, 314, 314, 314, 314, 314, 314, 314, 314, 314, 314, 314, 0, 314, 298, 298, 298, 298, 298, 298, 298, 298, 0, 0, 314, 314, 314, 314, 314, 362, 314, 362, 0, 358, 358, 358, 298, 298, 358, 358, 358, 358, 314, 362, 362, 0, 362, 362, 362, 0, 362, 362, 362, 358, 358, 358, 358, 358, 0, 362, 362, 362, 362, 362, 362, 362, 362, 362, 416, 358, 358, 358, 358, 358, 358, 358, 358, 416, 416, 416, 362, 362, 362, 362, 416, 416, 416, 416, 416, 416, 416, 416, 416, 0, 411, 411, 411, 411, 411, 411, 0, 358, 358, 411, 411, 411, 411, 411, 411, 411, 416, 416, 416, 416, 0, 416, 416, 416, 416, 416, 416, 411, 411, 411, 411, 411, 411, 411, 411, 411, 411, 0, 0, 416, 0, 416, 411, 411, 411, 411, 411, 411, 411, 411, 261, 97, 66, 268, 221, 212]
