n° iter       = 300 
neighborhood_structure = [3] 
Prioridad     = 10 
balance       = 0.2 
Len_N         = 1 
N° clusters   = 15 
N° estaciones = 452 
N° mejoras    = 11
N° iter completadas  = 85
1° FO         = 368624.0
FO            = 332705
Centros       = [12, 63, 72, 101, 145, 192, 215, 251, 292, 309, 355, 376, 411, 421, 450]
Objs= Any[368624.0, 368624.0, 368624.0, 368624.0, 366831, 359580, 359580, 359580, 359580, 359240, 359240, 359240, 359240, 359240, 358241, 358241, 358241, 356208, 353776, 351557, 351557, 345873, 345873, 345873, 345873, 341930, 333845, 333845, 333845, 333845, 333845, 333845, 333845, 333845, 333845, 333845, 333845, 333845, 333845, 333845, 333845, 333845, 333845, 333845, 333845, 333845, 333845, 333845, 333845, 333845, 333845, 333845, 333845, 333845, 333845, 333845, 333845, 333845, 333845, 333845, 333845, 333845, 333845, 333845, 333845, 333845, 333845, 333845, 333845, 332705, 332705, 332705, 332705, 332705, 332705, 332705, 332705, 332705, 332705, 332705, 332705, 332705, 332705, 332705, 332705, 332705]
current_obj = [374738.0, 383453.0, 369984.0, 366831.0, 359580.0, 368927.0, 362499.0, 366018.0, 359240.0, 363964.0, 362502.0, 366726.0, 361074.0, 358241.0, 361380.0, 363385.0, 356208.0, 353776.0, 351557.0, 352476.0, 345873.0, 352360.0, 351289.0, 355071.0, 341930.0, 333845.0, 335021.0, 337263.0, 349465.0, 343725.0, 337804.0, 334172.0, 342420.0, 348723.0, 343697.0, 336433.0, 353256.0, 354925.0, 339921.0, 338060.0, 343573.0, 337735.0, 337539.0, 337178.0, 349716.0, 338650.0, 341460.0, 336462.0, 337644.0, 343975.0, 341992.0, 354138.0, 341027.0, 340812.0, 339935.0, 344340.0, 337455.0, 344132.0, 345473.0, 342683.0, 348084.0, 339398.0, 338299.0, 343433.0, 349870.0, 352458.0, 345131.0, 352974.0, 332705.0, 334393.0, 333052.0, 341861.0, 341677.0, 341398.0, 342857.0, 335720.0, 345049.0, 348652.0, 338092.0, 334678.0, 341774.0, 351680.0, 334494.0, 339863.0, 344370.0, 344135.0, 0.0, 0.0, 0.0, 0.0, 0.0, 0.0, 0.0, 0.0, 0.0, 0.0, 0.0, 0.0, 0.0, 0.0, 0.0, 0.0, 0.0, 0.0, 0.0, 0.0, 0.0, 0.0, 0.0, 0.0, 0.0, 0.0, 0.0, 0.0, 0.0, 0.0, 0.0, 0.0, 0.0, 0.0, 0.0, 0.0, 0.0, 0.0, 0.0, 0.0, 0.0, 0.0, 0.0, 0.0, 0.0, 0.0, 0.0, 0.0, 0.0, 0.0, 0.0, 0.0, 0.0, 0.0, 0.0, 0.0, 0.0, 0.0, 0.0, 0.0, 0.0, 0.0, 0.0, 0.0, 0.0, 0.0, 0.0, 0.0, 0.0, 0.0, 0.0, 0.0, 0.0, 0.0, 0.0, 0.0, 0.0, 0.0, 0.0, 0.0, 0.0, 0.0, 0.0, 0.0, 0.0, 0.0, 0.0, 0.0, 0.0, 0.0, 0.0, 0.0, 0.0, 0.0, 0.0, 0.0, 0.0, 0.0, 0.0, 0.0, 0.0, 0.0, 0.0, 0.0, 0.0, 0.0, 0.0, 0.0, 0.0, 0.0, 0.0, 0.0, 0.0, 0.0, 0.0, 0.0, 0.0, 0.0, 0.0, 0.0, 0.0, 0.0, 0.0, 0.0, 0.0, 0.0, 0.0, 0.0, 0.0, 0.0, 0.0, 0.0, 0.0, 0.0, 0.0, 0.0, 0.0, 0.0, 0.0, 0.0, 0.0, 0.0, 0.0, 0.0, 0.0, 0.0, 0.0, 0.0, 0.0, 0.0, 0.0, 0.0, 0.0, 0.0, 0.0, 0.0, 0.0, 0.0, 0.0, 0.0, 0.0, 0.0, 0.0, 0.0, 0.0, 0.0, 0.0, 0.0, 0.0, 0.0, 0.0, 0.0, 0.0, 0.0, 0.0, 0.0, 0.0, 0.0, 0.0, 0.0, 0.0, 0.0, 0.0, 0.0, 0.0, 0.0, 0.0, 0.0, 0.0, 0.0, 0.0, 0.0, 0.0, 0.0, 0.0, 0.0, 0.0, 0.0, 0.0, 0.0, 0.0, 0.0, 0.0, 0.0, 0.0, 0.0, 0.0, 0.0, 0.0, 0.0, 0.0, 0.0, 0.0, 0.0]
cong_K= Any[3, 3, 3, 3, 3, 3, 3, 3, 3, 3, 3] 
obj_k= Any[366831, 359580, 359240, 358241, 356208, 353776, 351557, 345873, 341930, 333845, 332705] 
iter_obj = Any[4, 5, 9, 14, 17, 18, 19, 21, 25, 26, 69] 
avgClusterDiam = 2701.5333333333333 
maxClusterDiam = 3579.0 
clusterDiamete = [2405.0; 2561.0; 3571.0; 2527.0; 2739.0; 3554.0; 2263.0; 3136.0; 3579.0; 2045.0; 2514.0; 3015.0; 1836.0; 1999.0; 2779.0]   
C = [0, 0, 0, 0, 0, 0, 0, 0, 0, 0, 0, 1, 0, 0, 0, 0, 0, 0, 0, 0, 0, 0, 0, 0, 0, 0, 0, 0, 0, 0, 0, 0, 0, 0, 0, 0, 0, 0, 0, 0, 0, 0, 0, 0, 0, 0, 0, 0, 0, 0, 0, 0, 0, 0, 0, 0, 0, 0, 0, 0, 0, 0, 1, 0, 0, 0, 0, 0, 0, 0, 0, 1, 0, 0, 0, 0, 0, 0, 0, 0, 0, 0, 0, 0, 0, 0, 0, 0, 0, 0, 0, 0, 0, 0, 0, 0, 0, 0, 0, 0, 1, 0, 0, 0, 0, 0, 0, 0, 0, 0, 0, 0, 0, 0, 0, 0, 0, 0, 0, 0, 0, 0, 0, 0, 0, 0, 0, 0, 0, 0, 0, 0, 0, 0, 0, 0, 0, 0, 0, 0, 0, 0, 0, 0, 1, 0, 0, 0, 0, 0, 0, 0, 0, 0, 0, 0, 0, 0, 0, 0, 0, 0, 0, 0, 0, 0, 0, 0, 0, 0, 0, 0, 0, 0, 0, 0, 0, 0, 0, 0, 0, 0, 0, 0, 0, 0, 0, 0, 0, 0, 0, 1, 0, 0, 0, 0, 0, 0, 0, 0, 0, 0, 0, 0, 0, 0, 0, 0, 0, 0, 0, 0, 0, 0, 1, 0, 0, 0, 0, 0, 0, 0, 0, 0, 0, 0, 0, 0, 0, 0, 0, 0, 0, 0, 0, 0, 0, 0, 0, 0, 0, 0, 0, 0, 0, 0, 0, 0, 0, 0, 1, 0, 0, 0, 0, 0, 0, 0, 0, 0, 0, 0, 0, 0, 0, 0, 0, 0, 0, 0, 0, 0, 0, 0, 0, 0, 0, 0, 0, 0, 0, 0, 0, 0, 0, 0, 0, 0, 0, 0, 0, 1, 0, 0, 0, 0, 0, 0, 0, 0, 0, 0, 0, 0, 0, 0, 0, 0, 1, 0, 0, 0, 0, 0, 0, 0, 0, 0, 0, 0, 0, 0, 0, 0, 0, 0, 0, 0, 0, 0, 0, 0, 0, 0, 0, 0, 0, 0, 0, 0, 0, 0, 0, 0, 0, 0, 0, 0, 0, 0, 0, 0, 0, 0, 1, 0, 0, 0, 0, 0, 0, 0, 0, 0, 0, 0, 0, 0, 0, 0, 0, 0, 0, 0, 0, 1, 0, 0, 0, 0, 0, 0, 0, 0, 0, 0, 0, 0, 0, 0, 0, 0, 0, 0, 0, 0, 0, 0, 0, 0, 0, 0, 0, 0, 0, 0, 0, 0, 0, 0, 1, 0, 0, 0, 0, 0, 0, 0, 0, 0, 1, 0, 0, 0, 0, 0, 0, 0, 0, 0, 0, 0, 0, 0, 0, 0, 0, 0, 0, 0, 0, 0, 0, 0, 0, 0, 0, 0, 0, 1, 0, 0]
E = [12, 251, 12, 12, 12, 12, 251, 12, 12, 450, 12, 12, 72, 72, 251, 12, 12, 12, 12, 12, 251, 251, 251, 251, 12, 450, 12, 63, 450, 450, 450, 63, 145, 251, 251, 63, 63, 72, 145, 12, 12, 63, 450, 63, 63, 72, 145, 450, 63, 63, 63, 101, 72, 63, 101, 292, 63, 63, 292, 63, 63, 63, 63, 63, 450, 72, 72, 72, 292, 63, 63, 72, 72, 292, 72, 63, 72, 192, 63, 72, 63, 450, 63, 63, 12, 12, 450, 101, 101, 101, 101, 101, 101, 101, 101, 101, 101, 101, 450, 101, 101, 101, 251, 101, 101, 101, 101, 101, 101, 101, 251, 450, 12, 12, 12, 450, 12, 12, 12, 12, 12, 101, 12, 101, 12, 145, 12, 145, 145, 145, 145, 145, 145, 145, 145, 145, 145, 145, 145, 145, 145, 145, 145, 145, 145, 63, 145, 145, 145, 145, 145, 63, 145, 63, 145, 145, 292, 145, 145, 251, 145, 145, 145, 63, 145, 72, 72, 72, 72, 72, 72, 72, 72, 12, 63, 450, 72, 72, 292, 63, 72, 292, 251, 72, 72, 72, 72, 72, 72, 72, 72, 192, 215, 251, 192, 215, 215, 215, 215, 192, 215, 215, 215, 215, 251, 215, 251, 192, 215, 215, 215, 215, 215, 215, 215, 215, 251, 192, 215, 215, 215, 192, 192, 192, 251, 72, 215, 192, 215, 215, 192, 72, 215, 192, 215, 215, 215, 192, 251, 215, 215, 215, 215, 215, 215, 251, 251, 251, 251, 72, 251, 251, 251, 12, 12, 12, 12, 251, 450, 450, 63, 101, 12, 450, 450, 450, 450, 450, 450, 450, 450, 450, 450, 450, 450, 145, 145, 292, 292, 145, 292, 292, 292, 292, 309, 72, 72, 309, 292, 309, 292, 292, 292, 292, 292, 292, 292, 292, 292, 292, 309, 376, 309, 309, 309, 309, 309, 309, 309, 309, 309, 309, 309, 309, 309, 355, 292, 292, 292, 292, 292, 292, 292, 355, 355, 376, 309, 309, 309, 309, 309, 309, 309, 355, 355, 355, 355, 355, 292, 292, 376, 376, 376, 376, 355, 355, 355, 355, 309, 355, 309, 309, 355, 355, 355, 355, 355, 376, 376, 355, 355, 355, 355, 309, 355, 355, 355, 355, 355, 421, 355, 355, 376, 376, 376, 376, 376, 376, 355, 355, 421, 355, 421, 421, 421, 421, 421, 421, 421, 421, 421, 421, 421, 355, 376, 421, 376, 411, 376, 376, 376, 411, 376, 376, 376, 411, 411, 411, 411, 411, 411, 411, 421, 421, 421, 421, 421, 421, 421, 421, 421, 421, 421, 411, 411, 411, 411, 411, 411, 411, 411, 411, 411, 421, 421, 421, 421, 421, 411, 411, 411, 411, 411, 411, 411, 411, 63, 101, 63, 450, 192, 251]
