n° iter       = 300 
neighborhood_structure = [3] 
Prioridad     = 10 
balance       = 0.2 
Len_N         = 3 
N° clusters   = 15 
N° estaciones = 452 
N° mejoras    = 19
N° iter completadas  = 226
1° FO         = 380420.0
FO            = 321742
Centros       = [31, 53, 55, 81, 143, 214, 223, 249, 264, 299, 313, 366, 374, 424, 431]
Objs= Any[380420.0, 373841, 373841, 373231, 373231, 370034, 367190, 347665, 347665, 346914, 345885, 340935, 340935, 334846, 334846, 334846, 334846, 334846, 334846, 334846, 334846, 334846, 334846, 334846, 334846, 334846, 334846, 334846, 334846, 334846, 332718, 332718, 332718, 331360, 331360, 331360, 331360, 331360, 331360, 331360, 331360, 331360, 331360, 331360, 331360, 328022, 328022, 328022, 328022, 328022, 328022, 328022, 328022, 326065, 326065, 326065, 326065, 326065, 326065, 323510, 323510, 323386, 323386, 323386, 323386, 323386, 323386, 323386, 323386, 323386, 323386, 323386, 323386, 323386, 323386, 323386, 323386, 323386, 323386, 323386, 323386, 323386, 323386, 323386, 322544, 322544, 322544, 322544, 322544, 322544, 322544, 322544, 322544, 322544, 322544, 322544, 322544, 322544, 322544, 322544, 322544, 322544, 322544, 322544, 322544, 322544, 322544, 322544, 322544, 322544, 322544, 322544, 322544, 322544, 322544, 322544, 322544, 322544, 322544, 321973, 321973, 321973, 321973, 321973, 321973, 321973, 321973, 321973, 321973, 321973, 321973, 321973, 321973, 321973, 321973, 321973, 321973, 321973, 321973, 321973, 321973, 321969, 321969, 321969, 321969, 321969, 321969, 321969, 321969, 321969, 321969, 321969, 321742, 321742, 321742, 321742, 321742, 321742, 321742, 321742, 321742, 321742, 321742, 321742, 321742, 321742, 321742, 321742, 321742, 321742, 321742, 321742, 321742, 321742, 321742, 321742, 321742, 321742, 321742, 321742, 321742, 321742, 321742, 321742, 321742, 321742, 321742, 321742, 321742, 321742, 321742, 321742, 321742, 321742, 321742, 321742, 321742, 321742, 321742, 321742, 321742, 321742, 321742, 321742, 321742, 321742, 321742, 321742, 321742, 321742, 321742, 321742, 321742, 321742, 321742, 321742, 321742, 321742, 321742, 321742, 321742, 321742, 321742, 321742, 321742, 321742, 321742]
current_obj = [373841.0, 374393.0, 373231.0, 377159.0, 370034.0, 367190.0, 347665.0, 350414.0, 346914.0, 345885.0, 340935.0, 343822.0, 334846.0, 341891.0, 339663.0, 335023.0, 340242.0, 337098.0, 341875.0, 336380.0, 337952.0, 337576.0, 343113.0, 341636.0, 339308.0, 339862.0, 335783.0, 335050.0, 339377.0, 332718.0, 333003.0, 337392.0, 331360.0, 338635.0, 334719.0, 347618.0, 335428.0, 335305.0, 342376.0, 336017.0, 335184.0, 336446.0, 336979.0, 332781.0, 328022.0, 330762.0, 340155.0, 328838.0, 330129.0, 333993.0, 335191.0, 330211.0, 326065.0, 331062.0, 337661.0, 332711.0, 334781.0, 332589.0, 323510.0, 327949.0, 323386.0, 327095.0, 326999.0, 334055.0, 328209.0, 325709.0, 331644.0, 327427.0, 332492.0, 328078.0, 328524.0, 329284.0, 332678.0, 324741.0, 326802.0, 330091.0, 329011.0, 325525.0, 329402.0, 325171.0, 330611.0, 325582.0, 337490.0, 322544.0, 323229.0, 335303.0, 332894.0, 327707.0, 328116.0, 331177.0, 329412.0, 325616.0, 325197.0, 324960.0, 326368.0, 331066.0, 325413.0, 332634.0, 325071.0, 327688.0, 325984.0, 329528.0, 326653.0, 326234.0, 327556.0, 329641.0, 324770.0, 325196.0, 328549.0, 329566.0, 324413.0, 328201.0, 327483.0, 330651.0, 332913.0, 323993.0, 325525.0, 335546.0, 321973.0, 330069.0, 334136.0, 327302.0, 331043.0, 323447.0, 327076.0, 325649.0, 326030.0, 332088.0, 330683.0, 325991.0, 330493.0, 329814.0, 325808.0, 324113.0, 327623.0, 330054.0, 322972.0, 331869.0, 329634.0, 324171.0, 321969.0, 334245.0, 329254.0, 328911.0, 325074.0, 327378.0, 334360.0, 328476.0, 331139.0, 331602.0, 330495.0, 321742.0, 326519.0, 333932.0, 333004.0, 333730.0, 325171.0, 329141.0, 329165.0, 323944.0, 322921.0, 323869.0, 326606.0, 330585.0, 330538.0, 324951.0, 334004.0, 326281.0, 325494.0, 329132.0, 325140.0, 328363.0, 328177.0, 336560.0, 323678.0, 329737.0, 322494.0, 328895.0, 323763.0, 331946.0, 325966.0, 324446.0, 329810.0, 329042.0, 328609.0, 329472.0, 326196.0, 323550.0, 328604.0, 329233.0, 328976.0, 324733.0, 324579.0, 327433.0, 327717.0, 328352.0, 327170.0, 337047.0, 322520.0, 327371.0, 331886.0, 325226.0, 328892.0, 334731.0, 326255.0, 322258.0, 329673.0, 331406.0, 327981.0, 326496.0, 325747.0, 329871.0, 332512.0, 331884.0, 325539.0, 322161.0, 332428.0, 322412.0, 329042.0, 326729.0, 329005.0, 322014.0, 332291.0, 325851.0, 324868.0, 333701.0, 328722.0, 0.0, 0.0, 0.0, 0.0, 0.0, 0.0, 0.0, 0.0, 0.0, 0.0, 0.0, 0.0, 0.0, 0.0, 0.0, 0.0, 0.0, 0.0, 0.0, 0.0, 0.0, 0.0, 0.0, 0.0, 0.0, 0.0, 0.0, 0.0, 0.0, 0.0, 0.0, 0.0, 0.0, 0.0, 0.0, 0.0, 0.0, 0.0, 0.0, 0.0, 0.0, 0.0, 0.0, 0.0, 0.0, 0.0, 0.0, 0.0, 0.0, 0.0, 0.0, 0.0, 0.0, 0.0, 0.0, 0.0, 0.0, 0.0, 0.0, 0.0, 0.0, 0.0, 0.0, 0.0, 0.0, 0.0, 0.0, 0.0, 0.0, 0.0, 0.0, 0.0, 0.0]
cong_K= Any[3, 3, 3, 3, 3, 3, 3, 3, 3, 3, 3, 3, 3, 3, 3, 3, 3, 3, 3] 
obj_k= Any[373841, 373231, 370034, 367190, 347665, 346914, 345885, 340935, 334846, 332718, 331360, 328022, 326065, 323510, 323386, 322544, 321973, 321969, 321742] 
iter_obj = Any[1, 3, 5, 6, 7, 9, 10, 11, 13, 30, 33, 45, 53, 59, 61, 84, 119, 141, 152] 
avgClusterDiam = 2516.5333333333333 
maxClusterDiam = 3775.0 
clusterDiamete = [2335.0; 3775.0; 2595.0; 2321.0; 2389.0; 2263.0; 3033.0; 2842.0; 2647.0; 3579.0; 2023.0; 1934.0; 3015.0; 1695.0; 1302.0]   
C = [0, 0, 0, 0, 0, 0, 0, 0, 0, 0, 0, 0, 0, 0, 0, 0, 0, 0, 0, 0, 0, 0, 0, 0, 0, 0, 0, 0, 0, 0, 1, 0, 0, 0, 0, 0, 0, 0, 0, 0, 0, 0, 0, 0, 0, 0, 0, 0, 0, 0, 0, 0, 1, 0, 1, 0, 0, 0, 0, 0, 0, 0, 0, 0, 0, 0, 0, 0, 0, 0, 0, 0, 0, 0, 0, 0, 0, 0, 0, 0, 1, 0, 0, 0, 0, 0, 0, 0, 0, 0, 0, 0, 0, 0, 0, 0, 0, 0, 0, 0, 0, 0, 0, 0, 0, 0, 0, 0, 0, 0, 0, 0, 0, 0, 0, 0, 0, 0, 0, 0, 0, 0, 0, 0, 0, 0, 0, 0, 0, 0, 0, 0, 0, 0, 0, 0, 0, 0, 0, 0, 0, 0, 1, 0, 0, 0, 0, 0, 0, 0, 0, 0, 0, 0, 0, 0, 0, 0, 0, 0, 0, 0, 0, 0, 0, 0, 0, 0, 0, 0, 0, 0, 0, 0, 0, 0, 0, 0, 0, 0, 0, 0, 0, 0, 0, 0, 0, 0, 0, 0, 0, 0, 0, 0, 0, 0, 0, 0, 0, 0, 0, 0, 0, 0, 0, 0, 0, 0, 0, 0, 0, 0, 0, 1, 0, 0, 0, 0, 0, 0, 0, 0, 1, 0, 0, 0, 0, 0, 0, 0, 0, 0, 0, 0, 0, 0, 0, 0, 0, 0, 0, 0, 0, 0, 0, 0, 0, 0, 1, 0, 0, 0, 0, 0, 0, 0, 0, 0, 0, 0, 0, 0, 0, 1, 0, 0, 0, 0, 0, 0, 0, 0, 0, 0, 0, 0, 0, 0, 0, 0, 0, 0, 0, 0, 0, 0, 0, 0, 0, 0, 0, 0, 0, 0, 0, 0, 0, 0, 1, 0, 0, 0, 0, 0, 0, 0, 0, 0, 0, 0, 0, 0, 1, 0, 0, 0, 0, 0, 0, 0, 0, 0, 0, 0, 0, 0, 0, 0, 0, 0, 0, 0, 0, 0, 0, 0, 0, 0, 0, 0, 0, 0, 0, 0, 0, 0, 0, 0, 0, 0, 0, 0, 0, 0, 0, 0, 0, 0, 0, 0, 0, 0, 0, 0, 0, 1, 0, 0, 0, 0, 0, 0, 0, 1, 0, 0, 0, 0, 0, 0, 0, 0, 0, 0, 0, 0, 0, 0, 0, 0, 0, 0, 0, 0, 0, 0, 0, 0, 0, 0, 0, 0, 0, 0, 0, 0, 0, 0, 0, 0, 0, 0, 0, 0, 0, 0, 0, 0, 0, 0, 0, 0, 0, 1, 0, 0, 0, 0, 0, 0, 1, 0, 0, 0, 0, 0, 0, 0, 0, 0, 0, 0, 0, 0, 0, 0, 0, 0, 0, 0, 0, 0]
E = [31, 249, 31, 31, 31, 31, 249, 31, 31, 264, 31, 31, 53, 53, 249, 31, 31, 31, 31, 31, 249, 249, 249, 31, 31, 264, 31, 53, 264, 264, 264, 53, 31, 31, 31, 53, 53, 53, 31, 31, 55, 31, 55, 53, 53, 81, 143, 55, 53, 53, 81, 55, 53, 81, 55, 299, 53, 53, 299, 53, 81, 53, 81, 81, 55, 53, 53, 81, 81, 81, 81, 53, 53, 299, 53, 81, 53, 53, 81, 81, 81, 264, 81, 81, 31, 31, 264, 55, 55, 55, 55, 55, 55, 55, 55, 55, 55, 55, 264, 55, 55, 55, 249, 55, 55, 55, 55, 31, 55, 55, 249, 264, 31, 31, 31, 264, 31, 31, 31, 31, 31, 55, 31, 31, 31, 143, 31, 143, 143, 143, 143, 143, 143, 143, 31, 143, 143, 143, 143, 143, 143, 81, 143, 143, 143, 81, 143, 143, 143, 81, 143, 81, 81, 81, 143, 143, 299, 143, 143, 249, 81, 81, 143, 81, 143, 53, 53, 53, 81, 53, 53, 53, 81, 264, 81, 264, 53, 53, 81, 81, 81, 299, 249, 53, 53, 223, 53, 53, 53, 53, 53, 223, 214, 249, 249, 223, 214, 214, 223, 223, 223, 223, 214, 214, 249, 214, 249, 223, 214, 223, 223, 223, 214, 214, 214, 223, 53, 223, 214, 214, 214, 223, 223, 223, 223, 53, 214, 223, 214, 214, 223, 249, 223, 223, 214, 214, 214, 223, 249, 214, 214, 214, 214, 214, 223, 249, 249, 249, 249, 53, 249, 53, 249, 264, 249, 31, 31, 223, 264, 55, 53, 55, 31, 264, 264, 264, 264, 55, 264, 264, 264, 264, 264, 264, 264, 299, 143, 81, 299, 143, 299, 299, 299, 299, 81, 53, 53, 313, 313, 313, 299, 299, 299, 299, 299, 299, 299, 299, 299, 299, 299, 374, 313, 313, 313, 313, 313, 313, 313, 313, 313, 313, 313, 313, 313, 313, 299, 299, 299, 299, 299, 299, 299, 299, 299, 374, 313, 313, 313, 313, 313, 313, 313, 366, 374, 299, 299, 374, 299, 299, 374, 374, 374, 374, 313, 366, 313, 313, 313, 313, 313, 366, 366, 366, 366, 374, 374, 374, 374, 374, 366, 366, 366, 313, 366, 366, 366, 366, 366, 366, 366, 374, 374, 374, 374, 374, 374, 374, 424, 424, 366, 366, 366, 366, 366, 366, 366, 366, 366, 366, 366, 366, 424, 424, 424, 424, 424, 424, 424, 374, 374, 374, 374, 374, 374, 431, 431, 431, 431, 431, 424, 424, 424, 424, 424, 424, 366, 366, 366, 366, 424, 424, 424, 424, 424, 424, 431, 431, 431, 431, 431, 431, 424, 424, 424, 424, 424, 424, 424, 424, 424, 431, 431, 431, 431, 431, 53, 55, 53, 264, 223, 249]
