n° iter       = 300 
neighborhood_structure = [3] 
Prioridad     = 10 
balance       = 0.2 
Len_N         = 3 
N° clusters   = 15 
N° estaciones = 452 
N° mejoras    = 13
N° iter completadas  = 87
1° FO         = 375386.0
FO            = 325167
Centros       = [31, 80, 104, 151, 185, 204, 221, 249, 269, 294, 309, 353, 358, 416, 428]
Objs= Any[375386.0, 360989, 357691, 349432, 342243, 342243, 336341, 336341, 336341, 336341, 336341, 334902, 334902, 334902, 333888, 333888, 333001, 333001, 333001, 328424, 328424, 328424, 328424, 328424, 328424, 328424, 328424, 328424, 328424, 328424, 328424, 328424, 328424, 328424, 328424, 328424, 328424, 328424, 327695, 327695, 327695, 327695, 326806, 326806, 326806, 326806, 326806, 326806, 326806, 326806, 326164, 326164, 326164, 326164, 326164, 326164, 326164, 326164, 325167, 325167, 325167, 325167, 325167, 325167, 325167, 325167, 325167, 325167, 325167, 325167, 325167, 325167, 325167, 325167, 325167, 325167, 325167, 325167, 325167, 325167, 325167, 325167, 325167, 325167, 325167, 325167, 325167, 325167]
current_obj = [360989.0, 357691.0, 349432.0, 342243.0, 343383.0, 336341.0, 351578.0, 339744.0, 342651.0, 343086.0, 334902.0, 341434.0, 337496.0, 333888.0, 341718.0, 333001.0, 348945.0, 333960.0, 328424.0, 337701.0, 333819.0, 337053.0, 330570.0, 332100.0, 340085.0, 333495.0, 334427.0, 336850.0, 336645.0, 331250.0, 331257.0, 333161.0, 329560.0, 332025.0, 331269.0, 332809.0, 334840.0, 327695.0, 338206.0, 334421.0, 337879.0, 326806.0, 326997.0, 334663.0, 329791.0, 328002.0, 336156.0, 332187.0, 331343.0, 326164.0, 333204.0, 334629.0, 326997.0, 333057.0, 326462.0, 327593.0, 340067.0, 325167.0, 334502.0, 329731.0, 334770.0, 325477.0, 331062.0, 330511.0, 331171.0, 330585.0, 334454.0, 329752.0, 328456.0, 336409.0, 327877.0, 333291.0, 334575.0, 331231.0, 327042.0, 327810.0, 328786.0, 331713.0, 330290.0, 328965.0, 326339.0, 327819.0, 330525.0, 328622.0, 326672.0, 327116.0, 327794.0, 330521.0, 0.0, 0.0, 0.0, 0.0, 0.0, 0.0, 0.0, 0.0, 0.0, 0.0, 0.0, 0.0, 0.0, 0.0, 0.0, 0.0, 0.0, 0.0, 0.0, 0.0, 0.0, 0.0, 0.0, 0.0, 0.0, 0.0, 0.0, 0.0, 0.0, 0.0, 0.0, 0.0, 0.0, 0.0, 0.0, 0.0, 0.0, 0.0, 0.0, 0.0, 0.0, 0.0, 0.0, 0.0, 0.0, 0.0, 0.0, 0.0, 0.0, 0.0, 0.0, 0.0, 0.0, 0.0, 0.0, 0.0, 0.0, 0.0, 0.0, 0.0, 0.0, 0.0, 0.0, 0.0, 0.0, 0.0, 0.0, 0.0, 0.0, 0.0, 0.0, 0.0, 0.0, 0.0, 0.0, 0.0, 0.0, 0.0, 0.0, 0.0, 0.0, 0.0, 0.0, 0.0, 0.0, 0.0, 0.0, 0.0, 0.0, 0.0, 0.0, 0.0, 0.0, 0.0, 0.0, 0.0, 0.0, 0.0, 0.0, 0.0, 0.0, 0.0, 0.0, 0.0, 0.0, 0.0, 0.0, 0.0, 0.0, 0.0, 0.0, 0.0, 0.0, 0.0, 0.0, 0.0, 0.0, 0.0, 0.0, 0.0, 0.0, 0.0, 0.0, 0.0, 0.0, 0.0, 0.0, 0.0, 0.0, 0.0, 0.0, 0.0, 0.0, 0.0, 0.0, 0.0, 0.0, 0.0, 0.0, 0.0, 0.0, 0.0, 0.0, 0.0, 0.0, 0.0, 0.0, 0.0, 0.0, 0.0, 0.0, 0.0, 0.0, 0.0, 0.0, 0.0, 0.0, 0.0, 0.0, 0.0, 0.0, 0.0, 0.0, 0.0, 0.0, 0.0, 0.0, 0.0, 0.0, 0.0, 0.0, 0.0, 0.0, 0.0, 0.0, 0.0, 0.0, 0.0, 0.0, 0.0, 0.0, 0.0, 0.0, 0.0, 0.0, 0.0, 0.0, 0.0, 0.0, 0.0, 0.0, 0.0, 0.0, 0.0, 0.0, 0.0, 0.0, 0.0, 0.0, 0.0, 0.0, 0.0, 0.0, 0.0, 0.0, 0.0, 0.0, 0.0, 0.0, 0.0, 0.0, 0.0]
cong_K= Any[3, 3, 3, 3, 3, 3, 3, 3, 3, 3, 3, 3, 3] 
obj_k= Any[360989, 357691, 349432, 342243, 336341, 334902, 333888, 333001, 328424, 327695, 326806, 326164, 325167] 
iter_obj = Any[1, 2, 3, 4, 6, 11, 14, 16, 19, 38, 42, 50, 58] 
avgClusterDiam = 2636.3333333333335 
maxClusterDiam = 3513.0 
clusterDiamete = [2704.0; 3057.0; 2527.0; 2408.0; 3291.0; 2302.0; 2263.0; 3423.0; 2892.0; 3513.0; 2398.0; 1953.0; 3197.0; 2068.0; 1549.0]   
C = [0, 0, 0, 0, 0, 0, 0, 0, 0, 0, 0, 0, 0, 0, 0, 0, 0, 0, 0, 0, 0, 0, 0, 0, 0, 0, 0, 0, 0, 0, 1, 0, 0, 0, 0, 0, 0, 0, 0, 0, 0, 0, 0, 0, 0, 0, 0, 0, 0, 0, 0, 0, 0, 0, 0, 0, 0, 0, 0, 0, 0, 0, 0, 0, 0, 0, 0, 0, 0, 0, 0, 0, 0, 0, 0, 0, 0, 0, 0, 1, 0, 0, 0, 0, 0, 0, 0, 0, 0, 0, 0, 0, 0, 0, 0, 0, 0, 0, 0, 0, 0, 0, 0, 1, 0, 0, 0, 0, 0, 0, 0, 0, 0, 0, 0, 0, 0, 0, 0, 0, 0, 0, 0, 0, 0, 0, 0, 0, 0, 0, 0, 0, 0, 0, 0, 0, 0, 0, 0, 0, 0, 0, 0, 0, 0, 0, 0, 0, 0, 0, 1, 0, 0, 0, 0, 0, 0, 0, 0, 0, 0, 0, 0, 0, 0, 0, 0, 0, 0, 0, 0, 0, 0, 0, 0, 0, 0, 0, 0, 0, 0, 0, 0, 0, 1, 0, 0, 0, 0, 0, 0, 0, 0, 0, 0, 0, 0, 0, 0, 0, 0, 0, 0, 1, 0, 0, 0, 0, 0, 0, 0, 0, 0, 0, 0, 0, 0, 0, 0, 0, 1, 0, 0, 0, 0, 0, 0, 0, 0, 0, 0, 0, 0, 0, 0, 0, 0, 0, 0, 0, 0, 0, 0, 0, 0, 0, 0, 0, 1, 0, 0, 0, 0, 0, 0, 0, 0, 0, 0, 0, 0, 0, 0, 0, 0, 0, 0, 0, 1, 0, 0, 0, 0, 0, 0, 0, 0, 0, 0, 0, 0, 0, 0, 0, 0, 0, 0, 0, 0, 0, 0, 0, 0, 1, 0, 0, 0, 0, 0, 0, 0, 0, 0, 0, 0, 0, 0, 0, 1, 0, 0, 0, 0, 0, 0, 0, 0, 0, 0, 0, 0, 0, 0, 0, 0, 0, 0, 0, 0, 0, 0, 0, 0, 0, 0, 0, 0, 0, 0, 0, 0, 0, 0, 0, 0, 0, 0, 0, 0, 0, 0, 0, 1, 0, 0, 0, 0, 1, 0, 0, 0, 0, 0, 0, 0, 0, 0, 0, 0, 0, 0, 0, 0, 0, 0, 0, 0, 0, 0, 0, 0, 0, 0, 0, 0, 0, 0, 0, 0, 0, 0, 0, 0, 0, 0, 0, 0, 0, 0, 0, 0, 0, 0, 0, 0, 0, 0, 0, 0, 0, 0, 0, 0, 0, 0, 1, 0, 0, 0, 0, 0, 0, 0, 0, 0, 0, 0, 1, 0, 0, 0, 0, 0, 0, 0, 0, 0, 0, 0, 0, 0, 0, 0, 0, 0, 0, 0, 0, 0, 0, 0, 0]
E = [31, 249, 31, 31, 31, 31, 249, 31, 31, 269, 31, 31, 185, 80, 249, 31, 31, 31, 31, 31, 249, 249, 249, 31, 31, 269, 31, 31, 269, 269, 31, 31, 31, 31, 31, 185, 185, 80, 31, 31, 31, 31, 269, 185, 80, 80, 151, 269, 249, 185, 151, 104, 185, 80, 269, 294, 185, 80, 294, 249, 80, 80, 80, 151, 269, 185, 80, 80, 80, 80, 80, 185, 80, 80, 80, 80, 80, 80, 80, 80, 80, 269, 80, 80, 31, 31, 269, 104, 104, 104, 104, 104, 104, 104, 104, 104, 104, 104, 269, 104, 104, 104, 249, 104, 104, 104, 104, 31, 104, 104, 249, 31, 31, 31, 31, 269, 31, 31, 31, 31, 31, 104, 31, 104, 31, 151, 31, 151, 151, 151, 151, 31, 31, 294, 31, 151, 31, 31, 151, 151, 151, 151, 151, 151, 151, 151, 151, 151, 151, 151, 151, 80, 80, 80, 151, 151, 294, 151, 151, 249, 151, 151, 151, 80, 151, 185, 185, 80, 80, 185, 80, 185, 80, 269, 80, 269, 185, 185, 80, 80, 80, 309, 249, 185, 185, 185, 185, 185, 185, 185, 185, 221, 221, 249, 249, 204, 221, 221, 204, 204, 204, 204, 221, 204, 249, 221, 249, 204, 221, 221, 204, 204, 221, 221, 221, 204, 185, 204, 221, 221, 221, 204, 204, 249, 249, 185, 221, 221, 221, 221, 249, 249, 221, 204, 221, 221, 221, 221, 249, 221, 221, 204, 204, 221, 204, 249, 249, 249, 249, 185, 249, 249, 249, 31, 249, 31, 31, 249, 269, 104, 249, 104, 31, 269, 269, 269, 269, 269, 269, 31, 269, 269, 269, 269, 269, 294, 151, 151, 294, 151, 294, 294, 294, 309, 80, 80, 309, 309, 80, 309, 80, 294, 294, 294, 294, 294, 294, 294, 294, 294, 309, 358, 358, 309, 309, 309, 309, 309, 309, 309, 309, 309, 309, 309, 358, 358, 294, 294, 294, 294, 294, 294, 294, 294, 358, 353, 309, 309, 309, 309, 309, 353, 309, 353, 358, 358, 358, 358, 358, 358, 358, 358, 358, 358, 353, 353, 353, 353, 353, 353, 309, 353, 353, 353, 353, 358, 358, 358, 358, 358, 353, 353, 353, 353, 353, 353, 353, 353, 353, 416, 353, 358, 358, 358, 358, 358, 358, 358, 416, 416, 416, 416, 416, 416, 353, 353, 416, 416, 416, 416, 416, 416, 416, 416, 416, 416, 358, 358, 358, 358, 358, 428, 358, 358, 358, 428, 428, 428, 428, 428, 428, 428, 416, 416, 416, 416, 416, 416, 416, 416, 416, 416, 416, 416, 428, 428, 428, 428, 428, 428, 428, 428, 416, 416, 416, 416, 416, 416, 416, 428, 428, 428, 428, 428, 428, 428, 249, 104, 185, 269, 221, 204]
