n° iter       = 300 
neighborhood_structure = [3] 
Prioridad     = 10 
balance       = 0.2 
Len_N         = 9 
N° clusters   = 15 
N° estaciones = 452 
N° mejoras    = 17
N° iter completadas  = 199
1° FO         = 354729.0
FO            = 315811
Centros       = [20, 22, 66, 80, 87, 141, 218, 221, 275, 299, 309, 353, 377, 414, 429]
Objs= Any[354729.0, 350478, 348147, 343863, 342145, 338873, 338873, 338452, 336384, 335395, 335395, 333090, 330701, 330701, 329900, 329900, 329900, 329900, 329900, 329900, 329900, 329900, 329900, 329900, 324819, 324819, 324819, 324819, 324819, 324819, 324819, 324819, 322700, 322700, 322700, 322700, 322700, 322700, 322700, 322700, 322700, 322700, 322700, 322700, 322700, 322700, 322700, 320938, 320938, 320938, 320938, 320938, 320938, 320938, 320938, 320938, 320938, 320938, 320938, 320938, 320938, 320938, 320938, 320938, 320938, 320938, 320938, 320938, 320938, 320938, 320938, 320938, 320938, 320938, 320938, 320938, 320938, 320938, 320938, 320938, 320938, 320938, 320938, 320938, 320938, 320938, 320938, 320938, 320938, 320938, 320938, 320938, 320938, 320938, 320938, 320938, 320938, 320938, 320938, 320938, 320938, 320938, 320938, 320938, 320938, 320938, 320938, 320938, 320938, 320938, 320938, 320938, 320938, 320938, 320938, 320938, 320938, 318206, 318206, 318206, 318206, 316256, 316256, 316256, 316256, 315811, 315811, 315811, 315811, 315811, 315811, 315811, 315811, 315811, 315811, 315811, 315811, 315811, 315811, 315811, 315811, 315811, 315811, 315811, 315811, 315811, 315811, 315811, 315811, 315811, 315811, 315811, 315811, 315811, 315811, 315811, 315811, 315811, 315811, 315811, 315811, 315811, 315811, 315811, 315811, 315811, 315811, 315811, 315811, 315811, 315811, 315811, 315811, 315811, 315811, 315811, 315811, 315811, 315811, 315811, 315811, 315811, 315811, 315811, 315811, 315811, 315811, 315811, 315811, 315811, 315811, 315811, 315811, 315811, 315811, 315811, 315811, 315811, 315811, 315811]
current_obj = [350478.0, 348147.0, 343863.0, 342145.0, 338873.0, 341211.0, 338452.0, 336384.0, 335395.0, 336052.0, 333090.0, 330701.0, 332614.0, 329900.0, 331714.0, 331881.0, 335359.0, 334890.0, 333397.0, 332691.0, 332145.0, 335671.0, 335769.0, 324819.0, 328229.0, 330432.0, 325239.0, 328104.0, 327831.0, 328098.0, 330614.0, 322700.0, 326404.0, 326072.0, 324454.0, 327622.0, 329919.0, 326620.0, 331841.0, 326225.0, 328473.0, 324311.0, 327545.0, 328936.0, 329237.0, 322858.0, 320938.0, 328614.0, 325999.0, 325978.0, 325505.0, 325380.0, 324976.0, 325737.0, 328094.0, 324298.0, 330901.0, 323035.0, 329776.0, 326775.0, 322657.0, 328676.0, 324071.0, 323456.0, 324500.0, 326515.0, 321950.0, 326993.0, 324701.0, 328925.0, 323717.0, 321431.0, 327997.0, 326298.0, 329584.0, 323267.0, 325195.0, 325413.0, 322485.0, 322357.0, 325061.0, 325612.0, 325154.0, 330550.0, 321697.0, 327597.0, 325887.0, 321781.0, 329975.0, 321188.0, 326869.0, 324723.0, 325130.0, 323494.0, 324946.0, 324778.0, 324889.0, 327691.0, 325235.0, 324563.0, 325155.0, 324865.0, 326076.0, 324038.0, 330986.0, 322409.0, 324124.0, 324357.0, 325503.0, 326050.0, 324456.0, 327917.0, 326176.0, 324833.0, 326342.0, 326303.0, 318206.0, 325699.0, 319908.0, 323371.0, 316256.0, 317958.0, 321019.0, 319493.0, 315811.0, 321852.0, 323435.0, 318235.0, 319260.0, 320824.0, 321835.0, 322058.0, 319605.0, 321228.0, 320654.0, 323103.0, 319652.0, 320905.0, 319763.0, 323051.0, 320187.0, 320085.0, 320165.0, 322215.0, 322725.0, 322174.0, 320419.0, 321252.0, 322000.0, 316679.0, 320156.0, 319302.0, 318379.0, 319753.0, 319246.0, 318388.0, 322758.0, 320197.0, 324556.0, 324293.0, 321745.0, 322043.0, 318119.0, 323423.0, 320392.0, 319474.0, 317511.0, 318802.0, 322387.0, 322972.0, 323219.0, 319150.0, 323188.0, 320133.0, 318757.0, 322185.0, 320534.0, 320468.0, 322205.0, 322623.0, 319241.0, 316377.0, 322507.0, 319639.0, 323652.0, 322454.0, 321118.0, 316066.0, 319563.0, 316001.0, 321480.0, 321296.0, 316781.0, 319658.0, 320223.0, 319279.0, 321962.0, 317755.0, 322938.0, 317528.0, 0.0, 0.0, 0.0, 0.0, 0.0, 0.0, 0.0, 0.0, 0.0, 0.0, 0.0, 0.0, 0.0, 0.0, 0.0, 0.0, 0.0, 0.0, 0.0, 0.0, 0.0, 0.0, 0.0, 0.0, 0.0, 0.0, 0.0, 0.0, 0.0, 0.0, 0.0, 0.0, 0.0, 0.0, 0.0, 0.0, 0.0, 0.0, 0.0, 0.0, 0.0, 0.0, 0.0, 0.0, 0.0, 0.0, 0.0, 0.0, 0.0, 0.0, 0.0, 0.0, 0.0, 0.0, 0.0, 0.0, 0.0, 0.0, 0.0, 0.0, 0.0, 0.0, 0.0, 0.0, 0.0, 0.0, 0.0, 0.0, 0.0, 0.0, 0.0, 0.0, 0.0, 0.0, 0.0, 0.0, 0.0, 0.0, 0.0, 0.0, 0.0, 0.0, 0.0, 0.0, 0.0, 0.0, 0.0, 0.0, 0.0, 0.0, 0.0, 0.0, 0.0, 0.0, 0.0, 0.0, 0.0, 0.0, 0.0, 0.0]
cong_K= Any[3, 3, 3, 3, 3, 3, 3, 3, 3, 3, 3, 3, 3, 3, 3, 3, 3] 
obj_k= Any[350478, 348147, 343863, 342145, 338873, 338452, 336384, 335395, 333090, 330701, 329900, 324819, 322700, 320938, 318206, 316256, 315811] 
iter_obj = Any[1, 2, 3, 4, 5, 7, 8, 9, 11, 12, 14, 24, 32, 47, 117, 121, 125] 
avgClusterDiam = 2604.6666666666665 
maxClusterDiam = 3767.0 
clusterDiamete = [2695.0; 2986.0; 3767.0; 2321.0; 2527.0; 2592.0; 3495.0; 2263.0; 2779.0; 3579.0; 1538.0; 2013.0; 3197.0; 1984.0; 1334.0]   
C = [0, 0, 0, 0, 0, 0, 0, 0, 0, 0, 0, 0, 0, 0, 0, 0, 0, 0, 0, 1, 0, 1, 0, 0, 0, 0, 0, 0, 0, 0, 0, 0, 0, 0, 0, 0, 0, 0, 0, 0, 0, 0, 0, 0, 0, 0, 0, 0, 0, 0, 0, 0, 0, 0, 0, 0, 0, 0, 0, 0, 0, 0, 0, 0, 0, 1, 0, 0, 0, 0, 0, 0, 0, 0, 0, 0, 0, 0, 0, 1, 0, 0, 0, 0, 0, 0, 1, 0, 0, 0, 0, 0, 0, 0, 0, 0, 0, 0, 0, 0, 0, 0, 0, 0, 0, 0, 0, 0, 0, 0, 0, 0, 0, 0, 0, 0, 0, 0, 0, 0, 0, 0, 0, 0, 0, 0, 0, 0, 0, 0, 0, 0, 0, 0, 0, 0, 0, 0, 0, 0, 1, 0, 0, 0, 0, 0, 0, 0, 0, 0, 0, 0, 0, 0, 0, 0, 0, 0, 0, 0, 0, 0, 0, 0, 0, 0, 0, 0, 0, 0, 0, 0, 0, 0, 0, 0, 0, 0, 0, 0, 0, 0, 0, 0, 0, 0, 0, 0, 0, 0, 0, 0, 0, 0, 0, 0, 0, 0, 0, 0, 0, 0, 0, 0, 0, 0, 0, 0, 0, 0, 0, 0, 0, 0, 0, 0, 0, 1, 0, 0, 1, 0, 0, 0, 0, 0, 0, 0, 0, 0, 0, 0, 0, 0, 0, 0, 0, 0, 0, 0, 0, 0, 0, 0, 0, 0, 0, 0, 0, 0, 0, 0, 0, 0, 0, 0, 0, 0, 0, 0, 0, 0, 0, 0, 0, 0, 0, 0, 0, 0, 0, 0, 0, 0, 1, 0, 0, 0, 0, 0, 0, 0, 0, 0, 0, 0, 0, 0, 0, 0, 0, 0, 0, 0, 0, 0, 0, 0, 1, 0, 0, 0, 0, 0, 0, 0, 0, 0, 1, 0, 0, 0, 0, 0, 0, 0, 0, 0, 0, 0, 0, 0, 0, 0, 0, 0, 0, 0, 0, 0, 0, 0, 0, 0, 0, 0, 0, 0, 0, 0, 0, 0, 0, 0, 0, 0, 0, 0, 0, 0, 0, 0, 1, 0, 0, 0, 0, 0, 0, 0, 0, 0, 0, 0, 0, 0, 0, 0, 0, 0, 0, 0, 0, 0, 0, 0, 1, 0, 0, 0, 0, 0, 0, 0, 0, 0, 0, 0, 0, 0, 0, 0, 0, 0, 0, 0, 0, 0, 0, 0, 0, 0, 0, 0, 0, 0, 0, 0, 0, 0, 0, 0, 0, 1, 0, 0, 0, 0, 0, 0, 0, 0, 0, 0, 0, 0, 0, 0, 1, 0, 0, 0, 0, 0, 0, 0, 0, 0, 0, 0, 0, 0, 0, 0, 0, 0, 0, 0, 0, 0, 0, 0]
E = [20, 22, 20, 0, 20, 20, 22, 20, 20, 275, 20, 20, 22, 66, 22, 22, 20, 20, 20, 20, 22, 22, 22, 22, 22, 275, 20, 22, 275, 275, 275, 22, 0, 22, 22, 22, 22, 66, 141, 141, 87, 22, 87, 22, 22, 80, 141, 87, 22, 66, 80, 87, 66, 80, 87, 299, 66, 0, 299, 0, 80, 66, 80, 80, 275, 66, 66, 80, 299, 80, 80, 66, 66, 80, 66, 80, 66, 66, 80, 80, 80, 87, 80, 80, 20, 20, 87, 87, 87, 87, 87, 87, 87, 87, 87, 87, 87, 87, 275, 87, 87, 87, 22, 87, 87, 87, 87, 87, 87, 87, 22, 20, 20, 20, 20, 275, 20, 20, 20, 20, 0, 87, 20, 87, 20, 141, 141, 141, 141, 141, 141, 141, 141, 141, 141, 141, 141, 141, 141, 141, 141, 0, 141, 141, 141, 0, 141, 141, 141, 141, 141, 80, 80, 80, 141, 141, 299, 141, 141, 20, 80, 0, 141, 80, 141, 66, 66, 0, 80, 66, 80, 66, 80, 275, 80, 275, 66, 66, 80, 80, 80, 0, 0, 66, 66, 218, 66, 66, 0, 66, 66, 221, 221, 22, 218, 218, 221, 221, 218, 218, 218, 221, 221, 221, 218, 221, 218, 218, 221, 221, 218, 218, 221, 221, 221, 221, 66, 218, 221, 221, 221, 218, 218, 218, 218, 66, 221, 221, 221, 221, 218, 66, 221, 218, 221, 221, 221, 218, 22, 221, 221, 218, 221, 221, 218, 218, 22, 20, 22, 66, 0, 22, 22, 20, 22, 20, 20, 218, 20, 87, 22, 87, 20, 275, 275, 275, 275, 275, 275, 20, 275, 275, 275, 275, 275, 0, 141, 80, 299, 141, 299, 299, 299, 309, 80, 66, 0, 309, 309, 0, 299, 299, 299, 299, 299, 299, 299, 299, 299, 299, 299, 377, 377, 309, 309, 309, 309, 309, 309, 309, 309, 309, 309, 309, 0, 0, 299, 299, 299, 299, 299, 299, 299, 299, 299, 353, 309, 309, 309, 309, 309, 353, 309, 353, 0, 0, 299, 0, 299, 299, 0, 377, 0, 377, 353, 353, 353, 353, 353, 353, 0, 353, 353, 353, 353, 353, 377, 377, 377, 377, 353, 353, 353, 353, 353, 353, 353, 353, 353, 0, 353, 377, 377, 377, 377, 377, 377, 377, 0, 414, 414, 353, 353, 353, 353, 353, 414, 414, 0, 414, 414, 414, 414, 414, 414, 414, 377, 377, 377, 377, 377, 377, 377, 377, 377, 429, 429, 429, 429, 429, 429, 377, 414, 414, 414, 414, 353, 414, 414, 414, 414, 414, 414, 414, 414, 429, 429, 429, 429, 429, 429, 429, 414, 414, 414, 414, 414, 414, 414, 414, 429, 429, 429, 429, 429, 429, 22, 87, 22, 275, 221, 218]
