n° iter       = 300 
neighborhood_structure = [2] 
Prioridad     = 10 
balance       = 0.2 
Len_N         = 3 
N° clusters   = 15 
N° estaciones = 452 
N° mejoras    = 20
N° iter completadas  = 94
1° FO         = 378718.0
FO            = 324786
Centros       = [9, 66, 80, 87, 126, 165, 211, 221, 275, 313, 317, 353, 360, 414, 427]
Objs= Any[378718.0, 376656, 372933, 372933, 370709, 362790, 356031, 355008, 355008, 355008, 349864, 349864, 345747, 345747, 343316, 343316, 343316, 337766, 337766, 337766, 337766, 335503, 335503, 335503, 334705, 334705, 334705, 331345, 331345, 331345, 330685, 330685, 330685, 330685, 330685, 330685, 330685, 330685, 330685, 330685, 330685, 330685, 330685, 330685, 330685, 330685, 330685, 330685, 330685, 330685, 330685, 330685, 330685, 329978, 329978, 329978, 329978, 329724, 329724, 329724, 329724, 329724, 329724, 329724, 329724, 329724, 329724, 329724, 329724, 329724, 329724, 327218, 327218, 327218, 327218, 327218, 327218, 327218, 326711, 326711, 326711, 326711, 326711, 326711, 326711, 326711, 326711, 326711, 326711, 326711, 325981, 325981, 325981, 324786, 324786]
current_obj = [376656.0, 372933.0, 379322.0, 370709.0, 362790.0, 356031.0, 355008.0, 359042.0, 357267.0, 349864.0, 351477.0, 345747.0, 348549.0, 343316.0, 345115.0, 344144.0, 337766.0, 340435.0, 342323.0, 338089.0, 335503.0, 340397.0, 336547.0, 334705.0, 337224.0, 338581.0, 331345.0, 336488.0, 332806.0, 330685.0, 333719.0, 330792.0, 332199.0, 333392.0, 332592.0, 334159.0, 336274.0, 336268.0, 331662.0, 334191.0, 331914.0, 332644.0, 331174.0, 331984.0, 332278.0, 335154.0, 335705.0, 338431.0, 333829.0, 335298.0, 330939.0, 335476.0, 329978.0, 335026.0, 334300.0, 332769.0, 329724.0, 333686.0, 331968.0, 330172.0, 331217.0, 331473.0, 333664.0, 331111.0, 332907.0, 335958.0, 333731.0, 338315.0, 338433.0, 334554.0, 327218.0, 329170.0, 327380.0, 332956.0, 329498.0, 329914.0, 328943.0, 326711.0, 333541.0, 339280.0, 333189.0, 329558.0, 330272.0, 331659.0, 328771.0, 326721.0, 330733.0, 327915.0, 333216.0, 325981.0, 331015.0, 329756.0, 324786.0, 326088.0, 328030.0, 0.0, 0.0, 0.0, 0.0, 0.0, 0.0, 0.0, 0.0, 0.0, 0.0, 0.0, 0.0, 0.0, 0.0, 0.0, 0.0, 0.0, 0.0, 0.0, 0.0, 0.0, 0.0, 0.0, 0.0, 0.0, 0.0, 0.0, 0.0, 0.0, 0.0, 0.0, 0.0, 0.0, 0.0, 0.0, 0.0, 0.0, 0.0, 0.0, 0.0, 0.0, 0.0, 0.0, 0.0, 0.0, 0.0, 0.0, 0.0, 0.0, 0.0, 0.0, 0.0, 0.0, 0.0, 0.0, 0.0, 0.0, 0.0, 0.0, 0.0, 0.0, 0.0, 0.0, 0.0, 0.0, 0.0, 0.0, 0.0, 0.0, 0.0, 0.0, 0.0, 0.0, 0.0, 0.0, 0.0, 0.0, 0.0, 0.0, 0.0, 0.0, 0.0, 0.0, 0.0, 0.0, 0.0, 0.0, 0.0, 0.0, 0.0, 0.0, 0.0, 0.0, 0.0, 0.0, 0.0, 0.0, 0.0, 0.0, 0.0, 0.0, 0.0, 0.0, 0.0, 0.0, 0.0, 0.0, 0.0, 0.0, 0.0, 0.0, 0.0, 0.0, 0.0, 0.0, 0.0, 0.0, 0.0, 0.0, 0.0, 0.0, 0.0, 0.0, 0.0, 0.0, 0.0, 0.0, 0.0, 0.0, 0.0, 0.0, 0.0, 0.0, 0.0, 0.0, 0.0, 0.0, 0.0, 0.0, 0.0, 0.0, 0.0, 0.0, 0.0, 0.0, 0.0, 0.0, 0.0, 0.0, 0.0, 0.0, 0.0, 0.0, 0.0, 0.0, 0.0, 0.0, 0.0, 0.0, 0.0, 0.0, 0.0, 0.0, 0.0, 0.0, 0.0, 0.0, 0.0, 0.0, 0.0, 0.0, 0.0, 0.0, 0.0, 0.0, 0.0, 0.0, 0.0, 0.0, 0.0, 0.0, 0.0, 0.0, 0.0, 0.0, 0.0, 0.0, 0.0, 0.0, 0.0, 0.0, 0.0, 0.0, 0.0, 0.0, 0.0, 0.0, 0.0, 0.0, 0.0, 0.0, 0.0, 0.0, 0.0, 0.0]
cong_K= Any[2, 2, 2, 2, 2, 2, 2, 2, 2, 2, 2, 2, 2, 2, 2, 2, 2, 2, 2, 2] 
obj_k= Any[376656, 372933, 370709, 362790, 356031, 355008, 349864, 345747, 343316, 337766, 335503, 334705, 331345, 330685, 329978, 329724, 327218, 326711, 325981, 324786] 
iter_obj = Any[1, 2, 4, 5, 6, 7, 10, 12, 14, 17, 21, 24, 27, 30, 53, 57, 71, 78, 90, 93] 
avgClusterDiam = 2703.8 
maxClusterDiam = 3775.0 
clusterDiamete = [2811.0; 3775.0; 2488.0; 2430.0; 2746.0; 3427.0; 3495.0; 2263.0; 2779.0; 2484.0; 3155.0; 2013.0; 3319.0; 1823.0; 1549.0]   
C = [0, 0, 0, 0, 0, 0, 0, 0, 1, 0, 0, 0, 0, 0, 0, 0, 0, 0, 0, 0, 0, 0, 0, 0, 0, 0, 0, 0, 0, 0, 0, 0, 0, 0, 0, 0, 0, 0, 0, 0, 0, 0, 0, 0, 0, 0, 0, 0, 0, 0, 0, 0, 0, 0, 0, 0, 0, 0, 0, 0, 0, 0, 0, 0, 0, 1, 0, 0, 0, 0, 0, 0, 0, 0, 0, 0, 0, 0, 0, 1, 0, 0, 0, 0, 0, 0, 1, 0, 0, 0, 0, 0, 0, 0, 0, 0, 0, 0, 0, 0, 0, 0, 0, 0, 0, 0, 0, 0, 0, 0, 0, 0, 0, 0, 0, 0, 0, 0, 0, 0, 0, 0, 0, 0, 0, 1, 0, 0, 0, 0, 0, 0, 0, 0, 0, 0, 0, 0, 0, 0, 0, 0, 0, 0, 0, 0, 0, 0, 0, 0, 0, 0, 0, 0, 0, 0, 0, 0, 0, 0, 0, 0, 0, 0, 1, 0, 0, 0, 0, 0, 0, 0, 0, 0, 0, 0, 0, 0, 0, 0, 0, 0, 0, 0, 0, 0, 0, 0, 0, 0, 0, 0, 0, 0, 0, 0, 0, 0, 0, 0, 0, 0, 0, 0, 0, 0, 0, 0, 0, 0, 1, 0, 0, 0, 0, 0, 0, 0, 0, 0, 1, 0, 0, 0, 0, 0, 0, 0, 0, 0, 0, 0, 0, 0, 0, 0, 0, 0, 0, 0, 0, 0, 0, 0, 0, 0, 0, 0, 0, 0, 0, 0, 0, 0, 0, 0, 0, 0, 0, 0, 0, 0, 0, 0, 0, 0, 0, 0, 0, 0, 0, 0, 0, 0, 1, 0, 0, 0, 0, 0, 0, 0, 0, 0, 0, 0, 0, 0, 0, 0, 0, 0, 0, 0, 0, 0, 0, 0, 0, 0, 0, 0, 0, 0, 0, 0, 0, 0, 0, 0, 0, 0, 1, 0, 0, 0, 1, 0, 0, 0, 0, 0, 0, 0, 0, 0, 0, 0, 0, 0, 0, 0, 0, 0, 0, 0, 0, 0, 0, 0, 0, 0, 0, 0, 0, 0, 0, 0, 0, 0, 0, 0, 1, 0, 0, 0, 0, 0, 0, 1, 0, 0, 0, 0, 0, 0, 0, 0, 0, 0, 0, 0, 0, 0, 0, 0, 0, 0, 0, 0, 0, 0, 0, 0, 0, 0, 0, 0, 0, 0, 0, 0, 0, 0, 0, 0, 0, 0, 0, 0, 0, 0, 0, 0, 0, 0, 0, 0, 0, 0, 0, 0, 0, 1, 0, 0, 0, 0, 0, 0, 0, 0, 0, 0, 0, 0, 1, 0, 0, 0, 0, 0, 0, 0, 0, 0, 0, 0, 0, 0, 0, 0, 0, 0, 0, 0, 0, 0, 0, 0, 0, 0]
E = [9, 9, 126, 9, 9, 9, 9, 126, 9, 275, 126, 9, 66, 66, 9, 9, 9, 9, 126, 126, 9, 9, 9, 9, 9, 275, 126, 9, 275, 275, 275, 126, 165, 9, 9, 66, 9, 66, 126, 126, 87, 126, 87, 9, 66, 80, 165, 87, 66, 66, 0, 87, 66, 80, 87, 165, 66, 66, 165, 66, 80, 66, 80, 80, 275, 66, 66, 80, 80, 80, 80, 66, 66, 317, 66, 80, 66, 66, 80, 80, 80, 87, 80, 80, 9, 9, 87, 87, 87, 87, 87, 87, 87, 87, 87, 87, 87, 87, 275, 87, 87, 87, 9, 87, 87, 87, 87, 87, 87, 87, 9, 87, 275, 126, 275, 275, 126, 126, 126, 126, 126, 87, 126, 126, 126, 126, 126, 126, 126, 126, 126, 126, 126, 165, 126, 126, 126, 126, 165, 126, 165, 165, 126, 126, 126, 80, 126, 126, 165, 80, 165, 80, 165, 80, 165, 165, 317, 126, 165, 9, 165, 165, 165, 80, 165, 66, 66, 80, 80, 66, 80, 66, 80, 275, 80, 275, 66, 66, 80, 80, 80, 313, 9, 66, 66, 211, 66, 66, 66, 66, 66, 221, 221, 66, 211, 211, 221, 221, 211, 211, 211, 211, 221, 211, 211, 221, 211, 211, 221, 221, 211, 211, 221, 221, 221, 221, 66, 211, 221, 221, 221, 211, 211, 211, 211, 66, 221, 221, 221, 221, 211, 66, 221, 211, 221, 221, 221, 221, 9, 221, 221, 211, 211, 221, 211, 211, 9, 9, 9, 66, 211, 9, 9, 275, 9, 9, 9, 211, 275, 87, 9, 87, 9, 275, 275, 275, 275, 275, 275, 87, 275, 275, 275, 275, 275, 165, 165, 165, 165, 165, 165, 165, 317, 313, 80, 66, 66, 313, 80, 360, 317, 317, 165, 317, 165, 165, 165, 317, 317, 317, 317, 360, 313, 313, 313, 313, 313, 313, 313, 313, 313, 313, 313, 313, 313, 317, 317, 317, 317, 317, 317, 317, 317, 317, 317, 353, 313, 313, 313, 313, 313, 353, 313, 353, 360, 317, 317, 360, 360, 317, 360, 360, 360, 360, 353, 353, 353, 353, 313, 353, 313, 313, 353, 353, 353, 360, 360, 360, 360, 360, 353, 353, 353, 353, 353, 353, 353, 353, 353, 353, 353, 353, 360, 360, 360, 360, 360, 414, 414, 414, 414, 353, 353, 353, 353, 353, 414, 353, 414, 414, 414, 414, 414, 414, 414, 414, 414, 414, 360, 360, 360, 427, 360, 360, 360, 427, 427, 427, 427, 427, 427, 427, 414, 414, 414, 414, 353, 414, 414, 414, 414, 414, 414, 414, 427, 427, 427, 427, 427, 427, 427, 427, 414, 414, 414, 414, 414, 414, 414, 427, 427, 427, 427, 427, 427, 427, 66, 87, 66, 275, 221, 211]
