n° iter       = 300 
neighborhood_structure = [2] 
Prioridad     = 10 
balance       = 0.2 
Len_N         = 1 
N° clusters   = 15 
N° estaciones = 452 
N° mejoras    = 10
N° iter completadas  = 84
1° FO         = 362165.0
FO            = 334878
Centros       = [5, 11, 44, 48, 88, 139, 168, 198, 218, 299, 314, 359, 369, 407, 414]
Objs= Any[362165.0, 362165.0, 362165.0, 362165.0, 362165.0, 359529, 359529, 359529, 359529, 359529, 359529, 357394, 352877, 352877, 351474, 348596, 348596, 348596, 348596, 348596, 346098, 346098, 346098, 346098, 346098, 346098, 346098, 345104, 345104, 345104, 345104, 345104, 345104, 345104, 345104, 345104, 341675, 341675, 341675, 341675, 341675, 341675, 341675, 341675, 341675, 341675, 341675, 341675, 341675, 341675, 341675, 341675, 341675, 336538, 336538, 336538, 336538, 336538, 336538, 336538, 336538, 336538, 334878, 334878, 334878, 334878, 334878, 334878, 334878, 334878, 334878, 334878, 334878, 334878, 334878, 334878, 334878, 334878, 334878, 334878, 334878, 334878, 334878, 334878, 334878]
current_obj = [363695.0, 367545.0, 370302.0, 368840.0, 359529.0, 362506.0, 367047.0, 380381.0, 364695.0, 365086.0, 357394.0, 352877.0, 355693.0, 351474.0, 348596.0, 353304.0, 361664.0, 357281.0, 350425.0, 346098.0, 351734.0, 349047.0, 351717.0, 346830.0, 353851.0, 350769.0, 345104.0, 348327.0, 352345.0, 348972.0, 348624.0, 348058.0, 347733.0, 347243.0, 349535.0, 341675.0, 353221.0, 348487.0, 345373.0, 359563.0, 350061.0, 344146.0, 344092.0, 345527.0, 346151.0, 352751.0, 343942.0, 346841.0, 341759.0, 348188.0, 351927.0, 355185.0, 336538.0, 340055.0, 340232.0, 337704.0, 338462.0, 341251.0, 339538.0, 340139.0, 336726.0, 334878.0, 338768.0, 343199.0, 342220.0, 340107.0, 347566.0, 337888.0, 349099.0, 339001.0, 338245.0, 338664.0, 336109.0, 343137.0, 336682.0, 352871.0, 341997.0, 352385.0, 339149.0, 343786.0, 342540.0, 336859.0, 337320.0, 342898.0, 339116.0, 0.0, 0.0, 0.0, 0.0, 0.0, 0.0, 0.0, 0.0, 0.0, 0.0, 0.0, 0.0, 0.0, 0.0, 0.0, 0.0, 0.0, 0.0, 0.0, 0.0, 0.0, 0.0, 0.0, 0.0, 0.0, 0.0, 0.0, 0.0, 0.0, 0.0, 0.0, 0.0, 0.0, 0.0, 0.0, 0.0, 0.0, 0.0, 0.0, 0.0, 0.0, 0.0, 0.0, 0.0, 0.0, 0.0, 0.0, 0.0, 0.0, 0.0, 0.0, 0.0, 0.0, 0.0, 0.0, 0.0, 0.0, 0.0, 0.0, 0.0, 0.0, 0.0, 0.0, 0.0, 0.0, 0.0, 0.0, 0.0, 0.0, 0.0, 0.0, 0.0, 0.0, 0.0, 0.0, 0.0, 0.0, 0.0, 0.0, 0.0, 0.0, 0.0, 0.0, 0.0, 0.0, 0.0, 0.0, 0.0, 0.0, 0.0, 0.0, 0.0, 0.0, 0.0, 0.0, 0.0, 0.0, 0.0, 0.0, 0.0, 0.0, 0.0, 0.0, 0.0, 0.0, 0.0, 0.0, 0.0, 0.0, 0.0, 0.0, 0.0, 0.0, 0.0, 0.0, 0.0, 0.0, 0.0, 0.0, 0.0, 0.0, 0.0, 0.0, 0.0, 0.0, 0.0, 0.0, 0.0, 0.0, 0.0, 0.0, 0.0, 0.0, 0.0, 0.0, 0.0, 0.0, 0.0, 0.0, 0.0, 0.0, 0.0, 0.0, 0.0, 0.0, 0.0, 0.0, 0.0, 0.0, 0.0, 0.0, 0.0, 0.0, 0.0, 0.0, 0.0, 0.0, 0.0, 0.0, 0.0, 0.0, 0.0, 0.0, 0.0, 0.0, 0.0, 0.0, 0.0, 0.0, 0.0, 0.0, 0.0, 0.0, 0.0, 0.0, 0.0, 0.0, 0.0, 0.0, 0.0, 0.0, 0.0, 0.0, 0.0, 0.0, 0.0, 0.0, 0.0, 0.0, 0.0, 0.0, 0.0, 0.0, 0.0, 0.0, 0.0, 0.0, 0.0, 0.0, 0.0, 0.0, 0.0, 0.0, 0.0, 0.0, 0.0, 0.0, 0.0, 0.0, 0.0, 0.0, 0.0, 0.0, 0.0, 0.0]
cong_K= Any[2, 2, 2, 2, 2, 2, 2, 2, 2, 2] 
obj_k= Any[359529, 357394, 352877, 351474, 348596, 346098, 345104, 341675, 336538, 334878] 
iter_obj = Any[5, 11, 12, 14, 15, 20, 27, 36, 53, 62] 
avgClusterDiam = 2603.0 
maxClusterDiam = 3579.0 
clusterDiamete = [3067.0; 2416.0; 3260.0; 2595.0; 2667.0; 2739.0; 2730.0; 2263.0; 3033.0; 3579.0; 1928.0; 2838.0; 2072.0; 1647.0; 2211.0]   
C = [0, 0, 0, 0, 1, 0, 0, 0, 0, 0, 1, 0, 0, 0, 0, 0, 0, 0, 0, 0, 0, 0, 0, 0, 0, 0, 0, 0, 0, 0, 0, 0, 0, 0, 0, 0, 0, 0, 0, 0, 0, 0, 0, 1, 0, 0, 0, 1, 0, 0, 0, 0, 0, 0, 0, 0, 0, 0, 0, 0, 0, 0, 0, 0, 0, 0, 0, 0, 0, 0, 0, 0, 0, 0, 0, 0, 0, 0, 0, 0, 0, 0, 0, 0, 0, 0, 0, 1, 0, 0, 0, 0, 0, 0, 0, 0, 0, 0, 0, 0, 0, 0, 0, 0, 0, 0, 0, 0, 0, 0, 0, 0, 0, 0, 0, 0, 0, 0, 0, 0, 0, 0, 0, 0, 0, 0, 0, 0, 0, 0, 0, 0, 0, 0, 0, 0, 0, 0, 1, 0, 0, 0, 0, 0, 0, 0, 0, 0, 0, 0, 0, 0, 0, 0, 0, 0, 0, 0, 0, 0, 0, 0, 0, 0, 0, 0, 0, 1, 0, 0, 0, 0, 0, 0, 0, 0, 0, 0, 0, 0, 0, 0, 0, 0, 0, 0, 0, 0, 0, 0, 0, 0, 0, 0, 0, 0, 0, 1, 0, 0, 0, 0, 0, 0, 0, 0, 0, 0, 0, 0, 0, 0, 0, 0, 0, 0, 0, 1, 0, 0, 0, 0, 0, 0, 0, 0, 0, 0, 0, 0, 0, 0, 0, 0, 0, 0, 0, 0, 0, 0, 0, 0, 0, 0, 0, 0, 0, 0, 0, 0, 0, 0, 0, 0, 0, 0, 0, 0, 0, 0, 0, 0, 0, 0, 0, 0, 0, 0, 0, 0, 0, 0, 0, 0, 0, 0, 0, 0, 0, 0, 0, 0, 0, 0, 0, 0, 0, 0, 0, 0, 0, 0, 0, 0, 0, 0, 0, 0, 1, 0, 0, 0, 0, 0, 0, 0, 0, 0, 0, 0, 0, 0, 0, 1, 0, 0, 0, 0, 0, 0, 0, 0, 0, 0, 0, 0, 0, 0, 0, 0, 0, 0, 0, 0, 0, 0, 0, 0, 0, 0, 0, 0, 0, 0, 0, 0, 0, 0, 0, 0, 0, 0, 0, 0, 0, 0, 0, 0, 1, 0, 0, 0, 0, 0, 0, 0, 0, 0, 1, 0, 0, 0, 0, 0, 0, 0, 0, 0, 0, 0, 0, 0, 0, 0, 0, 0, 0, 0, 0, 0, 0, 0, 0, 0, 0, 0, 0, 0, 0, 0, 0, 0, 0, 0, 0, 0, 1, 0, 0, 0, 0, 0, 0, 1, 0, 0, 0, 0, 0, 0, 0, 0, 0, 0, 0, 0, 0, 0, 0, 0, 0, 0, 0, 0, 0, 0, 0, 0, 0, 0, 0, 0, 0, 0, 0, 0, 0, 0, 0, 0, 0, 0]
E = [5, 5, 11, 5, 5, 11, 44, 11, 11, 48, 11, 11, 44, 44, 5, 5, 11, 11, 11, 11, 44, 5, 5, 5, 5, 48, 11, 44, 48, 11, 11, 44, 139, 5, 5, 44, 44, 168, 139, 139, 48, 44, 48, 44, 44, 168, 139, 48, 44, 44, 139, 48, 44, 168, 48, 299, 44, 44, 299, 44, 0, 44, 168, 139, 48, 168, 44, 168, 0, 44, 44, 0, 44, 0, 44, 44, 168, 44, 168, 168, 139, 48, 168, 44, 11, 11, 48, 88, 88, 88, 88, 88, 88, 88, 88, 48, 88, 48, 48, 88, 88, 88, 5, 88, 88, 88, 48, 48, 48, 48, 5, 48, 48, 48, 11, 48, 11, 11, 11, 11, 139, 48, 11, 48, 5, 139, 139, 139, 139, 139, 139, 139, 139, 139, 139, 139, 139, 139, 139, 139, 139, 139, 139, 139, 139, 139, 139, 139, 139, 139, 139, 139, 139, 44, 139, 139, 299, 139, 139, 5, 139, 139, 139, 139, 139, 168, 168, 168, 168, 168, 168, 168, 168, 11, 168, 88, 168, 168, 168, 44, 168, 299, 5, 44, 168, 218, 44, 218, 44, 44, 168, 218, 198, 5, 218, 218, 198, 198, 218, 218, 218, 198, 198, 198, 218, 198, 5, 218, 198, 198, 218, 218, 198, 198, 198, 218, 5, 218, 198, 198, 198, 218, 218, 218, 218, 5, 198, 218, 198, 198, 218, 218, 218, 218, 198, 198, 198, 218, 218, 198, 198, 198, 198, 198, 218, 5, 44, 5, 5, 44, 218, 44, 44, 11, 5, 11, 11, 218, 48, 48, 44, 88, 11, 0, 48, 48, 48, 88, 48, 48, 48, 48, 11, 11, 11, 299, 139, 139, 299, 139, 299, 299, 299, 314, 168, 168, 168, 0, 0, 299, 299, 299, 299, 299, 299, 299, 299, 299, 299, 299, 314, 359, 314, 314, 314, 314, 314, 314, 314, 314, 314, 314, 314, 314, 314, 314, 299, 299, 299, 299, 299, 299, 299, 299, 314, 359, 314, 314, 314, 314, 314, 314, 314, 369, 369, 369, 299, 359, 299, 299, 359, 359, 359, 359, 369, 369, 369, 314, 314, 0, 314, 0, 369, 369, 369, 369, 359, 359, 359, 359, 369, 369, 369, 369, 369, 369, 369, 369, 369, 369, 369, 369, 359, 359, 359, 359, 359, 359, 414, 414, 369, 369, 369, 369, 369, 369, 369, 414, 414, 369, 414, 414, 414, 414, 414, 414, 414, 414, 359, 359, 407, 407, 359, 359, 407, 407, 407, 407, 407, 407, 407, 407, 414, 414, 414, 414, 369, 414, 414, 414, 414, 414, 414, 414, 414, 407, 414, 407, 407, 407, 407, 407, 414, 414, 414, 414, 414, 414, 414, 414, 407, 407, 407, 407, 407, 407, 44, 48, 44, 48, 218, 218]
