n° iter       = 300 
neighborhood_structure = [1 2 3] 
Prioridad     = 10 
balance       = 0.2 
Len_N         = 3 
N° clusters   = 15 
N° estaciones = 452 
N° mejoras    = 31
N° iter completadas  = 105
1° FO         = 389215.0
FO            = 314176
Centros       = [11, 21, 66, 87, 134, 146, 208, 221, 299, 314, 360, 366, 414, 429, 450]
Objs= Any[389215.0, 388493, 379474, 356615, 348767, 348767, 343556, 337519, 337519, 335339, 335339, 329731, 328846, 327622, 327622, 327559, 327559, 327559, 327559, 327559, 327098, 326848, 326848, 326545, 326545, 326545, 326545, 326545, 326545, 326078, 326078, 326078, 326078, 325691, 324715, 323751, 322522, 322522, 322522, 322522, 322341, 322341, 322341, 321356, 321356, 321356, 321356, 318790, 318790, 318790, 318790, 318790, 318790, 318790, 318790, 318790, 318790, 318790, 318608, 318608, 318608, 317777, 317777, 317777, 317777, 317777, 317777, 317777, 317777, 316678, 316678, 316678, 316678, 316678, 316678, 316642, 316642, 316642, 316642, 316642, 316642, 316642, 316642, 316622, 316622, 316622, 316622, 316622, 316622, 315693, 314376, 314376, 314376, 314376, 314264, 314264, 314264, 314264, 314264, 314264, 314264, 314264, 314264, 314264, 314264, 314176]
current_obj = [388493.0, 379474.0, 356615.0, 348767.0, 349744.0, 343556.0, 337519.0, 338202.0, 335339.0, 338880.0, 329731.0, 328846.0, 327622.0, 327978.0, 327559.0, 327566.0, 328057.0, 328085.0, 329505.0, 327098.0, 326848.0, 327093.0, 326545.0, 327866.0, 329515.0, 329656.0, 328275.0, 327147.0, 326078.0, 327358.0, 333043.0, 326545.0, 325691.0, 324715.0, 323751.0, 322522.0, 323459.0, 322947.0, 323065.0, 322341.0, 324019.0, 324994.0, 321356.0, 322049.0, 322894.0, 323561.0, 318790.0, 319730.0, 320506.0, 319192.0, 321395.0, 321088.0, 322554.0, 320224.0, 319125.0, 321833.0, 320895.0, 318608.0, 320446.0, 320502.0, 317777.0, 320477.0, 318742.0, 319504.0, 320062.0, 317846.0, 318519.0, 318288.0, 316678.0, 320002.0, 317942.0, 318397.0, 318397.0, 317438.0, 316642.0, 318033.0, 317585.0, 317629.0, 317690.0, 318891.0, 321115.0, 317278.0, 316622.0, 317261.0, 316967.0, 317356.0, 318968.0, 321292.0, 315693.0, 314376.0, 314722.0, 314722.0, 316972.0, 314264.0, 315677.0, 315938.0, 316012.0, 318550.0, 315779.0, 316053.0, 317426.0, 318553.0, 314414.0, 314671.0, 314176.0, 316773.0, 0.0, 0.0, 0.0, 0.0, 0.0, 0.0, 0.0, 0.0, 0.0, 0.0, 0.0, 0.0, 0.0, 0.0, 0.0, 0.0, 0.0, 0.0, 0.0, 0.0, 0.0, 0.0, 0.0, 0.0, 0.0, 0.0, 0.0, 0.0, 0.0, 0.0, 0.0, 0.0, 0.0, 0.0, 0.0, 0.0, 0.0, 0.0, 0.0, 0.0, 0.0, 0.0, 0.0, 0.0, 0.0, 0.0, 0.0, 0.0, 0.0, 0.0, 0.0, 0.0, 0.0, 0.0, 0.0, 0.0, 0.0, 0.0, 0.0, 0.0, 0.0, 0.0, 0.0, 0.0, 0.0, 0.0, 0.0, 0.0, 0.0, 0.0, 0.0, 0.0, 0.0, 0.0, 0.0, 0.0, 0.0, 0.0, 0.0, 0.0, 0.0, 0.0, 0.0, 0.0, 0.0, 0.0, 0.0, 0.0, 0.0, 0.0, 0.0, 0.0, 0.0, 0.0, 0.0, 0.0, 0.0, 0.0, 0.0, 0.0, 0.0, 0.0, 0.0, 0.0, 0.0, 0.0, 0.0, 0.0, 0.0, 0.0, 0.0, 0.0, 0.0, 0.0, 0.0, 0.0, 0.0, 0.0, 0.0, 0.0, 0.0, 0.0, 0.0, 0.0, 0.0, 0.0, 0.0, 0.0, 0.0, 0.0, 0.0, 0.0, 0.0, 0.0, 0.0, 0.0, 0.0, 0.0, 0.0, 0.0, 0.0, 0.0, 0.0, 0.0, 0.0, 0.0, 0.0, 0.0, 0.0, 0.0, 0.0, 0.0, 0.0, 0.0, 0.0, 0.0, 0.0, 0.0, 0.0, 0.0, 0.0, 0.0, 0.0, 0.0, 0.0, 0.0, 0.0, 0.0, 0.0, 0.0, 0.0, 0.0, 0.0, 0.0, 0.0, 0.0, 0.0, 0.0, 0.0, 0.0, 0.0, 0.0, 0.0, 0.0, 0.0, 0.0, 0.0, 0.0, 0.0, 0.0, 0.0, 0.0, 0.0, 0.0]
cong_K= Any[1, 3, 3, 3, 2, 2, 3, 1, 1, 1, 1, 2, 2, 1, 1, 3, 1, 1, 1, 1, 1, 1, 1, 1, 1, 1, 1, 1, 1, 1, 2] 
obj_k= Any[388493, 379474, 356615, 348767, 343556, 337519, 335339, 329731, 328846, 327622, 327559, 327098, 326848, 326545, 326078, 325691, 324715, 323751, 322522, 322341, 321356, 318790, 318608, 317777, 316678, 316642, 316622, 315693, 314376, 314264, 314176] 
iter_obj = Any[1, 2, 3, 4, 6, 7, 9, 11, 12, 13, 15, 20, 21, 23, 29, 33, 34, 35, 36, 40, 43, 47, 58, 61, 69, 75, 83, 89, 90, 94, 105] 
avgClusterDiam = 2606.4 
maxClusterDiam = 3775.0 
clusterDiamete = [2513.0; 3106.0; 3775.0; 2191.0; 2398.0; 2752.0; 3495.0; 2263.0; 3579.0; 1998.0; 3015.0; 1907.0; 1663.0; 1549.0; 2892.0]   
C = [0, 0, 0, 0, 0, 0, 0, 0, 0, 0, 1, 0, 0, 0, 0, 0, 0, 0, 0, 0, 1, 0, 0, 0, 0, 0, 0, 0, 0, 0, 0, 0, 0, 0, 0, 0, 0, 0, 0, 0, 0, 0, 0, 0, 0, 0, 0, 0, 0, 0, 0, 0, 0, 0, 0, 0, 0, 0, 0, 0, 0, 0, 0, 0, 0, 1, 0, 0, 0, 0, 0, 0, 0, 0, 0, 0, 0, 0, 0, 0, 0, 0, 0, 0, 0, 0, 1, 0, 0, 0, 0, 0, 0, 0, 0, 0, 0, 0, 0, 0, 0, 0, 0, 0, 0, 0, 0, 0, 0, 0, 0, 0, 0, 0, 0, 0, 0, 0, 0, 0, 0, 0, 0, 0, 0, 0, 0, 0, 0, 0, 0, 0, 0, 1, 0, 0, 0, 0, 0, 0, 0, 0, 0, 0, 0, 1, 0, 0, 0, 0, 0, 0, 0, 0, 0, 0, 0, 0, 0, 0, 0, 0, 0, 0, 0, 0, 0, 0, 0, 0, 0, 0, 0, 0, 0, 0, 0, 0, 0, 0, 0, 0, 0, 0, 0, 0, 0, 0, 0, 0, 0, 0, 0, 0, 0, 0, 0, 0, 0, 0, 0, 0, 0, 0, 0, 0, 0, 1, 0, 0, 0, 0, 0, 0, 0, 0, 0, 0, 0, 0, 1, 0, 0, 0, 0, 0, 0, 0, 0, 0, 0, 0, 0, 0, 0, 0, 0, 0, 0, 0, 0, 0, 0, 0, 0, 0, 0, 0, 0, 0, 0, 0, 0, 0, 0, 0, 0, 0, 0, 0, 0, 0, 0, 0, 0, 0, 0, 0, 0, 0, 0, 0, 0, 0, 0, 0, 0, 0, 0, 0, 0, 0, 0, 0, 0, 0, 0, 0, 0, 0, 0, 0, 0, 0, 0, 0, 0, 0, 1, 0, 0, 0, 0, 0, 0, 0, 0, 0, 0, 0, 0, 0, 0, 1, 0, 0, 0, 0, 0, 0, 0, 0, 0, 0, 0, 0, 0, 0, 0, 0, 0, 0, 0, 0, 0, 0, 0, 0, 0, 0, 0, 0, 0, 0, 0, 0, 0, 0, 0, 0, 0, 0, 0, 0, 0, 0, 0, 0, 0, 1, 0, 0, 0, 0, 0, 1, 0, 0, 0, 0, 0, 0, 0, 0, 0, 0, 0, 0, 0, 0, 0, 0, 0, 0, 0, 0, 0, 0, 0, 0, 0, 0, 0, 0, 0, 0, 0, 0, 0, 0, 0, 0, 0, 0, 0, 0, 0, 0, 0, 0, 0, 0, 0, 1, 0, 0, 0, 0, 0, 0, 0, 0, 0, 0, 0, 0, 0, 0, 1, 0, 0, 0, 0, 0, 0, 0, 0, 0, 0, 0, 0, 0, 0, 0, 0, 0, 0, 0, 0, 1, 0, 0]
E = [11, 11, 11, 11, 11, 11, 21, 11, 11, 450, 11, 11, 21, 66, 21, 11, 11, 11, 11, 11, 21, 21, 21, 21, 11, 450, 11, 21, 450, 450, 450, 146, 134, 21, 21, 21, 21, 66, 134, 134, 87, 21, 450, 21, 21, 146, 146, 87, 21, 21, 146, 87, 66, 146, 450, 299, 66, 21, 299, 21, 146, 66, 146, 146, 450, 66, 66, 66, 146, 146, 146, 66, 66, 299, 66, 146, 66, 21, 66, 146, 146, 87, 146, 146, 11, 11, 87, 87, 87, 87, 87, 87, 87, 87, 87, 87, 87, 87, 450, 87, 87, 87, 11, 87, 87, 87, 87, 87, 87, 87, 11, 450, 450, 11, 11, 450, 11, 11, 134, 11, 134, 87, 134, 134, 134, 134, 134, 134, 134, 134, 134, 134, 134, 134, 134, 134, 134, 134, 146, 134, 134, 146, 134, 134, 134, 146, 134, 134, 134, 146, 146, 146, 146, 146, 146, 146, 299, 134, 134, 11, 146, 146, 134, 146, 146, 66, 66, 66, 66, 66, 66, 66, 66, 11, 146, 450, 66, 66, 146, 146, 66, 299, 11, 66, 66, 208, 66, 66, 66, 66, 66, 221, 221, 21, 21, 208, 221, 221, 208, 208, 208, 208, 221, 208, 208, 221, 21, 208, 221, 221, 208, 208, 221, 221, 221, 208, 66, 208, 221, 221, 221, 208, 208, 208, 208, 66, 221, 221, 221, 221, 208, 66, 221, 208, 221, 221, 221, 221, 21, 221, 221, 208, 208, 221, 208, 208, 66, 11, 21, 66, 21, 21, 21, 11, 11, 11, 11, 208, 450, 87, 21, 87, 11, 450, 450, 450, 450, 450, 450, 450, 450, 450, 450, 450, 450, 299, 146, 146, 299, 146, 299, 299, 299, 314, 66, 66, 66, 314, 314, 314, 299, 299, 299, 299, 299, 299, 299, 299, 299, 299, 299, 360, 314, 314, 314, 314, 314, 314, 314, 314, 314, 314, 314, 314, 314, 314, 299, 299, 299, 299, 299, 299, 299, 299, 314, 360, 314, 314, 314, 314, 314, 314, 314, 366, 360, 360, 360, 360, 299, 299, 360, 360, 360, 360, 314, 366, 314, 314, 314, 314, 314, 314, 366, 314, 366, 360, 360, 360, 360, 360, 366, 366, 366, 366, 366, 366, 366, 366, 366, 366, 366, 360, 360, 360, 360, 360, 360, 414, 414, 414, 366, 366, 366, 366, 366, 366, 366, 366, 414, 414, 414, 414, 414, 414, 414, 414, 414, 414, 360, 360, 360, 429, 360, 360, 360, 429, 429, 429, 429, 429, 429, 429, 414, 414, 414, 414, 366, 366, 414, 414, 414, 414, 414, 414, 414, 429, 429, 429, 429, 429, 429, 429, 414, 414, 414, 414, 414, 414, 414, 429, 429, 429, 429, 429, 429, 429, 21, 87, 21, 450, 221, 208]
