n° iter       = 300 
neighborhood_structure = [1] 
Prioridad     = 10 
balance       = 0.2 
Len_N         = 9 
N° clusters   = 15 
N° estaciones = 452 
N° mejoras    = 46
N° iter completadas  = 120
1° FO         = 389343.0
FO            = 311824
Centros       = [12, 66, 87, 134, 154, 215, 218, 261, 264, 299, 309, 360, 362, 415, 428]
Objs= Any[389343.0, 378081, 367994, 361770, 355695, 350761, 346449, 342735, 339484, 336868, 336278, 334403, 334210, 332223, 331593, 328098, 326938, 326938, 325994, 324452, 322595, 322595, 321931, 321931, 320352, 320082, 319662, 318901, 318859, 316780, 316780, 316750, 316587, 316563, 316563, 316563, 316563, 316563, 316563, 316563, 316563, 315997, 315997, 315997, 314970, 314970, 314970, 314970, 314970, 314901, 314900, 314833, 314833, 314833, 314833, 313900, 313900, 313900, 313900, 313900, 313800, 313800, 313800, 313800, 313800, 313712, 313712, 313712, 313712, 313712, 313712, 313005, 312817, 312817, 312817, 312817, 312817, 312630, 312630, 312517, 312342, 312342, 312342, 312283, 312283, 312283, 312283, 312283, 312283, 312283, 312283, 312283, 312283, 312283, 312283, 312283, 312243, 312243, 312243, 312243, 312243, 312101, 312101, 312101, 312101, 312101, 312101, 312101, 312101, 311824, 311824, 311824, 311824, 311824, 311824, 311824, 311824, 311824, 311824, 311824, 311824]
current_obj = [378081.0, 367994.0, 361770.0, 355695.0, 350761.0, 346449.0, 342735.0, 339484.0, 336868.0, 336278.0, 334403.0, 334210.0, 332223.0, 331593.0, 328098.0, 326938.0, 326941.0, 325994.0, 324452.0, 322595.0, 322630.0, 321931.0, 322333.0, 320352.0, 320082.0, 319662.0, 318901.0, 318859.0, 316780.0, 317684.0, 316750.0, 316587.0, 316563.0, 316587.0, 316769.0, 316704.0, 317521.0, 316612.0, 316750.0, 317254.0, 315997.0, 316894.0, 317031.0, 314970.0, 315902.0, 315906.0, 316991.0, 315370.0, 314901.0, 314900.0, 314833.0, 315927.0, 315895.0, 315824.0, 313900.0, 313934.0, 314066.0, 314431.0, 315392.0, 313800.0, 314269.0, 314889.0, 314132.0, 314868.0, 313712.0, 314050.0, 314497.0, 315757.0, 314818.0, 314329.0, 313005.0, 312817.0, 312934.0, 313005.0, 312831.0, 313308.0, 312630.0, 314362.0, 312517.0, 312342.0, 313707.0, 314853.0, 312283.0, 313615.0, 312973.0, 312950.0, 312938.0, 312450.0, 313111.0, 312351.0, 314740.0, 312938.0, 314005.0, 313827.0, 313560.0, 312243.0, 312911.0, 312790.0, 312976.0, 315275.0, 312101.0, 313116.0, 312372.0, 313141.0, 313973.0, 312141.0, 312845.0, 313017.0, 311824.0, 312180.0, 312453.0, 311966.0, 312169.0, 312750.0, 311998.0, 312927.0, 313204.0, 314596.0, 312901.0, 312117.0, 312717.0, 0.0, 0.0, 0.0, 0.0, 0.0, 0.0, 0.0, 0.0, 0.0, 0.0, 0.0, 0.0, 0.0, 0.0, 0.0, 0.0, 0.0, 0.0, 0.0, 0.0, 0.0, 0.0, 0.0, 0.0, 0.0, 0.0, 0.0, 0.0, 0.0, 0.0, 0.0, 0.0, 0.0, 0.0, 0.0, 0.0, 0.0, 0.0, 0.0, 0.0, 0.0, 0.0, 0.0, 0.0, 0.0, 0.0, 0.0, 0.0, 0.0, 0.0, 0.0, 0.0, 0.0, 0.0, 0.0, 0.0, 0.0, 0.0, 0.0, 0.0, 0.0, 0.0, 0.0, 0.0, 0.0, 0.0, 0.0, 0.0, 0.0, 0.0, 0.0, 0.0, 0.0, 0.0, 0.0, 0.0, 0.0, 0.0, 0.0, 0.0, 0.0, 0.0, 0.0, 0.0, 0.0, 0.0, 0.0, 0.0, 0.0, 0.0, 0.0, 0.0, 0.0, 0.0, 0.0, 0.0, 0.0, 0.0, 0.0, 0.0, 0.0, 0.0, 0.0, 0.0, 0.0, 0.0, 0.0, 0.0, 0.0, 0.0, 0.0, 0.0, 0.0, 0.0, 0.0, 0.0, 0.0, 0.0, 0.0, 0.0, 0.0, 0.0, 0.0, 0.0, 0.0, 0.0, 0.0, 0.0, 0.0, 0.0, 0.0, 0.0, 0.0, 0.0, 0.0, 0.0, 0.0, 0.0, 0.0, 0.0, 0.0, 0.0, 0.0, 0.0, 0.0, 0.0, 0.0, 0.0, 0.0, 0.0, 0.0, 0.0, 0.0, 0.0, 0.0, 0.0, 0.0, 0.0, 0.0, 0.0, 0.0, 0.0, 0.0, 0.0, 0.0, 0.0, 0.0, 0.0, 0.0, 0.0, 0.0, 0.0, 0.0, 0.0, 0.0, 0.0, 0.0, 0.0, 0.0]
cong_K= Any[1, 1, 1, 1, 1, 1, 1, 1, 1, 1, 1, 1, 1, 1, 1, 1, 1, 1, 1, 1, 1, 1, 1, 1, 1, 1, 1, 1, 1, 1, 1, 1, 1, 1, 1, 1, 1, 1, 1, 1, 1, 1, 1, 1, 1, 1] 
obj_k= Any[378081, 367994, 361770, 355695, 350761, 346449, 342735, 339484, 336868, 336278, 334403, 334210, 332223, 331593, 328098, 326938, 325994, 324452, 322595, 321931, 320352, 320082, 319662, 318901, 318859, 316780, 316750, 316587, 316563, 315997, 314970, 314901, 314900, 314833, 313900, 313800, 313712, 313005, 312817, 312630, 312517, 312342, 312283, 312243, 312101, 311824] 
iter_obj = Any[1, 2, 3, 4, 5, 6, 7, 8, 9, 10, 11, 12, 13, 14, 15, 16, 18, 19, 20, 22, 24, 25, 26, 27, 28, 29, 31, 32, 33, 41, 44, 49, 50, 51, 55, 60, 65, 71, 72, 77, 79, 80, 83, 96, 101, 109] 
avgClusterDiam = 2526.4 
maxClusterDiam = 3767.0 
clusterDiamete = [2530.0; 3767.0; 2527.0; 2440.0; 2416.0; 2263.0; 3033.0; 2756.0; 3081.0; 3579.0; 1538.0; 3015.0; 1788.0; 1614.0; 1549.0]   
C = [0, 0, 0, 0, 0, 0, 0, 0, 0, 0, 0, 1, 0, 0, 0, 0, 0, 0, 0, 0, 0, 0, 0, 0, 0, 0, 0, 0, 0, 0, 0, 0, 0, 0, 0, 0, 0, 0, 0, 0, 0, 0, 0, 0, 0, 0, 0, 0, 0, 0, 0, 0, 0, 0, 0, 0, 0, 0, 0, 0, 0, 0, 0, 0, 0, 1, 0, 0, 0, 0, 0, 0, 0, 0, 0, 0, 0, 0, 0, 0, 0, 0, 0, 0, 0, 0, 1, 0, 0, 0, 0, 0, 0, 0, 0, 0, 0, 0, 0, 0, 0, 0, 0, 0, 0, 0, 0, 0, 0, 0, 0, 0, 0, 0, 0, 0, 0, 0, 0, 0, 0, 0, 0, 0, 0, 0, 0, 0, 0, 0, 0, 0, 0, 1, 0, 0, 0, 0, 0, 0, 0, 0, 0, 0, 0, 0, 0, 0, 0, 0, 0, 0, 0, 1, 0, 0, 0, 0, 0, 0, 0, 0, 0, 0, 0, 0, 0, 0, 0, 0, 0, 0, 0, 0, 0, 0, 0, 0, 0, 0, 0, 0, 0, 0, 0, 0, 0, 0, 0, 0, 0, 0, 0, 0, 0, 0, 0, 0, 0, 0, 0, 0, 0, 0, 0, 0, 0, 0, 0, 0, 0, 0, 0, 0, 1, 0, 0, 1, 0, 0, 0, 0, 0, 0, 0, 0, 0, 0, 0, 0, 0, 0, 0, 0, 0, 0, 0, 0, 0, 0, 0, 0, 0, 0, 0, 0, 0, 0, 0, 0, 0, 0, 0, 0, 0, 0, 0, 0, 0, 0, 1, 0, 0, 1, 0, 0, 0, 0, 0, 0, 0, 0, 0, 0, 0, 0, 0, 0, 0, 0, 0, 0, 0, 0, 0, 0, 0, 0, 0, 0, 0, 0, 0, 0, 0, 0, 0, 0, 1, 0, 0, 0, 0, 0, 0, 0, 0, 0, 1, 0, 0, 0, 0, 0, 0, 0, 0, 0, 0, 0, 0, 0, 0, 0, 0, 0, 0, 0, 0, 0, 0, 0, 0, 0, 0, 0, 0, 0, 0, 0, 0, 0, 0, 0, 0, 0, 0, 0, 0, 0, 0, 0, 0, 0, 0, 0, 0, 0, 0, 1, 0, 1, 0, 0, 0, 0, 0, 0, 0, 0, 0, 0, 0, 0, 0, 0, 0, 0, 0, 0, 0, 0, 0, 0, 0, 0, 0, 0, 0, 0, 0, 0, 0, 0, 0, 0, 0, 0, 0, 0, 0, 0, 0, 0, 0, 0, 0, 0, 0, 0, 0, 0, 0, 0, 1, 0, 0, 0, 0, 0, 0, 0, 0, 0, 0, 0, 0, 1, 0, 0, 0, 0, 0, 0, 0, 0, 0, 0, 0, 0, 0, 0, 0, 0, 0, 0, 0, 0, 0, 0, 0, 0]
E = [12, 261, 12, 12, 12, 12, 261, 12, 12, 264, 12, 12, 261, 66, 261, 12, 12, 12, 12, 12, 261, 261, 261, 261, 12, 264, 12, 261, 264, 264, 264, 0, 264, 261, 261, 261, 261, 0, 134, 134, 87, 261, 87, 261, 261, 154, 154, 87, 261, 261, 154, 87, 66, 154, 87, 299, 66, 261, 299, 261, 154, 66, 154, 154, 264, 66, 66, 0, 154, 154, 154, 66, 66, 0, 66, 154, 66, 261, 0, 154, 154, 87, 154, 154, 12, 12, 87, 87, 87, 87, 87, 87, 87, 87, 87, 87, 87, 87, 264, 87, 87, 87, 12, 87, 87, 87, 87, 87, 87, 87, 12, 264, 12, 12, 12, 12, 12, 134, 12, 134, 134, 87, 134, 87, 134, 134, 134, 134, 134, 134, 134, 134, 134, 134, 134, 134, 134, 134, 134, 134, 134, 154, 134, 134, 134, 154, 134, 134, 134, 154, 134, 154, 154, 154, 134, 154, 299, 134, 134, 12, 154, 154, 134, 154, 154, 66, 66, 66, 154, 66, 66, 66, 0, 12, 154, 264, 66, 66, 154, 154, 66, 299, 12, 66, 66, 218, 66, 66, 0, 66, 66, 218, 215, 261, 218, 218, 215, 215, 218, 218, 218, 215, 215, 215, 218, 215, 218, 218, 215, 215, 218, 218, 215, 215, 215, 215, 66, 218, 215, 215, 215, 218, 218, 218, 218, 66, 215, 215, 215, 215, 218, 66, 215, 218, 215, 215, 215, 215, 261, 215, 215, 215, 215, 215, 218, 218, 261, 12, 261, 66, 0, 261, 261, 12, 12, 12, 12, 218, 264, 87, 261, 87, 12, 264, 264, 264, 264, 264, 264, 12, 264, 264, 264, 264, 264, 0, 154, 154, 299, 154, 0, 299, 299, 309, 0, 66, 0, 309, 309, 0, 299, 299, 299, 299, 299, 299, 299, 299, 299, 299, 299, 360, 0, 309, 309, 309, 309, 309, 309, 309, 309, 309, 309, 309, 0, 299, 299, 299, 299, 299, 299, 299, 299, 299, 299, 360, 309, 309, 309, 309, 309, 362, 309, 362, 0, 360, 0, 360, 299, 299, 360, 360, 360, 360, 362, 362, 362, 362, 362, 362, 362, 0, 362, 362, 362, 360, 360, 360, 360, 360, 362, 362, 362, 362, 362, 362, 362, 362, 362, 362, 0, 360, 360, 360, 360, 360, 360, 0, 415, 415, 415, 0, 0, 362, 362, 362, 415, 415, 415, 415, 415, 415, 415, 415, 415, 415, 360, 0, 360, 360, 360, 428, 360, 360, 360, 428, 428, 428, 428, 428, 428, 428, 415, 415, 415, 415, 362, 415, 415, 415, 415, 415, 415, 415, 428, 428, 428, 428, 428, 428, 428, 428, 415, 415, 415, 415, 415, 415, 415, 428, 428, 428, 428, 428, 428, 428, 261, 87, 0, 264, 218, 218]
