n° iter       = 300 
neighborhood_structure = [2] 
Prioridad     = 10 
balance       = 0.2 
Len_N         = 3 
N° clusters   = 15 
N° estaciones = 452 
N° mejoras    = 17
N° iter completadas  = 199
1° FO         = 353552.0
FO            = 319568
Centros       = [8, 15, 53, 79, 87, 145, 208, 221, 273, 292, 313, 359, 381, 428, 434]
Objs= Any[353552.0, 342615, 339096, 339096, 339082, 339082, 338026, 336866, 335116, 335116, 331567, 330226, 330226, 330226, 330226, 327854, 327854, 327854, 327854, 327854, 327044, 327044, 327044, 327044, 327044, 327044, 327044, 325355, 325355, 325355, 325355, 325355, 325355, 320886, 320886, 320886, 320886, 320886, 320886, 320636, 320636, 320636, 320636, 320636, 320636, 320636, 320636, 320636, 320636, 320636, 320636, 320636, 320636, 320636, 320636, 320636, 320636, 320636, 320636, 320636, 320636, 320636, 320636, 320636, 320636, 320636, 320261, 320261, 320261, 320261, 320261, 320261, 320261, 320261, 320261, 320261, 320261, 320261, 320261, 320261, 320261, 320261, 320261, 320261, 320261, 320261, 320261, 320261, 320259, 320259, 320259, 320259, 320259, 320259, 320259, 320259, 320259, 319876, 319876, 319876, 319876, 319876, 319876, 319876, 319876, 319876, 319876, 319876, 319876, 319876, 319876, 319876, 319876, 319876, 319876, 319876, 319876, 319876, 319876, 319876, 319876, 319876, 319876, 319876, 319876, 319568, 319568, 319568, 319568, 319568, 319568, 319568, 319568, 319568, 319568, 319568, 319568, 319568, 319568, 319568, 319568, 319568, 319568, 319568, 319568, 319568, 319568, 319568, 319568, 319568, 319568, 319568, 319568, 319568, 319568, 319568, 319568, 319568, 319568, 319568, 319568, 319568, 319568, 319568, 319568, 319568, 319568, 319568, 319568, 319568, 319568, 319568, 319568, 319568, 319568, 319568, 319568, 319568, 319568, 319568, 319568, 319568, 319568, 319568, 319568, 319568, 319568, 319568, 319568, 319568, 319568, 319568, 319568, 319568, 319568, 319568, 319568, 319568, 319568, 319568]
current_obj = [342615.0, 339096.0, 341829.0, 339082.0, 340804.0, 338026.0, 336866.0, 335116.0, 338209.0, 331567.0, 330226.0, 334606.0, 332783.0, 333558.0, 327854.0, 333512.0, 328021.0, 331873.0, 341586.0, 327044.0, 328940.0, 329869.0, 327410.0, 328050.0, 331762.0, 332112.0, 325355.0, 327592.0, 325719.0, 332109.0, 328947.0, 333451.0, 320886.0, 327825.0, 322425.0, 331200.0, 328060.0, 325919.0, 320636.0, 324477.0, 323428.0, 327765.0, 329322.0, 323713.0, 328719.0, 330360.0, 323823.0, 326663.0, 325839.0, 321241.0, 325464.0, 324666.0, 326053.0, 324924.0, 328062.0, 323523.0, 323763.0, 326438.0, 323265.0, 329558.0, 328207.0, 322690.0, 326113.0, 326831.0, 324045.0, 320261.0, 325359.0, 325963.0, 326100.0, 324217.0, 321989.0, 322520.0, 321975.0, 324268.0, 322117.0, 328101.0, 327716.0, 322997.0, 322547.0, 323685.0, 323234.0, 320781.0, 327688.0, 321008.0, 324046.0, 321900.0, 323409.0, 320259.0, 321638.0, 330448.0, 322631.0, 321839.0, 321162.0, 320758.0, 328138.0, 323865.0, 319876.0, 323325.0, 320840.0, 329251.0, 320282.0, 321368.0, 324726.0, 321658.0, 321663.0, 327667.0, 323985.0, 321185.0, 326766.0, 322946.0, 326129.0, 324969.0, 320120.0, 322567.0, 321927.0, 322647.0, 323197.0, 320648.0, 321920.0, 330258.0, 327002.0, 332458.0, 328777.0, 319940.0, 319568.0, 326503.0, 322451.0, 326463.0, 321631.0, 321166.0, 327232.0, 323724.0, 323784.0, 332403.0, 321878.0, 328531.0, 324787.0, 328123.0, 323043.0, 322252.0, 322021.0, 325383.0, 326679.0, 319830.0, 321888.0, 330598.0, 324262.0, 322259.0, 322854.0, 326191.0, 329496.0, 324270.0, 324090.0, 322965.0, 320088.0, 325490.0, 325557.0, 321567.0, 328065.0, 324016.0, 321161.0, 321134.0, 323273.0, 322253.0, 320687.0, 322809.0, 327379.0, 328964.0, 329952.0, 320996.0, 326020.0, 324705.0, 320356.0, 326217.0, 331193.0, 325195.0, 323053.0, 325713.0, 324406.0, 324044.0, 325940.0, 320042.0, 327585.0, 329186.0, 323492.0, 324958.0, 320067.0, 324805.0, 325676.0, 321253.0, 320675.0, 323329.0, 326828.0, 321170.0, 319762.0, 325557.0, 321963.0, 328600.0, 320841.0, 324544.0, 0.0, 0.0, 0.0, 0.0, 0.0, 0.0, 0.0, 0.0, 0.0, 0.0, 0.0, 0.0, 0.0, 0.0, 0.0, 0.0, 0.0, 0.0, 0.0, 0.0, 0.0, 0.0, 0.0, 0.0, 0.0, 0.0, 0.0, 0.0, 0.0, 0.0, 0.0, 0.0, 0.0, 0.0, 0.0, 0.0, 0.0, 0.0, 0.0, 0.0, 0.0, 0.0, 0.0, 0.0, 0.0, 0.0, 0.0, 0.0, 0.0, 0.0, 0.0, 0.0, 0.0, 0.0, 0.0, 0.0, 0.0, 0.0, 0.0, 0.0, 0.0, 0.0, 0.0, 0.0, 0.0, 0.0, 0.0, 0.0, 0.0, 0.0, 0.0, 0.0, 0.0, 0.0, 0.0, 0.0, 0.0, 0.0, 0.0, 0.0, 0.0, 0.0, 0.0, 0.0, 0.0, 0.0, 0.0, 0.0, 0.0, 0.0, 0.0, 0.0, 0.0, 0.0, 0.0, 0.0, 0.0, 0.0, 0.0, 0.0]
cong_K= Any[2, 2, 2, 2, 2, 2, 2, 2, 2, 2, 2, 2, 2, 2, 2, 2, 2] 
obj_k= Any[342615, 339096, 339082, 338026, 336866, 335116, 331567, 330226, 327854, 327044, 325355, 320886, 320636, 320261, 320259, 319876, 319568] 
iter_obj = Any[1, 2, 4, 6, 7, 8, 10, 11, 15, 20, 27, 33, 39, 66, 88, 97, 125] 
avgClusterDiam = 2603.4 
maxClusterDiam = 3803.0 
clusterDiamete = [2338.0; 2661.0; 3431.0; 3057.0; 2527.0; 2739.0; 3495.0; 2263.0; 2779.0; 3803.0; 2023.0; 2838.0; 2032.0; 1500.0; 1565.0]   
C = [0, 0, 0, 0, 0, 0, 0, 1, 0, 0, 0, 0, 0, 0, 1, 0, 0, 0, 0, 0, 0, 0, 0, 0, 0, 0, 0, 0, 0, 0, 0, 0, 0, 0, 0, 0, 0, 0, 0, 0, 0, 0, 0, 0, 0, 0, 0, 0, 0, 0, 0, 0, 1, 0, 0, 0, 0, 0, 0, 0, 0, 0, 0, 0, 0, 0, 0, 0, 0, 0, 0, 0, 0, 0, 0, 0, 0, 0, 1, 0, 0, 0, 0, 0, 0, 0, 1, 0, 0, 0, 0, 0, 0, 0, 0, 0, 0, 0, 0, 0, 0, 0, 0, 0, 0, 0, 0, 0, 0, 0, 0, 0, 0, 0, 0, 0, 0, 0, 0, 0, 0, 0, 0, 0, 0, 0, 0, 0, 0, 0, 0, 0, 0, 0, 0, 0, 0, 0, 0, 0, 0, 0, 0, 0, 1, 0, 0, 0, 0, 0, 0, 0, 0, 0, 0, 0, 0, 0, 0, 0, 0, 0, 0, 0, 0, 0, 0, 0, 0, 0, 0, 0, 0, 0, 0, 0, 0, 0, 0, 0, 0, 0, 0, 0, 0, 0, 0, 0, 0, 0, 0, 0, 0, 0, 0, 0, 0, 0, 0, 0, 0, 0, 0, 0, 0, 0, 0, 1, 0, 0, 0, 0, 0, 0, 0, 0, 0, 0, 0, 0, 1, 0, 0, 0, 0, 0, 0, 0, 0, 0, 0, 0, 0, 0, 0, 0, 0, 0, 0, 0, 0, 0, 0, 0, 0, 0, 0, 0, 0, 0, 0, 0, 0, 0, 0, 0, 0, 0, 0, 0, 0, 0, 0, 0, 0, 0, 0, 0, 0, 0, 0, 0, 1, 0, 0, 0, 0, 0, 0, 0, 0, 0, 0, 0, 0, 0, 0, 0, 0, 0, 0, 1, 0, 0, 0, 0, 0, 0, 0, 0, 0, 0, 0, 0, 0, 0, 0, 0, 0, 0, 0, 0, 1, 0, 0, 0, 0, 0, 0, 0, 0, 0, 0, 0, 0, 0, 0, 0, 0, 0, 0, 0, 0, 0, 0, 0, 0, 0, 0, 0, 0, 0, 0, 0, 0, 0, 0, 0, 0, 0, 0, 0, 0, 0, 0, 0, 0, 0, 1, 0, 0, 0, 0, 0, 0, 0, 0, 0, 0, 0, 0, 0, 0, 0, 0, 0, 0, 0, 0, 0, 1, 0, 0, 0, 0, 0, 0, 0, 0, 0, 0, 0, 0, 0, 0, 0, 0, 0, 0, 0, 0, 0, 0, 0, 0, 0, 0, 0, 0, 0, 0, 0, 0, 0, 0, 0, 0, 0, 0, 0, 0, 0, 0, 0, 0, 0, 0, 1, 0, 0, 0, 0, 0, 1, 0, 0, 0, 0, 0, 0, 0, 0, 0, 0, 0, 0, 0, 0, 0, 0, 0, 0]
E = [15, 15, 8, 15, 8, 8, 15, 8, 8, 273, 8, 8, 53, 79, 15, 15, 8, 8, 8, 8, 15, 15, 15, 15, 15, 8, 8, 15, 273, 273, 273, 15, 145, 15, 15, 53, 15, 79, 145, 15, 87, 15, 87, 53, 15, 79, 145, 87, 53, 53, 145, 87, 53, 79, 87, 292, 53, 53, 292, 53, 79, 53, 79, 145, 273, 53, 53, 79, 79, 79, 79, 53, 79, 79, 79, 79, 79, 53, 79, 79, 79, 87, 79, 79, 8, 8, 87, 87, 87, 87, 87, 87, 87, 87, 87, 87, 87, 87, 273, 87, 87, 87, 15, 87, 87, 87, 87, 87, 87, 87, 15, 8, 8, 8, 8, 8, 8, 8, 8, 8, 8, 87, 8, 87, 8, 145, 8, 145, 145, 145, 145, 8, 8, 292, 145, 145, 145, 145, 145, 145, 145, 145, 145, 145, 145, 145, 145, 145, 145, 145, 145, 145, 145, 79, 145, 145, 292, 145, 145, 15, 145, 145, 145, 79, 145, 53, 79, 79, 79, 53, 79, 79, 79, 8, 79, 273, 53, 79, 79, 79, 79, 292, 15, 53, 53, 208, 53, 53, 53, 53, 53, 221, 221, 15, 208, 208, 221, 221, 208, 208, 208, 208, 221, 208, 208, 221, 53, 208, 221, 221, 208, 208, 221, 221, 221, 208, 53, 208, 221, 221, 221, 208, 208, 208, 208, 53, 221, 221, 221, 221, 208, 15, 221, 208, 221, 221, 221, 221, 15, 221, 221, 208, 208, 221, 208, 208, 15, 15, 15, 53, 15, 15, 15, 8, 15, 8, 15, 208, 8, 87, 15, 87, 8, 273, 273, 273, 273, 273, 273, 8, 273, 273, 273, 273, 8, 145, 145, 292, 292, 145, 292, 292, 292, 292, 79, 79, 79, 313, 79, 313, 292, 292, 292, 292, 292, 292, 292, 292, 292, 292, 313, 359, 313, 313, 313, 313, 313, 313, 313, 313, 313, 313, 313, 313, 313, 313, 292, 292, 292, 292, 359, 359, 292, 292, 313, 359, 313, 313, 313, 313, 313, 313, 313, 381, 359, 359, 292, 359, 359, 359, 359, 359, 359, 359, 313, 381, 313, 313, 313, 313, 313, 313, 381, 381, 381, 359, 359, 359, 359, 359, 381, 313, 381, 313, 381, 381, 381, 381, 381, 381, 381, 381, 359, 359, 359, 359, 359, 359, 381, 381, 381, 381, 381, 381, 381, 381, 381, 381, 381, 381, 381, 381, 381, 434, 381, 381, 359, 359, 359, 359, 359, 428, 359, 359, 428, 428, 428, 428, 428, 428, 428, 428, 434, 381, 381, 381, 381, 381, 381, 381, 381, 434, 434, 434, 434, 434, 434, 428, 428, 428, 428, 428, 434, 434, 434, 434, 434, 434, 434, 434, 434, 428, 428, 428, 428, 428, 53, 87, 53, 273, 221, 208]
