n° iter       = 300 
neighborhood_structure = [1] 
Prioridad     = 10 
balance       = 0.2 
Len_N         = 3 
N° clusters   = 15 
N° estaciones = 452 
N° mejoras    = 30
N° iter completadas  = 104
1° FO         = 377158.0
FO            = 320791
Centros       = [19, 22, 66, 102, 141, 180, 214, 223, 265, 313, 324, 382, 400, 429, 434]
Objs= Any[377158.0, 373041, 360263, 355040, 352849, 351821, 351373, 350679, 339426, 339117, 339117, 339117, 339117, 339117, 338618, 338618, 337246, 337246, 337246, 337246, 337246, 336481, 336481, 335249, 334143, 332240, 332240, 332240, 332240, 331756, 328996, 328996, 328996, 328512, 328512, 328512, 328512, 328512, 328512, 328512, 328512, 328512, 328238, 328238, 328238, 328238, 328238, 328238, 328238, 328238, 328238, 328238, 328214, 328214, 328214, 328214, 328214, 328214, 326995, 326908, 326908, 325130, 325130, 325130, 325130, 324918, 324918, 322914, 322914, 322914, 322152, 322152, 322152, 322152, 322152, 322152, 321810, 321810, 321810, 321810, 321810, 321810, 321810, 321810, 321810, 321810, 321810, 321810, 321810, 321810, 321810, 321810, 321810, 321810, 321810, 321810, 321810, 321810, 320890, 320890, 320890, 320860, 320860, 320791, 320791]
current_obj = [373041.0, 360263.0, 355040.0, 352849.0, 351821.0, 351373.0, 350679.0, 339426.0, 339117.0, 339208.0, 339204.0, 343572.0, 341335.0, 338618.0, 342414.0, 337246.0, 341695.0, 340029.0, 337681.0, 340039.0, 336481.0, 338244.0, 335249.0, 334143.0, 332240.0, 334410.0, 332723.0, 332674.0, 331756.0, 328996.0, 329754.0, 330999.0, 328512.0, 328652.0, 329689.0, 332781.0, 328989.0, 328612.0, 329773.0, 332632.0, 329371.0, 328238.0, 330015.0, 329715.0, 329317.0, 328944.0, 329286.0, 329125.0, 328657.0, 331365.0, 330184.0, 328214.0, 328920.0, 329358.0, 328750.0, 329005.0, 328456.0, 326995.0, 326908.0, 329802.0, 325130.0, 329487.0, 325448.0, 326764.0, 324918.0, 325368.0, 322914.0, 323065.0, 324691.0, 322152.0, 325061.0, 324000.0, 326777.0, 322850.0, 323815.0, 321810.0, 324580.0, 321991.0, 324740.0, 323464.0, 322236.0, 322861.0, 323340.0, 322039.0, 323838.0, 322327.0, 324629.0, 327316.0, 322465.0, 322807.0, 323395.0, 325898.0, 326787.0, 322712.0, 324390.0, 322056.0, 322807.0, 320890.0, 328574.0, 323749.0, 320860.0, 321489.0, 320791.0, 321147.0, 324349.0, 0.0, 0.0, 0.0, 0.0, 0.0, 0.0, 0.0, 0.0, 0.0, 0.0, 0.0, 0.0, 0.0, 0.0, 0.0, 0.0, 0.0, 0.0, 0.0, 0.0, 0.0, 0.0, 0.0, 0.0, 0.0, 0.0, 0.0, 0.0, 0.0, 0.0, 0.0, 0.0, 0.0, 0.0, 0.0, 0.0, 0.0, 0.0, 0.0, 0.0, 0.0, 0.0, 0.0, 0.0, 0.0, 0.0, 0.0, 0.0, 0.0, 0.0, 0.0, 0.0, 0.0, 0.0, 0.0, 0.0, 0.0, 0.0, 0.0, 0.0, 0.0, 0.0, 0.0, 0.0, 0.0, 0.0, 0.0, 0.0, 0.0, 0.0, 0.0, 0.0, 0.0, 0.0, 0.0, 0.0, 0.0, 0.0, 0.0, 0.0, 0.0, 0.0, 0.0, 0.0, 0.0, 0.0, 0.0, 0.0, 0.0, 0.0, 0.0, 0.0, 0.0, 0.0, 0.0, 0.0, 0.0, 0.0, 0.0, 0.0, 0.0, 0.0, 0.0, 0.0, 0.0, 0.0, 0.0, 0.0, 0.0, 0.0, 0.0, 0.0, 0.0, 0.0, 0.0, 0.0, 0.0, 0.0, 0.0, 0.0, 0.0, 0.0, 0.0, 0.0, 0.0, 0.0, 0.0, 0.0, 0.0, 0.0, 0.0, 0.0, 0.0, 0.0, 0.0, 0.0, 0.0, 0.0, 0.0, 0.0, 0.0, 0.0, 0.0, 0.0, 0.0, 0.0, 0.0, 0.0, 0.0, 0.0, 0.0, 0.0, 0.0, 0.0, 0.0, 0.0, 0.0, 0.0, 0.0, 0.0, 0.0, 0.0, 0.0, 0.0, 0.0, 0.0, 0.0, 0.0, 0.0, 0.0, 0.0, 0.0, 0.0, 0.0, 0.0, 0.0, 0.0, 0.0, 0.0, 0.0, 0.0, 0.0, 0.0, 0.0, 0.0, 0.0, 0.0, 0.0, 0.0, 0.0, 0.0, 0.0, 0.0, 0.0, 0.0]
cong_K= Any[1, 1, 1, 1, 1, 1, 1, 1, 1, 1, 1, 1, 1, 1, 1, 1, 1, 1, 1, 1, 1, 1, 1, 1, 1, 1, 1, 1, 1, 1] 
obj_k= Any[373041, 360263, 355040, 352849, 351821, 351373, 350679, 339426, 339117, 338618, 337246, 336481, 335249, 334143, 332240, 331756, 328996, 328512, 328238, 328214, 326995, 326908, 325130, 324918, 322914, 322152, 321810, 320890, 320860, 320791] 
iter_obj = Any[1, 2, 3, 4, 5, 6, 7, 8, 9, 14, 16, 21, 23, 24, 25, 29, 30, 33, 42, 52, 58, 59, 61, 65, 67, 70, 76, 98, 101, 103] 
avgClusterDiam = 2661.733333333333 
maxClusterDiam = 3775.0 
clusterDiamete = [2892.0; 3302.0; 3775.0; 2527.0; 2592.0; 3003.0; 2263.0; 3033.0; 2779.0; 3328.0; 3053.0; 2223.0; 2541.0; 1302.0; 1313.0]   
C = [0, 0, 0, 0, 0, 0, 0, 0, 0, 0, 0, 0, 0, 0, 0, 0, 0, 0, 1, 0, 0, 1, 0, 0, 0, 0, 0, 0, 0, 0, 0, 0, 0, 0, 0, 0, 0, 0, 0, 0, 0, 0, 0, 0, 0, 0, 0, 0, 0, 0, 0, 0, 0, 0, 0, 0, 0, 0, 0, 0, 0, 0, 0, 0, 0, 1, 0, 0, 0, 0, 0, 0, 0, 0, 0, 0, 0, 0, 0, 0, 0, 0, 0, 0, 0, 0, 0, 0, 0, 0, 0, 0, 0, 0, 0, 0, 0, 0, 0, 0, 0, 1, 0, 0, 0, 0, 0, 0, 0, 0, 0, 0, 0, 0, 0, 0, 0, 0, 0, 0, 0, 0, 0, 0, 0, 0, 0, 0, 0, 0, 0, 0, 0, 0, 0, 0, 0, 0, 0, 0, 1, 0, 0, 0, 0, 0, 0, 0, 0, 0, 0, 0, 0, 0, 0, 0, 0, 0, 0, 0, 0, 0, 0, 0, 0, 0, 0, 0, 0, 0, 0, 0, 0, 0, 0, 0, 0, 0, 0, 1, 0, 0, 0, 0, 0, 0, 0, 0, 0, 0, 0, 0, 0, 0, 0, 0, 0, 0, 0, 0, 0, 0, 0, 0, 0, 0, 0, 0, 0, 0, 0, 0, 0, 1, 0, 0, 0, 0, 0, 0, 0, 0, 1, 0, 0, 0, 0, 0, 0, 0, 0, 0, 0, 0, 0, 0, 0, 0, 0, 0, 0, 0, 0, 0, 0, 0, 0, 0, 0, 0, 0, 0, 0, 0, 0, 0, 0, 0, 0, 0, 0, 0, 0, 0, 1, 0, 0, 0, 0, 0, 0, 0, 0, 0, 0, 0, 0, 0, 0, 0, 0, 0, 0, 0, 0, 0, 0, 0, 0, 0, 0, 0, 0, 0, 0, 0, 0, 0, 0, 0, 0, 0, 0, 0, 0, 0, 0, 0, 0, 0, 0, 0, 1, 0, 0, 0, 0, 0, 0, 0, 0, 0, 0, 1, 0, 0, 0, 0, 0, 0, 0, 0, 0, 0, 0, 0, 0, 0, 0, 0, 0, 0, 0, 0, 0, 0, 0, 0, 0, 0, 0, 0, 0, 0, 0, 0, 0, 0, 0, 0, 0, 0, 0, 0, 0, 0, 0, 0, 0, 0, 0, 0, 0, 0, 0, 0, 0, 0, 0, 0, 0, 1, 0, 0, 0, 0, 0, 0, 0, 0, 0, 0, 0, 0, 0, 0, 0, 0, 0, 1, 0, 0, 0, 0, 0, 0, 0, 0, 0, 0, 0, 0, 0, 0, 0, 0, 0, 0, 0, 0, 0, 0, 0, 0, 0, 0, 0, 0, 1, 0, 0, 0, 0, 1, 0, 0, 0, 0, 0, 0, 0, 0, 0, 0, 0, 0, 0, 0, 0, 0, 0, 0]
E = [19, 22, 19, 19, 19, 19, 22, 19, 19, 265, 19, 19, 66, 66, 22, 19, 19, 19, 19, 19, 22, 22, 22, 22, 19, 265, 19, 22, 265, 265, 265, 22, 19, 22, 22, 22, 22, 66, 141, 22, 19, 22, 265, 22, 22, 180, 141, 102, 22, 66, 180, 102, 66, 180, 102, 180, 66, 66, 180, 22, 180, 66, 180, 141, 265, 66, 66, 180, 180, 180, 66, 66, 66, 313, 66, 180, 66, 66, 66, 180, 180, 102, 180, 180, 19, 19, 265, 102, 102, 102, 102, 102, 102, 102, 102, 102, 102, 102, 265, 102, 102, 102, 22, 102, 102, 102, 102, 102, 102, 102, 19, 19, 19, 19, 19, 265, 19, 19, 19, 19, 19, 102, 19, 102, 19, 141, 19, 141, 141, 141, 141, 141, 141, 141, 141, 141, 141, 141, 141, 141, 141, 180, 141, 141, 141, 180, 141, 141, 141, 141, 141, 180, 180, 180, 141, 141, 324, 141, 141, 19, 180, 180, 141, 180, 180, 66, 66, 66, 180, 66, 66, 66, 180, 265, 180, 265, 66, 66, 180, 180, 180, 180, 19, 66, 66, 223, 66, 66, 66, 66, 66, 223, 214, 22, 223, 223, 214, 214, 223, 223, 223, 223, 214, 214, 223, 214, 22, 223, 214, 223, 223, 223, 214, 214, 214, 223, 66, 223, 214, 214, 214, 223, 223, 223, 223, 66, 214, 223, 214, 214, 223, 66, 223, 223, 214, 214, 214, 223, 22, 214, 214, 214, 214, 214, 223, 22, 22, 19, 22, 66, 22, 22, 22, 19, 19, 19, 19, 223, 265, 102, 22, 102, 19, 265, 265, 265, 265, 265, 265, 265, 265, 265, 265, 265, 265, 141, 141, 180, 180, 141, 180, 180, 180, 180, 180, 66, 66, 313, 180, 324, 180, 180, 180, 324, 180, 180, 180, 180, 324, 324, 313, 324, 313, 313, 313, 313, 313, 313, 313, 313, 313, 313, 313, 313, 313, 324, 324, 324, 324, 324, 324, 324, 324, 324, 324, 382, 313, 313, 313, 313, 313, 313, 313, 313, 400, 324, 324, 324, 324, 324, 324, 324, 324, 324, 324, 324, 313, 313, 313, 313, 313, 313, 382, 382, 382, 324, 324, 324, 324, 324, 382, 313, 382, 313, 382, 382, 382, 382, 382, 382, 382, 400, 400, 400, 400, 400, 400, 400, 400, 382, 382, 382, 382, 382, 382, 382, 382, 382, 382, 382, 382, 382, 382, 382, 400, 400, 400, 400, 400, 400, 400, 400, 400, 400, 400, 429, 429, 429, 429, 429, 400, 400, 434, 382, 382, 382, 382, 382, 382, 382, 382, 434, 434, 434, 434, 434, 429, 429, 429, 429, 429, 429, 434, 434, 434, 400, 434, 434, 434, 434, 434, 429, 429, 429, 429, 429, 22, 102, 66, 265, 223, 223]
