n° iter       = 300 
neighborhood_structure = [2] 
Prioridad     = 10 
balance       = 0.2 
Len_N         = 9 
N° clusters   = 15 
N° estaciones = 452 
N° mejoras    = 24
N° iter completadas  = 136
1° FO         = 368452.0
FO            = 313835
Centros       = [15, 66, 81, 87, 115, 141, 206, 224, 265, 294, 314, 360, 369, 414, 428]
Objs= Any[368452.0, 354148, 346518, 343122, 340913, 339078, 337453, 334458, 331055, 329521, 329521, 327038, 327038, 327038, 325855, 325855, 324547, 324547, 322647, 322647, 322647, 321019, 321019, 321019, 320879, 319943, 319626, 319159, 319159, 319159, 319159, 318494, 318494, 318494, 318494, 318494, 316516, 316516, 316516, 316516, 316516, 316516, 316516, 316494, 316494, 316494, 316248, 316248, 316248, 314899, 314899, 314899, 314899, 314899, 314899, 314899, 314899, 314899, 314899, 314899, 314899, 314899, 313835, 313835, 313835, 313835, 313835, 313835, 313835, 313835, 313835, 313835, 313835, 313835, 313835, 313835, 313835, 313835, 313835, 313835, 313835, 313835, 313835, 313835, 313835, 313835, 313835, 313835, 313835, 313835, 313835, 313835, 313835, 313835, 313835, 313835, 313835, 313835, 313835, 313835, 313835, 313835, 313835, 313835, 313835, 313835, 313835, 313835, 313835, 313835, 313835, 313835, 313835, 313835, 313835, 313835, 313835, 313835, 313835, 313835, 313835, 313835, 313835, 313835, 313835, 313835, 313835, 313835, 313835, 313835, 313835, 313835, 313835, 313835, 313835, 313835, 313835]
current_obj = [354148.0, 346518.0, 343122.0, 340913.0, 339078.0, 337453.0, 334458.0, 331055.0, 329521.0, 330614.0, 327038.0, 328250.0, 327612.0, 325855.0, 327635.0, 324547.0, 325643.0, 322647.0, 325162.0, 325203.0, 321019.0, 321943.0, 323043.0, 320879.0, 319943.0, 319626.0, 319159.0, 320418.0, 321406.0, 320204.0, 318494.0, 323118.0, 320247.0, 320291.0, 319301.0, 316516.0, 320431.0, 319155.0, 319272.0, 321670.0, 318967.0, 319050.0, 316494.0, 316724.0, 317562.0, 316248.0, 319049.0, 319823.0, 314899.0, 318285.0, 319350.0, 317033.0, 316493.0, 315962.0, 317174.0, 316926.0, 315656.0, 317706.0, 321348.0, 317323.0, 315862.0, 313835.0, 315498.0, 315226.0, 317563.0, 317481.0, 314447.0, 314583.0, 320566.0, 317967.0, 318854.0, 315346.0, 317215.0, 316655.0, 315392.0, 318160.0, 314450.0, 316132.0, 316911.0, 315983.0, 318019.0, 315851.0, 317011.0, 315350.0, 316399.0, 315286.0, 316286.0, 316144.0, 317905.0, 320017.0, 317125.0, 315695.0, 318837.0, 316424.0, 315613.0, 314332.0, 315609.0, 318703.0, 317205.0, 313949.0, 314707.0, 314688.0, 319282.0, 318395.0, 314948.0, 316040.0, 315724.0, 314465.0, 316255.0, 316508.0, 317877.0, 318914.0, 315346.0, 317087.0, 315154.0, 316356.0, 314473.0, 317217.0, 315762.0, 316078.0, 314161.0, 315822.0, 314074.0, 316177.0, 317180.0, 315981.0, 315785.0, 317923.0, 315205.0, 316397.0, 315404.0, 316117.0, 315098.0, 315010.0, 318556.0, 313900.0, 317879.0, 0.0, 0.0, 0.0, 0.0, 0.0, 0.0, 0.0, 0.0, 0.0, 0.0, 0.0, 0.0, 0.0, 0.0, 0.0, 0.0, 0.0, 0.0, 0.0, 0.0, 0.0, 0.0, 0.0, 0.0, 0.0, 0.0, 0.0, 0.0, 0.0, 0.0, 0.0, 0.0, 0.0, 0.0, 0.0, 0.0, 0.0, 0.0, 0.0, 0.0, 0.0, 0.0, 0.0, 0.0, 0.0, 0.0, 0.0, 0.0, 0.0, 0.0, 0.0, 0.0, 0.0, 0.0, 0.0, 0.0, 0.0, 0.0, 0.0, 0.0, 0.0, 0.0, 0.0, 0.0, 0.0, 0.0, 0.0, 0.0, 0.0, 0.0, 0.0, 0.0, 0.0, 0.0, 0.0, 0.0, 0.0, 0.0, 0.0, 0.0, 0.0, 0.0, 0.0, 0.0, 0.0, 0.0, 0.0, 0.0, 0.0, 0.0, 0.0, 0.0, 0.0, 0.0, 0.0, 0.0, 0.0, 0.0, 0.0, 0.0, 0.0, 0.0, 0.0, 0.0, 0.0, 0.0, 0.0, 0.0, 0.0, 0.0, 0.0, 0.0, 0.0, 0.0, 0.0, 0.0, 0.0, 0.0, 0.0, 0.0, 0.0, 0.0, 0.0, 0.0, 0.0, 0.0, 0.0, 0.0, 0.0, 0.0, 0.0, 0.0, 0.0, 0.0, 0.0, 0.0, 0.0, 0.0, 0.0, 0.0, 0.0, 0.0, 0.0, 0.0, 0.0, 0.0, 0.0, 0.0, 0.0, 0.0, 0.0, 0.0, 0.0, 0.0, 0.0, 0.0, 0.0, 0.0, 0.0, 0.0, 0.0, 0.0, 0.0]
cong_K= Any[2, 2, 2, 2, 2, 2, 2, 2, 2, 2, 2, 2, 2, 2, 2, 2, 2, 2, 2, 2, 2, 2, 2, 2] 
obj_k= Any[354148, 346518, 343122, 340913, 339078, 337453, 334458, 331055, 329521, 327038, 325855, 324547, 322647, 321019, 320879, 319943, 319626, 319159, 318494, 316516, 316494, 316248, 314899, 313835] 
iter_obj = Any[1, 2, 3, 4, 5, 6, 7, 8, 9, 11, 14, 16, 18, 21, 24, 25, 26, 27, 31, 36, 43, 46, 49, 62] 
avgClusterDiam = 2642.9333333333334 
maxClusterDiam = 3775.0 
clusterDiamete = [2986.0; 3775.0; 2718.0; 2595.0; 2140.0; 2544.0; 2263.0; 3454.0; 2779.0; 3579.0; 2216.0; 3319.0; 1904.0; 1823.0; 1549.0]   
C = [0, 0, 0, 0, 0, 0, 0, 0, 0, 0, 0, 0, 0, 0, 1, 0, 0, 0, 0, 0, 0, 0, 0, 0, 0, 0, 0, 0, 0, 0, 0, 0, 0, 0, 0, 0, 0, 0, 0, 0, 0, 0, 0, 0, 0, 0, 0, 0, 0, 0, 0, 0, 0, 0, 0, 0, 0, 0, 0, 0, 0, 0, 0, 0, 0, 1, 0, 0, 0, 0, 0, 0, 0, 0, 0, 0, 0, 0, 0, 0, 1, 0, 0, 0, 0, 0, 1, 0, 0, 0, 0, 0, 0, 0, 0, 0, 0, 0, 0, 0, 0, 0, 0, 0, 0, 0, 0, 0, 0, 0, 0, 0, 0, 0, 1, 0, 0, 0, 0, 0, 0, 0, 0, 0, 0, 0, 0, 0, 0, 0, 0, 0, 0, 0, 0, 0, 0, 0, 0, 0, 1, 0, 0, 0, 0, 0, 0, 0, 0, 0, 0, 0, 0, 0, 0, 0, 0, 0, 0, 0, 0, 0, 0, 0, 0, 0, 0, 0, 0, 0, 0, 0, 0, 0, 0, 0, 0, 0, 0, 0, 0, 0, 0, 0, 0, 0, 0, 0, 0, 0, 0, 0, 0, 0, 0, 0, 0, 0, 0, 0, 0, 0, 0, 0, 0, 1, 0, 0, 0, 0, 0, 0, 0, 0, 0, 0, 0, 0, 0, 0, 0, 0, 0, 1, 0, 0, 0, 0, 0, 0, 0, 0, 0, 0, 0, 0, 0, 0, 0, 0, 0, 0, 0, 0, 0, 0, 0, 0, 0, 0, 0, 0, 0, 0, 0, 0, 0, 0, 0, 0, 0, 0, 0, 0, 1, 0, 0, 0, 0, 0, 0, 0, 0, 0, 0, 0, 0, 0, 0, 0, 0, 0, 0, 0, 0, 0, 0, 0, 0, 0, 0, 0, 0, 1, 0, 0, 0, 0, 0, 0, 0, 0, 0, 0, 0, 0, 0, 0, 0, 0, 0, 0, 0, 1, 0, 0, 0, 0, 0, 0, 0, 0, 0, 0, 0, 0, 0, 0, 0, 0, 0, 0, 0, 0, 0, 0, 0, 0, 0, 0, 0, 0, 0, 0, 0, 0, 0, 0, 0, 0, 0, 0, 0, 0, 0, 0, 0, 0, 0, 1, 0, 0, 0, 0, 0, 0, 0, 0, 1, 0, 0, 0, 0, 0, 0, 0, 0, 0, 0, 0, 0, 0, 0, 0, 0, 0, 0, 0, 0, 0, 0, 0, 0, 0, 0, 0, 0, 0, 0, 0, 0, 0, 0, 0, 0, 0, 0, 0, 0, 0, 0, 0, 0, 1, 0, 0, 0, 0, 0, 0, 0, 0, 0, 0, 0, 0, 0, 1, 0, 0, 0, 0, 0, 0, 0, 0, 0, 0, 0, 0, 0, 0, 0, 0, 0, 0, 0, 0, 0, 0, 0, 0]
E = [15, 15, 115, 15, 115, 115, 15, 115, 115, 265, 115, 115, 66, 66, 15, 15, 115, 115, 115, 115, 15, 15, 15, 15, 15, 265, 115, 15, 265, 265, 265, 15, 81, 15, 15, 66, 15, 81, 15, 15, 87, 15, 87, 15, 15, 81, 141, 87, 15, 66, 81, 87, 66, 81, 87, 294, 66, 66, 294, 66, 81, 66, 66, 81, 265, 66, 66, 66, 81, 81, 81, 66, 66, 294, 66, 81, 66, 66, 66, 81, 81, 87, 81, 81, 115, 115, 87, 87, 87, 87, 87, 87, 87, 87, 87, 87, 87, 87, 265, 87, 87, 87, 15, 87, 87, 87, 87, 115, 87, 87, 15, 115, 115, 115, 115, 115, 115, 115, 115, 115, 115, 87, 141, 87, 115, 141, 115, 141, 141, 141, 141, 141, 141, 141, 141, 141, 141, 141, 141, 141, 141, 81, 141, 141, 141, 81, 141, 141, 141, 81, 141, 81, 81, 81, 141, 81, 294, 141, 141, 15, 81, 81, 141, 81, 81, 66, 66, 66, 81, 66, 66, 66, 81, 115, 81, 265, 66, 66, 81, 81, 81, 294, 15, 66, 66, 224, 66, 66, 66, 224, 66, 224, 206, 15, 224, 224, 206, 206, 224, 224, 224, 206, 206, 206, 224, 206, 224, 224, 206, 206, 224, 224, 206, 206, 206, 206, 66, 224, 206, 206, 206, 224, 224, 224, 224, 66, 206, 224, 206, 206, 224, 66, 224, 224, 206, 206, 206, 224, 224, 206, 206, 206, 206, 206, 224, 224, 15, 15, 15, 66, 15, 15, 15, 115, 115, 115, 115, 224, 265, 87, 15, 87, 115, 265, 265, 265, 265, 87, 265, 115, 265, 265, 265, 265, 265, 294, 81, 81, 294, 141, 294, 294, 294, 314, 66, 66, 66, 314, 314, 360, 314, 294, 294, 294, 294, 294, 294, 294, 294, 314, 314, 360, 314, 314, 314, 314, 314, 314, 314, 314, 314, 314, 314, 314, 314, 314, 294, 294, 294, 294, 294, 294, 294, 294, 314, 360, 314, 314, 314, 314, 314, 369, 314, 369, 369, 360, 360, 360, 360, 294, 360, 360, 360, 360, 369, 369, 369, 314, 314, 369, 314, 314, 369, 369, 369, 369, 360, 360, 360, 360, 369, 369, 369, 369, 369, 369, 369, 369, 369, 369, 369, 369, 360, 360, 360, 360, 360, 360, 414, 414, 369, 369, 369, 369, 369, 369, 369, 369, 369, 414, 414, 414, 414, 414, 414, 414, 414, 414, 360, 360, 360, 428, 360, 360, 360, 428, 428, 428, 428, 428, 428, 428, 414, 414, 414, 414, 369, 414, 414, 414, 414, 414, 414, 414, 414, 428, 428, 428, 428, 428, 428, 428, 414, 414, 414, 414, 414, 414, 414, 428, 428, 428, 428, 428, 428, 428, 15, 87, 66, 265, 224, 224]
