n° iter       = 300 
neighborhood_structure = [1] 
Prioridad     = 10 
balance       = 0.2 
Len_N         = 1 
N° clusters   = 15 
N° estaciones = 452 
N° mejoras    = 24
N° iter completadas  = 98
1° FO         = 366335.0
FO            = 320461
Centros       = [14, 66, 84, 87, 115, 145, 206, 223, 275, 313, 319, 353, 397, 422, 431]
Objs= Any[366335.0, 366335.0, 366313, 361652, 356586, 356266, 356266, 353528, 343480, 343256, 343256, 343256, 339225, 339225, 339225, 339225, 339029, 339029, 339029, 339029, 338490, 338490, 338490, 338490, 338490, 338490, 338490, 338490, 336706, 336706, 336706, 336706, 336706, 336706, 336666, 336666, 335687, 335687, 335687, 335687, 335687, 335687, 335131, 335131, 332536, 330716, 330716, 330716, 330716, 330633, 330633, 330275, 330275, 330275, 330275, 330275, 330275, 330275, 330275, 327948, 327948, 327948, 327948, 327948, 325259, 324971, 324971, 324971, 324971, 324971, 324971, 324971, 322253, 322253, 322253, 322086, 322086, 322086, 322086, 322086, 322086, 322086, 322086, 322086, 322086, 322086, 322086, 322086, 322086, 322086, 322086, 322086, 322086, 322086, 320461, 320461, 320461, 320461, 320461]
current_obj = [368350.0, 366313.0, 361652.0, 356586.0, 356266.0, 359463.0, 353528.0, 343480.0, 343256.0, 345860.0, 349500.0, 339225.0, 340259.0, 340117.0, 342858.0, 339029.0, 344306.0, 341344.0, 348608.0, 338490.0, 347103.0, 340731.0, 340408.0, 345392.0, 345077.0, 339717.0, 345702.0, 336706.0, 338141.0, 338585.0, 338491.0, 339720.0, 336781.0, 336666.0, 337801.0, 335687.0, 341260.0, 337161.0, 338754.0, 337745.0, 339567.0, 335131.0, 339343.0, 332536.0, 330716.0, 333327.0, 334403.0, 331899.0, 330633.0, 331736.0, 330275.0, 330479.0, 334237.0, 332840.0, 343367.0, 341737.0, 330554.0, 334237.0, 327948.0, 328502.0, 339144.0, 329007.0, 333399.0, 325259.0, 324971.0, 329062.0, 326745.0, 327464.0, 338330.0, 335480.0, 334289.0, 322253.0, 332049.0, 327155.0, 322086.0, 324485.0, 326594.0, 329503.0, 325225.0, 327642.0, 323512.0, 325576.0, 327348.0, 326697.0, 328187.0, 323722.0, 323288.0, 322513.0, 323098.0, 323876.0, 322941.0, 323862.0, 322422.0, 320461.0, 327510.0, 327442.0, 321706.0, 321769.0, 322876.0, 0.0, 0.0, 0.0, 0.0, 0.0, 0.0, 0.0, 0.0, 0.0, 0.0, 0.0, 0.0, 0.0, 0.0, 0.0, 0.0, 0.0, 0.0, 0.0, 0.0, 0.0, 0.0, 0.0, 0.0, 0.0, 0.0, 0.0, 0.0, 0.0, 0.0, 0.0, 0.0, 0.0, 0.0, 0.0, 0.0, 0.0, 0.0, 0.0, 0.0, 0.0, 0.0, 0.0, 0.0, 0.0, 0.0, 0.0, 0.0, 0.0, 0.0, 0.0, 0.0, 0.0, 0.0, 0.0, 0.0, 0.0, 0.0, 0.0, 0.0, 0.0, 0.0, 0.0, 0.0, 0.0, 0.0, 0.0, 0.0, 0.0, 0.0, 0.0, 0.0, 0.0, 0.0, 0.0, 0.0, 0.0, 0.0, 0.0, 0.0, 0.0, 0.0, 0.0, 0.0, 0.0, 0.0, 0.0, 0.0, 0.0, 0.0, 0.0, 0.0, 0.0, 0.0, 0.0, 0.0, 0.0, 0.0, 0.0, 0.0, 0.0, 0.0, 0.0, 0.0, 0.0, 0.0, 0.0, 0.0, 0.0, 0.0, 0.0, 0.0, 0.0, 0.0, 0.0, 0.0, 0.0, 0.0, 0.0, 0.0, 0.0, 0.0, 0.0, 0.0, 0.0, 0.0, 0.0, 0.0, 0.0, 0.0, 0.0, 0.0, 0.0, 0.0, 0.0, 0.0, 0.0, 0.0, 0.0, 0.0, 0.0, 0.0, 0.0, 0.0, 0.0, 0.0, 0.0, 0.0, 0.0, 0.0, 0.0, 0.0, 0.0, 0.0, 0.0, 0.0, 0.0, 0.0, 0.0, 0.0, 0.0, 0.0, 0.0, 0.0, 0.0, 0.0, 0.0, 0.0, 0.0, 0.0, 0.0, 0.0, 0.0, 0.0, 0.0, 0.0, 0.0, 0.0, 0.0, 0.0, 0.0, 0.0, 0.0, 0.0, 0.0, 0.0, 0.0, 0.0, 0.0, 0.0, 0.0, 0.0, 0.0, 0.0, 0.0, 0.0, 0.0, 0.0, 0.0, 0.0, 0.0]
cong_K= Any[1, 1, 1, 1, 1, 1, 1, 1, 1, 1, 1, 1, 1, 1, 1, 1, 1, 1, 1, 1, 1, 1, 1, 1] 
obj_k= Any[366313, 361652, 356586, 356266, 353528, 343480, 343256, 339225, 339029, 338490, 336706, 336666, 335687, 335131, 332536, 330716, 330633, 330275, 327948, 325259, 324971, 322253, 322086, 320461] 
iter_obj = Any[2, 3, 4, 5, 7, 8, 9, 12, 16, 20, 28, 34, 36, 42, 44, 45, 49, 51, 59, 64, 65, 72, 75, 94] 
avgClusterDiam = 2656.2 
maxClusterDiam = 3837.0 
clusterDiamete = [3302.0; 3775.0; 2488.0; 2527.0; 2093.0; 3103.0; 2263.0; 3033.0; 2779.0; 1998.0; 3837.0; 2600.0; 2795.0; 1782.0; 1468.0]   
C = [0, 0, 0, 0, 0, 0, 0, 0, 0, 0, 0, 0, 0, 1, 0, 0, 0, 0, 0, 0, 0, 0, 0, 0, 0, 0, 0, 0, 0, 0, 0, 0, 0, 0, 0, 0, 0, 0, 0, 0, 0, 0, 0, 0, 0, 0, 0, 0, 0, 0, 0, 0, 0, 0, 0, 0, 0, 0, 0, 0, 0, 0, 0, 0, 0, 1, 0, 0, 0, 0, 0, 0, 0, 0, 0, 0, 0, 0, 0, 0, 0, 0, 0, 1, 0, 0, 1, 0, 0, 0, 0, 0, 0, 0, 0, 0, 0, 0, 0, 0, 0, 0, 0, 0, 0, 0, 0, 0, 0, 0, 0, 0, 0, 0, 1, 0, 0, 0, 0, 0, 0, 0, 0, 0, 0, 0, 0, 0, 0, 0, 0, 0, 0, 0, 0, 0, 0, 0, 0, 0, 0, 0, 0, 0, 1, 0, 0, 0, 0, 0, 0, 0, 0, 0, 0, 0, 0, 0, 0, 0, 0, 0, 0, 0, 0, 0, 0, 0, 0, 0, 0, 0, 0, 0, 0, 0, 0, 0, 0, 0, 0, 0, 0, 0, 0, 0, 0, 0, 0, 0, 0, 0, 0, 0, 0, 0, 0, 0, 0, 0, 0, 0, 0, 0, 0, 1, 0, 0, 0, 0, 0, 0, 0, 0, 0, 0, 0, 0, 0, 0, 0, 0, 1, 0, 0, 0, 0, 0, 0, 0, 0, 0, 0, 0, 0, 0, 0, 0, 0, 0, 0, 0, 0, 0, 0, 0, 0, 0, 0, 0, 0, 0, 0, 0, 0, 0, 0, 0, 0, 0, 0, 0, 0, 0, 0, 0, 0, 0, 0, 0, 0, 0, 0, 0, 1, 0, 0, 0, 0, 0, 0, 0, 0, 0, 0, 0, 0, 0, 0, 0, 0, 0, 0, 0, 0, 0, 0, 0, 0, 0, 0, 0, 0, 0, 0, 0, 0, 0, 0, 0, 0, 0, 1, 0, 0, 0, 0, 0, 1, 0, 0, 0, 0, 0, 0, 0, 0, 0, 0, 0, 0, 0, 0, 0, 0, 0, 0, 0, 0, 0, 0, 0, 0, 0, 0, 0, 0, 0, 0, 0, 0, 0, 1, 0, 0, 0, 0, 0, 0, 0, 0, 0, 0, 0, 0, 0, 0, 0, 0, 0, 0, 0, 0, 0, 0, 0, 0, 0, 0, 0, 0, 0, 0, 0, 0, 0, 0, 0, 0, 0, 0, 0, 0, 0, 0, 0, 1, 0, 0, 0, 0, 0, 0, 0, 0, 0, 0, 0, 0, 0, 0, 0, 0, 0, 0, 0, 0, 0, 0, 0, 0, 1, 0, 0, 0, 0, 0, 0, 0, 0, 1, 0, 0, 0, 0, 0, 0, 0, 0, 0, 0, 0, 0, 0, 0, 0, 0, 0, 0, 0, 0, 0]
E = [115, 14, 115, 14, 115, 115, 14, 115, 115, 275, 115, 115, 66, 66, 14, 115, 115, 115, 115, 115, 14, 14, 14, 14, 14, 275, 115, 14, 275, 275, 275, 14, 115, 14, 14, 14, 14, 66, 145, 14, 87, 14, 87, 14, 14, 84, 145, 87, 14, 66, 84, 87, 66, 84, 87, 145, 66, 66, 84, 14, 84, 66, 84, 84, 275, 66, 66, 319, 84, 84, 84, 66, 66, 319, 66, 84, 66, 66, 66, 84, 84, 87, 84, 84, 115, 115, 87, 87, 87, 87, 87, 87, 87, 87, 87, 87, 87, 87, 275, 87, 87, 87, 14, 87, 87, 87, 87, 87, 87, 87, 14, 115, 115, 115, 115, 275, 115, 115, 115, 115, 115, 87, 115, 87, 115, 145, 115, 145, 145, 145, 145, 145, 145, 145, 145, 145, 145, 145, 145, 145, 145, 145, 145, 145, 145, 145, 145, 145, 145, 145, 145, 84, 84, 84, 145, 145, 319, 145, 145, 115, 84, 145, 145, 84, 145, 66, 66, 66, 84, 66, 66, 66, 84, 275, 84, 275, 66, 66, 84, 84, 84, 319, 14, 66, 66, 223, 66, 66, 66, 66, 66, 223, 206, 14, 223, 223, 206, 206, 223, 223, 223, 206, 206, 206, 223, 206, 14, 223, 206, 206, 223, 223, 206, 206, 206, 223, 66, 223, 206, 206, 206, 223, 223, 223, 223, 66, 206, 223, 206, 206, 223, 66, 223, 223, 206, 206, 206, 223, 14, 206, 206, 206, 206, 206, 223, 14, 14, 14, 14, 66, 14, 14, 14, 115, 115, 115, 115, 223, 115, 87, 14, 87, 115, 275, 275, 275, 275, 275, 275, 115, 275, 275, 275, 275, 275, 145, 145, 84, 84, 145, 145, 84, 84, 313, 84, 66, 66, 313, 313, 313, 84, 319, 84, 319, 145, 319, 319, 319, 319, 319, 319, 319, 353, 313, 313, 313, 313, 313, 313, 313, 313, 313, 313, 313, 313, 313, 319, 319, 319, 319, 319, 319, 319, 319, 319, 397, 313, 313, 313, 313, 313, 353, 313, 353, 353, 319, 319, 319, 319, 319, 319, 397, 319, 319, 353, 353, 353, 353, 353, 353, 313, 313, 353, 353, 353, 353, 397, 397, 319, 397, 353, 353, 353, 353, 353, 353, 353, 353, 353, 397, 397, 397, 397, 397, 397, 397, 397, 397, 397, 422, 353, 353, 353, 353, 353, 353, 422, 422, 422, 422, 422, 422, 397, 422, 397, 397, 397, 397, 397, 397, 397, 397, 397, 397, 397, 397, 431, 431, 431, 431, 397, 397, 422, 422, 422, 422, 422, 422, 422, 422, 422, 422, 422, 397, 397, 397, 431, 431, 431, 431, 431, 431, 422, 422, 422, 422, 422, 422, 422, 431, 431, 431, 431, 431, 431, 431, 14, 87, 66, 275, 223, 223]
