n° iter       = 300 
neighborhood_structure = [2] 
Prioridad     = 10 
balance       = 0.2 
Len_N         = 9 
N° clusters   = 15 
N° estaciones = 452 
N° mejoras    = 24
N° iter completadas  = 98
1° FO         = 374546.0
FO            = 315775
Centros       = [8, 15, 66, 81, 96, 134, 211, 221, 269, 299, 313, 358, 369, 423, 428]
Objs= Any[374546.0, 363962, 360341, 348662, 345502, 343115, 341608, 340801, 338720, 336405, 332777, 332777, 332228, 328303, 328253, 326140, 322831, 322831, 322831, 322831, 322831, 322831, 322831, 322831, 322831, 322445, 322445, 321390, 321390, 321390, 319171, 319171, 319171, 319171, 318966, 318966, 318966, 318966, 318966, 318966, 318966, 318966, 318966, 318966, 318966, 318966, 318966, 318966, 318966, 318966, 318966, 318966, 318966, 318966, 318966, 318517, 318517, 317135, 317135, 317135, 317135, 317135, 317135, 317135, 317135, 317135, 317135, 317135, 316752, 316752, 316752, 316752, 316752, 316752, 315957, 315957, 315957, 315957, 315957, 315957, 315957, 315957, 315957, 315957, 315957, 315957, 315957, 315957, 315957, 315957, 315957, 315957, 315957, 315957, 315957, 315957, 315957, 315957, 315775]
current_obj = [363962.0, 360341.0, 348662.0, 345502.0, 343115.0, 341608.0, 340801.0, 338720.0, 336405.0, 332777.0, 333565.0, 332228.0, 328303.0, 328253.0, 326140.0, 322831.0, 324380.0, 326394.0, 325257.0, 324387.0, 323477.0, 323510.0, 324018.0, 324019.0, 322445.0, 325204.0, 321390.0, 324241.0, 322926.0, 319171.0, 323054.0, 319907.0, 322839.0, 318966.0, 322168.0, 319435.0, 321657.0, 319428.0, 321894.0, 319421.0, 321756.0, 323180.0, 322355.0, 321353.0, 319491.0, 320982.0, 322712.0, 324845.0, 322557.0, 320738.0, 319249.0, 323686.0, 319229.0, 323081.0, 318517.0, 321396.0, 317135.0, 320224.0, 320457.0, 318218.0, 321211.0, 319793.0, 317189.0, 321020.0, 321150.0, 317550.0, 319004.0, 316752.0, 316979.0, 316797.0, 320701.0, 320327.0, 322685.0, 315957.0, 318168.0, 317075.0, 318087.0, 318471.0, 317310.0, 316183.0, 316080.0, 316054.0, 318802.0, 316337.0, 316999.0, 319842.0, 317627.0, 321207.0, 317747.0, 321097.0, 319116.0, 319474.0, 320495.0, 318792.0, 317496.0, 318277.0, 318380.0, 315775.0, 318812.0, 0.0, 0.0, 0.0, 0.0, 0.0, 0.0, 0.0, 0.0, 0.0, 0.0, 0.0, 0.0, 0.0, 0.0, 0.0, 0.0, 0.0, 0.0, 0.0, 0.0, 0.0, 0.0, 0.0, 0.0, 0.0, 0.0, 0.0, 0.0, 0.0, 0.0, 0.0, 0.0, 0.0, 0.0, 0.0, 0.0, 0.0, 0.0, 0.0, 0.0, 0.0, 0.0, 0.0, 0.0, 0.0, 0.0, 0.0, 0.0, 0.0, 0.0, 0.0, 0.0, 0.0, 0.0, 0.0, 0.0, 0.0, 0.0, 0.0, 0.0, 0.0, 0.0, 0.0, 0.0, 0.0, 0.0, 0.0, 0.0, 0.0, 0.0, 0.0, 0.0, 0.0, 0.0, 0.0, 0.0, 0.0, 0.0, 0.0, 0.0, 0.0, 0.0, 0.0, 0.0, 0.0, 0.0, 0.0, 0.0, 0.0, 0.0, 0.0, 0.0, 0.0, 0.0, 0.0, 0.0, 0.0, 0.0, 0.0, 0.0, 0.0, 0.0, 0.0, 0.0, 0.0, 0.0, 0.0, 0.0, 0.0, 0.0, 0.0, 0.0, 0.0, 0.0, 0.0, 0.0, 0.0, 0.0, 0.0, 0.0, 0.0, 0.0, 0.0, 0.0, 0.0, 0.0, 0.0, 0.0, 0.0, 0.0, 0.0, 0.0, 0.0, 0.0, 0.0, 0.0, 0.0, 0.0, 0.0, 0.0, 0.0, 0.0, 0.0, 0.0, 0.0, 0.0, 0.0, 0.0, 0.0, 0.0, 0.0, 0.0, 0.0, 0.0, 0.0, 0.0, 0.0, 0.0, 0.0, 0.0, 0.0, 0.0, 0.0, 0.0, 0.0, 0.0, 0.0, 0.0, 0.0, 0.0, 0.0, 0.0, 0.0, 0.0, 0.0, 0.0, 0.0, 0.0, 0.0, 0.0, 0.0, 0.0, 0.0, 0.0, 0.0, 0.0, 0.0, 0.0, 0.0, 0.0, 0.0, 0.0, 0.0, 0.0, 0.0, 0.0, 0.0, 0.0, 0.0, 0.0, 0.0]
cong_K= Any[2, 2, 2, 2, 2, 2, 2, 2, 2, 2, 2, 2, 2, 2, 2, 2, 2, 2, 2, 2, 2, 2, 2, 2] 
obj_k= Any[363962, 360341, 348662, 345502, 343115, 341608, 340801, 338720, 336405, 332777, 332228, 328303, 328253, 326140, 322831, 322445, 321390, 319171, 318966, 318517, 317135, 316752, 315957, 315775] 
iter_obj = Any[1, 2, 3, 4, 5, 6, 7, 8, 9, 10, 12, 13, 14, 15, 16, 25, 27, 30, 34, 55, 57, 68, 74, 98] 
avgClusterDiam = 2727.6 
maxClusterDiam = 3775.0 
clusterDiamete = [2279.0; 2986.0; 3775.0; 2374.0; 2527.0; 2739.0; 3495.0; 2263.0; 2779.0; 3579.0; 3402.0; 3319.0; 1873.0; 1975.0; 1549.0]   
C = [0, 0, 0, 0, 0, 0, 0, 1, 0, 0, 0, 0, 0, 0, 1, 0, 0, 0, 0, 0, 0, 0, 0, 0, 0, 0, 0, 0, 0, 0, 0, 0, 0, 0, 0, 0, 0, 0, 0, 0, 0, 0, 0, 0, 0, 0, 0, 0, 0, 0, 0, 0, 0, 0, 0, 0, 0, 0, 0, 0, 0, 0, 0, 0, 0, 1, 0, 0, 0, 0, 0, 0, 0, 0, 0, 0, 0, 0, 0, 0, 1, 0, 0, 0, 0, 0, 0, 0, 0, 0, 0, 0, 0, 0, 0, 1, 0, 0, 0, 0, 0, 0, 0, 0, 0, 0, 0, 0, 0, 0, 0, 0, 0, 0, 0, 0, 0, 0, 0, 0, 0, 0, 0, 0, 0, 0, 0, 0, 0, 0, 0, 0, 0, 1, 0, 0, 0, 0, 0, 0, 0, 0, 0, 0, 0, 0, 0, 0, 0, 0, 0, 0, 0, 0, 0, 0, 0, 0, 0, 0, 0, 0, 0, 0, 0, 0, 0, 0, 0, 0, 0, 0, 0, 0, 0, 0, 0, 0, 0, 0, 0, 0, 0, 0, 0, 0, 0, 0, 0, 0, 0, 0, 0, 0, 0, 0, 0, 0, 0, 0, 0, 0, 0, 0, 0, 0, 0, 0, 0, 0, 1, 0, 0, 0, 0, 0, 0, 0, 0, 0, 1, 0, 0, 0, 0, 0, 0, 0, 0, 0, 0, 0, 0, 0, 0, 0, 0, 0, 0, 0, 0, 0, 0, 0, 0, 0, 0, 0, 0, 0, 0, 0, 0, 0, 0, 0, 0, 0, 0, 0, 0, 0, 0, 0, 0, 0, 0, 0, 1, 0, 0, 0, 0, 0, 0, 0, 0, 0, 0, 0, 0, 0, 0, 0, 0, 0, 0, 0, 0, 0, 0, 0, 0, 0, 0, 0, 0, 0, 1, 0, 0, 0, 0, 0, 0, 0, 0, 0, 0, 0, 0, 0, 1, 0, 0, 0, 0, 0, 0, 0, 0, 0, 0, 0, 0, 0, 0, 0, 0, 0, 0, 0, 0, 0, 0, 0, 0, 0, 0, 0, 0, 0, 0, 0, 0, 0, 0, 0, 0, 0, 0, 0, 0, 0, 0, 0, 0, 1, 0, 0, 0, 0, 0, 0, 0, 0, 0, 0, 1, 0, 0, 0, 0, 0, 0, 0, 0, 0, 0, 0, 0, 0, 0, 0, 0, 0, 0, 0, 0, 0, 0, 0, 0, 0, 0, 0, 0, 0, 0, 0, 0, 0, 0, 0, 0, 0, 0, 0, 0, 0, 0, 0, 0, 0, 0, 0, 0, 0, 0, 0, 0, 0, 1, 0, 0, 0, 0, 1, 0, 0, 0, 0, 0, 0, 0, 0, 0, 0, 0, 0, 0, 0, 0, 0, 0, 0, 0, 0, 0, 0, 0, 0]
E = [15, 15, 8, 15, 15, 8, 15, 8, 8, 269, 8, 8, 66, 66, 15, 15, 8, 8, 8, 8, 15, 15, 15, 15, 15, 8, 8, 15, 269, 269, 269, 15, 134, 15, 15, 66, 15, 66, 134, 134, 96, 15, 96, 15, 15, 81, 81, 96, 15, 66, 81, 96, 66, 81, 96, 299, 66, 15, 299, 66, 81, 66, 81, 81, 269, 66, 66, 313, 81, 81, 81, 66, 66, 81, 66, 81, 66, 66, 81, 81, 81, 96, 81, 81, 8, 8, 96, 96, 96, 96, 96, 96, 96, 96, 96, 96, 96, 96, 269, 96, 96, 96, 15, 96, 96, 96, 96, 96, 96, 96, 15, 8, 8, 8, 8, 8, 8, 8, 8, 8, 8, 96, 134, 96, 134, 134, 134, 134, 134, 134, 134, 134, 134, 134, 134, 134, 134, 134, 134, 134, 134, 81, 134, 134, 134, 81, 134, 134, 134, 81, 134, 81, 81, 81, 134, 81, 299, 134, 134, 15, 81, 81, 134, 81, 81, 66, 66, 66, 81, 66, 66, 66, 81, 8, 81, 269, 66, 66, 81, 81, 81, 299, 15, 66, 66, 211, 66, 66, 66, 66, 66, 221, 221, 15, 211, 211, 221, 221, 211, 211, 211, 211, 221, 211, 211, 221, 211, 211, 221, 221, 211, 211, 221, 221, 221, 221, 66, 211, 221, 221, 221, 211, 211, 211, 211, 66, 221, 221, 221, 221, 211, 66, 221, 211, 221, 221, 221, 221, 15, 221, 221, 211, 211, 221, 211, 211, 15, 15, 15, 66, 211, 66, 15, 8, 8, 8, 8, 211, 8, 96, 15, 96, 8, 269, 269, 269, 269, 269, 269, 8, 269, 269, 269, 269, 8, 81, 81, 81, 299, 134, 299, 299, 299, 299, 66, 66, 66, 313, 313, 358, 299, 299, 299, 299, 299, 299, 299, 299, 299, 299, 299, 358, 313, 313, 313, 313, 313, 313, 313, 313, 313, 313, 313, 313, 313, 299, 299, 299, 299, 299, 299, 299, 299, 299, 299, 358, 313, 313, 313, 313, 313, 313, 313, 369, 369, 358, 358, 358, 358, 299, 358, 358, 358, 358, 369, 369, 369, 369, 313, 369, 313, 369, 369, 369, 369, 358, 358, 358, 358, 358, 369, 369, 369, 313, 369, 369, 369, 369, 369, 369, 369, 369, 358, 358, 358, 358, 358, 358, 369, 369, 369, 369, 369, 369, 369, 369, 369, 423, 369, 423, 423, 423, 423, 423, 423, 423, 358, 423, 358, 358, 358, 428, 358, 358, 358, 428, 428, 428, 428, 428, 428, 428, 423, 423, 423, 423, 423, 423, 423, 423, 423, 423, 423, 423, 423, 428, 428, 428, 428, 428, 428, 428, 423, 423, 423, 423, 423, 423, 423, 428, 428, 428, 428, 428, 428, 428, 15, 96, 66, 269, 221, 211]
