n° iter       = 300 
neighborhood_structure = [1 2 3] 
Prioridad     = 10 
balance       = 0.2 
Len_N         = 3 
N° clusters   = 15 
N° estaciones = 452 
N° mejoras    = 36
N° iter completadas  = 300
1° FO         = 371732.0
FO            = 310757
Centros       = [12, 28, 66, 87, 134, 152, 215, 218, 265, 299, 308, 353, 360, 415, 428]
Objs= Any[371732.0, 357095, 350380, 350380, 348340, 346609, 343888, 341591, 341591, 339352, 338570, 338570, 338570, 331351, 329833, 329833, 329833, 329833, 326810, 326810, 326810, 326810, 326810, 326810, 326810, 326810, 326810, 326810, 325492, 325492, 325492, 324659, 323520, 323520, 323274, 323274, 323274, 323274, 323274, 323274, 323274, 323274, 323274, 323274, 323274, 323274, 322987, 322987, 322987, 322987, 322987, 322987, 322759, 322759, 322759, 321697, 321697, 321515, 320696, 320696, 319595, 316613, 316613, 315890, 315183, 315183, 314739, 314739, 314739, 314739, 314341, 314341, 314341, 314341, 314341, 314341, 314341, 314341, 314341, 314341, 314300, 314300, 314300, 314300, 314300, 314300, 314300, 314110, 314110, 314110, 314110, 314110, 314110, 314110, 314110, 313786, 313786, 313786, 313786, 313786, 313786, 313786, 313786, 313786, 313786, 313786, 313786, 313786, 313786, 313786, 313786, 313786, 313405, 313405, 313405, 313405, 313405, 313405, 313405, 313405, 313405, 313405, 313405, 313405, 313405, 313405, 313405, 313405, 313405, 313405, 313405, 313405, 313405, 313405, 313405, 313405, 313405, 313405, 313405, 313405, 313405, 313405, 313405, 313405, 313405, 313405, 313405, 313405, 313405, 313405, 313405, 313405, 313405, 313405, 312381, 312381, 312381, 312381, 312364, 312364, 312364, 312364, 312364, 312364, 312364, 312364, 312364, 312364, 312364, 312364, 312364, 312364, 312364, 312364, 312364, 312364, 312364, 312364, 312364, 312364, 312364, 312364, 312364, 312131, 312131, 312131, 312131, 312131, 312131, 312131, 312131, 312131, 312131, 312131, 312131, 312131, 312131, 312131, 312131, 312131, 312131, 312131, 312131, 312131, 312131, 312131, 312131, 312131, 312131, 312131, 312131, 312131, 312131, 312131, 312131, 312131, 312131, 312115, 312115, 312115, 312115, 312115, 312115, 312115, 312115, 312115, 312115, 312115, 312115, 312115, 312115, 312115, 312115, 312115, 312115, 312115, 312115, 312115, 310990, 310990, 310990, 310990, 310990, 310990, 310990, 310990, 310990, 310990, 310990, 310990, 310990, 310990, 310990, 310990, 310990, 310990, 310990, 310990, 310990, 310990, 310990, 310990, 310990, 310990, 310757, 310757, 310757, 310757, 310757, 310757, 310757, 310757, 310757, 310757, 310757, 310757, 310757, 310757, 310757, 310757, 310757, 310757, 310757, 310757, 310757, 310757, 310757, 310757, 310757, 310757, 310757, 310757, 310757, 310757, 310757, 310757, 310757, 310757, 310757, 310757]
current_obj = [357095.0, 350380.0, 351000.0, 348340.0, 346609.0, 343888.0, 341591.0, 343560.0, 339352.0, 338570.0, 339135.0, 338732.0, 331351.0, 329833.0, 331524.0, 330323.0, 330434.0, 326810.0, 327309.0, 329048.0, 327146.0, 327336.0, 329034.0, 328300.0, 327188.0, 328224.0, 327660.0, 325492.0, 326166.0, 325923.0, 324659.0, 323520.0, 323916.0, 323274.0, 325145.0, 324798.0, 325681.0, 323814.0, 325603.0, 329352.0, 324803.0, 323899.0, 326795.0, 323766.0, 323518.0, 322987.0, 323277.0, 325511.0, 325394.0, 325880.0, 325465.0, 322759.0, 325047.0, 322760.0, 321697.0, 322313.0, 321515.0, 320696.0, 321726.0, 319595.0, 316613.0, 317208.0, 315890.0, 315183.0, 316695.0, 314739.0, 315355.0, 315036.0, 317940.0, 314341.0, 314372.0, 318517.0, 317946.0, 316080.0, 315483.0, 319024.0, 315404.0, 314803.0, 316212.0, 314300.0, 317824.0, 319476.0, 317372.0, 315615.0, 315379.0, 315007.0, 314110.0, 316811.0, 315867.0, 316443.0, 317709.0, 317156.0, 315768.0, 314568.0, 313786.0, 317023.0, 313833.0, 317072.0, 314675.0, 317397.0, 314802.0, 314806.0, 314108.0, 316889.0, 314806.0, 313874.0, 314107.0, 316476.0, 314401.0, 317735.0, 317397.0, 313405.0, 313554.0, 316341.0, 320256.0, 314168.0, 313752.0, 315938.0, 314478.0, 315937.0, 316680.0, 316341.0, 313548.0, 313838.0, 314948.0, 313547.0, 316741.0, 315666.0, 315826.0, 314938.0, 314719.0, 315303.0, 315463.0, 314863.0, 315119.0, 313541.0, 314478.0, 314116.0, 316664.0, 317986.0, 316740.0, 314162.0, 319117.0, 314784.0, 316485.0, 313514.0, 313554.0, 314406.0, 313618.0, 314274.0, 313920.0, 313541.0, 315695.0, 312381.0, 312549.0, 315385.0, 313244.0, 312364.0, 312607.0, 313231.0, 313788.0, 312532.0, 313448.0, 316439.0, 313360.0, 312993.0, 315087.0, 315571.0, 313248.0, 314025.0, 314473.0, 313248.0, 315922.0, 313090.0, 312596.0, 316248.0, 312968.0, 314783.0, 313610.0, 316927.0, 315215.0, 312381.0, 312131.0, 312760.0, 314903.0, 314462.0, 313527.0, 312788.0, 313556.0, 312971.0, 313407.0, 316023.0, 312529.0, 314272.0, 313419.0, 315543.0, 312358.0, 313512.0, 312280.0, 313836.0, 313127.0, 314935.0, 316471.0, 317581.0, 315689.0, 313644.0, 314267.0, 312334.0, 316362.0, 314348.0, 312405.0, 312280.0, 313860.0, 312649.0, 314074.0, 313590.0, 312115.0, 315148.0, 315129.0, 313794.0, 313235.0, 314000.0, 312605.0, 316300.0, 314003.0, 313673.0, 312605.0, 315161.0, 313329.0, 312162.0, 317602.0, 313359.0, 313430.0, 315196.0, 312283.0, 313329.0, 314224.0, 310990.0, 312744.0, 312523.0, 311175.0, 313588.0, 312204.0, 312612.0, 311640.0, 312122.0, 311388.0, 311441.0, 312766.0, 312519.0, 312144.0, 311405.0, 311990.0, 311006.0, 313099.0, 313884.0, 314342.0, 312344.0, 313758.0, 311619.0, 312506.0, 315394.0, 311388.0, 310757.0, 311274.0, 311924.0, 311295.0, 311465.0, 311005.0, 312561.0, 312349.0, 311155.0, 311631.0, 311005.0, 311901.0, 311728.0, 312723.0, 311984.0, 312350.0, 310913.0, 312236.0, 311777.0, 311373.0, 311005.0, 311924.0, 312875.0, 313387.0, 314840.0, 312561.0, 312273.0, 314189.0, 315508.0, 314059.0, 311363.0, 313126.0, 313809.0, 311274.0, 314733.0, 313620.0, 312285.0]
cong_K= Any[3, 3, 2, 2, 1, 2, 2, 1, 3, 1, 2, 1, 1, 1, 1, 1, 2, 1, 1, 1, 1, 1, 3, 1, 1, 1, 1, 1, 1, 2, 1, 1, 1, 1, 1, 1] 
obj_k= Any[357095, 350380, 348340, 346609, 343888, 341591, 339352, 338570, 331351, 329833, 326810, 325492, 324659, 323520, 323274, 322987, 322759, 321697, 321515, 320696, 319595, 316613, 315890, 315183, 314739, 314341, 314300, 314110, 313786, 313405, 312381, 312364, 312131, 312115, 310990, 310757] 
iter_obj = Any[1, 2, 4, 5, 6, 7, 9, 10, 13, 14, 18, 28, 31, 32, 34, 46, 52, 55, 57, 58, 60, 61, 63, 64, 66, 70, 80, 87, 95, 112, 154, 158, 183, 217, 238, 264] 
avgClusterDiam = 2687.733333333333 
maxClusterDiam = 3775.0 
clusterDiamete = [3025.0; 2011.0; 3775.0; 2191.0; 2739.0; 2885.0; 2263.0; 3251.0; 2892.0; 3579.0; 2691.0; 2317.0; 3319.0; 1829.0; 1549.0]   
C = [0, 0, 0, 0, 0, 0, 0, 0, 0, 0, 0, 1, 0, 0, 0, 0, 0, 0, 0, 0, 0, 0, 0, 0, 0, 0, 0, 1, 0, 0, 0, 0, 0, 0, 0, 0, 0, 0, 0, 0, 0, 0, 0, 0, 0, 0, 0, 0, 0, 0, 0, 0, 0, 0, 0, 0, 0, 0, 0, 0, 0, 0, 0, 0, 0, 1, 0, 0, 0, 0, 0, 0, 0, 0, 0, 0, 0, 0, 0, 0, 0, 0, 0, 0, 0, 0, 1, 0, 0, 0, 0, 0, 0, 0, 0, 0, 0, 0, 0, 0, 0, 0, 0, 0, 0, 0, 0, 0, 0, 0, 0, 0, 0, 0, 0, 0, 0, 0, 0, 0, 0, 0, 0, 0, 0, 0, 0, 0, 0, 0, 0, 0, 0, 1, 0, 0, 0, 0, 0, 0, 0, 0, 0, 0, 0, 0, 0, 0, 0, 0, 0, 1, 0, 0, 0, 0, 0, 0, 0, 0, 0, 0, 0, 0, 0, 0, 0, 0, 0, 0, 0, 0, 0, 0, 0, 0, 0, 0, 0, 0, 0, 0, 0, 0, 0, 0, 0, 0, 0, 0, 0, 0, 0, 0, 0, 0, 0, 0, 0, 0, 0, 0, 0, 0, 0, 0, 0, 0, 0, 0, 0, 0, 0, 0, 1, 0, 0, 1, 0, 0, 0, 0, 0, 0, 0, 0, 0, 0, 0, 0, 0, 0, 0, 0, 0, 0, 0, 0, 0, 0, 0, 0, 0, 0, 0, 0, 0, 0, 0, 0, 0, 0, 0, 0, 0, 0, 0, 0, 0, 0, 0, 0, 0, 0, 1, 0, 0, 0, 0, 0, 0, 0, 0, 0, 0, 0, 0, 0, 0, 0, 0, 0, 0, 0, 0, 0, 0, 0, 0, 0, 0, 0, 0, 0, 0, 0, 0, 0, 1, 0, 0, 0, 0, 0, 0, 0, 0, 1, 0, 0, 0, 0, 0, 0, 0, 0, 0, 0, 0, 0, 0, 0, 0, 0, 0, 0, 0, 0, 0, 0, 0, 0, 0, 0, 0, 0, 0, 0, 0, 0, 0, 0, 0, 0, 0, 0, 0, 0, 0, 0, 0, 0, 1, 0, 0, 0, 0, 0, 0, 1, 0, 0, 0, 0, 0, 0, 0, 0, 0, 0, 0, 0, 0, 0, 0, 0, 0, 0, 0, 0, 0, 0, 0, 0, 0, 0, 0, 0, 0, 0, 0, 0, 0, 0, 0, 0, 0, 0, 0, 0, 0, 0, 0, 0, 0, 0, 0, 0, 0, 0, 0, 0, 0, 0, 1, 0, 0, 0, 0, 0, 0, 0, 0, 0, 0, 0, 0, 1, 0, 0, 0, 0, 0, 0, 0, 0, 0, 0, 0, 0, 0, 0, 0, 0, 0, 0, 0, 0, 0, 0, 0, 0]
E = [12, 28, 12, 12, 12, 12, 28, 12, 12, 265, 12, 12, 66, 66, 28, 28, 12, 12, 12, 12, 28, 28, 28, 28, 28, 265, 12, 28, 265, 265, 265, 28, 134, 28, 28, 28, 28, 152, 134, 28, 87, 28, 87, 28, 28, 152, 152, 87, 28, 28, 152, 87, 66, 66, 265, 299, 66, 28, 299, 28, 152, 66, 152, 152, 265, 66, 66, 66, 152, 152, 152, 66, 66, 308, 66, 152, 66, 66, 66, 152, 152, 87, 152, 152, 12, 12, 87, 87, 87, 87, 87, 87, 87, 87, 87, 87, 87, 87, 265, 87, 87, 87, 12, 87, 87, 87, 87, 87, 87, 87, 12, 12, 12, 12, 12, 265, 12, 12, 12, 134, 134, 87, 134, 134, 134, 134, 134, 134, 134, 134, 134, 134, 134, 134, 134, 134, 134, 134, 134, 134, 134, 152, 134, 134, 134, 152, 134, 134, 134, 152, 152, 152, 152, 152, 134, 152, 299, 134, 134, 12, 152, 152, 134, 152, 152, 66, 66, 66, 66, 66, 66, 66, 66, 12, 152, 265, 66, 66, 152, 152, 66, 299, 12, 66, 66, 218, 66, 66, 218, 66, 66, 218, 215, 28, 218, 218, 215, 215, 218, 218, 218, 215, 215, 215, 218, 215, 218, 218, 215, 215, 218, 218, 215, 215, 215, 215, 66, 218, 215, 215, 215, 218, 218, 218, 218, 66, 215, 215, 215, 215, 218, 66, 215, 218, 215, 215, 215, 215, 28, 215, 215, 215, 215, 215, 218, 218, 12, 12, 28, 66, 28, 28, 28, 12, 12, 12, 12, 218, 265, 87, 28, 87, 12, 265, 265, 265, 265, 265, 265, 265, 265, 265, 265, 265, 265, 299, 152, 152, 299, 134, 152, 299, 299, 308, 308, 66, 66, 308, 308, 360, 299, 299, 299, 299, 299, 299, 299, 299, 299, 299, 299, 360, 308, 308, 308, 308, 308, 308, 308, 308, 308, 308, 308, 308, 353, 299, 299, 299, 299, 299, 299, 299, 299, 299, 299, 360, 308, 308, 308, 308, 308, 353, 308, 353, 353, 360, 360, 360, 299, 299, 360, 360, 360, 360, 353, 353, 353, 353, 353, 353, 353, 353, 353, 353, 353, 360, 360, 360, 360, 360, 353, 353, 353, 353, 353, 353, 353, 353, 353, 353, 415, 360, 360, 360, 360, 360, 360, 415, 415, 415, 415, 415, 353, 353, 353, 353, 415, 415, 415, 415, 415, 415, 415, 415, 415, 415, 360, 415, 360, 360, 360, 428, 360, 360, 360, 428, 428, 428, 428, 428, 428, 428, 415, 415, 415, 415, 353, 415, 415, 415, 415, 415, 415, 415, 428, 428, 428, 428, 428, 428, 428, 428, 415, 415, 415, 415, 415, 415, 415, 428, 428, 428, 428, 428, 428, 428, 28, 87, 66, 265, 218, 218]
