n° iter       = 300 
neighborhood_structure = [1] 
Prioridad     = 10 
balance       = 0.2 
Len_N         = 3 
N° clusters   = 15 
N° estaciones = 452 
N° mejoras    = 43
N° iter completadas  = 300
1° FO         = 356765.0
FO            = 312759
Centros       = [11, 21, 41, 66, 101, 137, 152, 214, 223, 299, 314, 360, 387, 413, 428]
Objs= Any[356765.0, 347525, 338041, 337661, 337661, 337661, 337095, 335910, 335910, 335898, 335898, 335898, 335898, 335898, 335898, 334190, 334190, 334190, 333903, 333903, 333736, 333037, 333037, 333014, 330985, 330985, 330985, 330432, 329384, 329294, 328276, 328276, 328276, 328276, 324578, 324578, 324578, 324578, 324578, 324578, 324578, 324578, 324578, 323390, 323390, 323390, 323390, 323390, 323390, 323390, 323390, 323390, 323390, 323390, 323390, 323390, 323390, 323390, 323390, 323390, 323390, 323390, 323390, 323390, 323390, 323390, 323390, 323390, 323390, 322401, 322401, 322401, 322401, 321242, 321242, 321242, 321242, 321242, 321242, 321242, 321242, 321242, 321242, 321242, 321242, 321242, 321242, 321242, 321223, 321223, 321223, 319866, 319866, 319866, 319866, 319866, 319866, 319815, 319815, 319815, 319815, 319815, 319815, 319815, 319815, 319815, 319815, 319815, 319815, 319677, 319677, 319677, 319677, 319677, 319677, 319677, 319677, 319677, 319677, 319677, 319677, 319677, 319677, 319677, 319677, 319677, 319677, 319677, 319677, 319677, 319677, 319677, 319677, 319677, 319677, 319677, 318840, 318840, 318840, 318840, 318840, 318840, 318840, 318840, 318840, 318840, 318840, 318840, 318501, 318287, 318287, 318287, 318287, 318262, 318262, 318262, 318262, 317592, 317364, 317364, 317197, 317197, 317197, 317197, 317197, 316806, 316806, 316806, 316806, 316806, 316806, 316806, 316806, 316806, 316806, 316806, 316806, 316806, 316806, 316806, 316806, 316806, 316806, 316806, 316639, 316639, 316348, 316348, 316348, 316348, 316348, 316348, 316348, 316348, 316348, 316348, 316348, 316348, 316348, 316312, 316312, 316312, 316312, 316312, 316312, 316312, 316312, 315722, 315722, 315722, 315722, 315334, 315273, 315010, 315010, 315010, 315010, 315010, 315010, 315010, 315010, 315010, 315010, 315010, 315010, 315010, 314461, 314461, 314461, 314461, 314461, 314461, 314461, 314461, 314461, 314461, 314461, 314461, 314461, 314461, 314461, 314461, 314461, 314461, 314461, 314461, 313921, 313921, 313921, 313921, 313921, 313921, 313921, 313921, 313921, 313921, 313921, 313921, 313921, 313861, 313861, 313861, 313861, 313861, 313861, 312759, 312759, 312759, 312759, 312759, 312759, 312759, 312759, 312759, 312759, 312759, 312759, 312759, 312759, 312759, 312759, 312759, 312759, 312759, 312759, 312759, 312759, 312759, 312759, 312759, 312759, 312759, 312759, 312759, 312759, 312759, 312759, 312759, 312759, 312759]
current_obj = [347525.0, 338041.0, 337661.0, 339410.0, 337760.0, 337095.0, 335910.0, 336365.0, 335898.0, 336485.0, 336462.0, 338864.0, 337293.0, 336965.0, 334190.0, 336792.0, 338491.0, 333903.0, 334672.0, 333736.0, 333037.0, 335301.0, 333014.0, 330985.0, 332129.0, 332379.0, 330432.0, 329384.0, 329294.0, 328276.0, 328572.0, 332559.0, 328841.0, 324578.0, 324688.0, 327352.0, 325083.0, 326620.0, 331397.0, 332019.0, 329465.0, 329870.0, 323390.0, 324013.0, 323696.0, 325851.0, 325533.0, 327034.0, 324099.0, 324940.0, 326746.0, 323655.0, 328640.0, 323911.0, 325558.0, 323425.0, 325818.0, 323463.0, 326750.0, 327034.0, 323686.0, 328181.0, 326750.0, 325910.0, 326746.0, 324632.0, 324260.0, 326751.0, 322401.0, 322947.0, 326799.0, 322751.0, 321242.0, 324525.0, 326284.0, 321549.0, 322245.0, 321664.0, 322717.0, 323072.0, 323701.0, 325786.0, 324519.0, 326595.0, 322925.0, 322717.0, 323421.0, 321223.0, 322319.0, 322361.0, 319866.0, 320092.0, 320976.0, 320896.0, 323893.0, 321565.0, 319815.0, 320309.0, 320148.0, 320373.0, 328844.0, 325402.0, 320149.0, 319984.0, 322499.0, 320041.0, 324917.0, 323450.0, 319677.0, 320369.0, 320977.0, 320536.0, 322169.0, 322227.0, 320179.0, 324195.0, 319983.0, 321301.0, 320226.0, 320366.0, 321281.0, 324747.0, 320507.0, 322874.0, 322900.0, 320799.0, 321301.0, 322855.0, 320822.0, 323483.0, 324396.0, 324610.0, 322599.0, 320648.0, 321697.0, 318840.0, 322015.0, 319383.0, 320745.0, 319644.0, 320594.0, 318992.0, 320465.0, 320022.0, 319766.0, 319699.0, 319475.0, 318501.0, 318287.0, 322443.0, 320671.0, 323107.0, 318262.0, 322516.0, 318659.0, 318869.0, 317592.0, 317364.0, 320332.0, 317197.0, 321661.0, 318968.0, 319700.0, 318242.0, 316806.0, 318218.0, 317197.0, 317806.0, 318158.0, 319694.0, 317075.0, 318352.0, 320189.0, 317043.0, 317055.0, 317330.0, 320782.0, 320046.0, 317550.0, 317653.0, 317952.0, 323725.0, 321480.0, 316639.0, 317683.0, 316348.0, 318415.0, 317281.0, 317089.0, 318001.0, 317668.0, 316456.0, 316979.0, 318662.0, 317895.0, 317793.0, 317385.0, 321903.0, 316312.0, 318177.0, 317359.0, 316420.0, 316413.0, 319211.0, 318676.0, 323916.0, 315722.0, 316834.0, 316421.0, 316336.0, 315334.0, 315273.0, 315010.0, 315268.0, 315496.0, 317670.0, 318152.0, 315981.0, 316726.0, 315981.0, 315294.0, 320189.0, 315527.0, 317615.0, 319563.0, 314461.0, 321013.0, 315662.0, 316256.0, 317620.0, 317612.0, 314956.0, 318017.0, 315415.0, 318017.0, 318798.0, 315642.0, 314579.0, 317257.0, 314716.0, 320260.0, 317947.0, 316139.0, 315216.0, 317257.0, 313921.0, 317319.0, 317607.0, 315912.0, 314383.0, 316033.0, 315429.0, 314619.0, 319449.0, 314619.0, 316772.0, 314959.0, 314114.0, 313861.0, 317023.0, 315335.0, 322442.0, 314858.0, 316157.0, 312759.0, 313440.0, 312785.0, 315931.0, 316522.0, 313581.0, 315718.0, 313014.0, 315026.0, 313359.0, 317380.0, 313581.0, 312846.0, 316537.0, 314290.0, 315920.0, 320170.0, 313103.0, 317686.0, 315824.0, 315760.0, 313800.0, 313876.0, 314779.0, 314631.0, 314183.0, 315869.0, 314668.0, 318214.0, 313347.0, 313820.0, 313874.0, 320225.0, 316549.0, 315203.0, 319511.0]
cong_K= Any[1, 1, 1, 1, 1, 1, 1, 1, 1, 1, 1, 1, 1, 1, 1, 1, 1, 1, 1, 1, 1, 1, 1, 1, 1, 1, 1, 1, 1, 1, 1, 1, 1, 1, 1, 1, 1, 1, 1, 1, 1, 1, 1] 
obj_k= Any[347525, 338041, 337661, 337095, 335910, 335898, 334190, 333903, 333736, 333037, 333014, 330985, 330432, 329384, 329294, 328276, 324578, 323390, 322401, 321242, 321223, 319866, 319815, 319677, 318840, 318501, 318287, 318262, 317592, 317364, 317197, 316806, 316639, 316348, 316312, 315722, 315334, 315273, 315010, 314461, 313921, 313861, 312759] 
iter_obj = Any[1, 2, 3, 6, 7, 9, 15, 18, 20, 21, 23, 24, 27, 28, 29, 30, 34, 43, 69, 73, 88, 91, 97, 109, 136, 148, 149, 153, 157, 158, 160, 165, 184, 186, 199, 207, 211, 212, 213, 226, 246, 259, 265] 
avgClusterDiam = 2568.0666666666666 
maxClusterDiam = 3775.0 
clusterDiamete = [2810.0; 3106.0; 2532.0; 3775.0; 2191.0; 2398.0; 2752.0; 2263.0; 3033.0; 3579.0; 2115.0; 3015.0; 1818.0; 1585.0; 1549.0]   
C = [0, 0, 0, 0, 0, 0, 0, 0, 0, 0, 1, 0, 0, 0, 0, 0, 0, 0, 0, 0, 1, 0, 0, 0, 0, 0, 0, 0, 0, 0, 0, 0, 0, 0, 0, 0, 0, 0, 0, 0, 1, 0, 0, 0, 0, 0, 0, 0, 0, 0, 0, 0, 0, 0, 0, 0, 0, 0, 0, 0, 0, 0, 0, 0, 0, 1, 0, 0, 0, 0, 0, 0, 0, 0, 0, 0, 0, 0, 0, 0, 0, 0, 0, 0, 0, 0, 0, 0, 0, 0, 0, 0, 0, 0, 0, 0, 0, 0, 0, 0, 1, 0, 0, 0, 0, 0, 0, 0, 0, 0, 0, 0, 0, 0, 0, 0, 0, 0, 0, 0, 0, 0, 0, 0, 0, 0, 0, 0, 0, 0, 0, 0, 0, 0, 0, 0, 1, 0, 0, 0, 0, 0, 0, 0, 0, 0, 0, 0, 0, 0, 0, 1, 0, 0, 0, 0, 0, 0, 0, 0, 0, 0, 0, 0, 0, 0, 0, 0, 0, 0, 0, 0, 0, 0, 0, 0, 0, 0, 0, 0, 0, 0, 0, 0, 0, 0, 0, 0, 0, 0, 0, 0, 0, 0, 0, 0, 0, 0, 0, 0, 0, 0, 0, 0, 0, 0, 0, 0, 0, 0, 0, 0, 0, 1, 0, 0, 0, 0, 0, 0, 0, 0, 1, 0, 0, 0, 0, 0, 0, 0, 0, 0, 0, 0, 0, 0, 0, 0, 0, 0, 0, 0, 0, 0, 0, 0, 0, 0, 0, 0, 0, 0, 0, 0, 0, 0, 0, 0, 0, 0, 0, 0, 0, 0, 0, 0, 0, 0, 0, 0, 0, 0, 0, 0, 0, 0, 0, 0, 0, 0, 0, 0, 0, 0, 0, 0, 0, 0, 0, 0, 0, 0, 0, 0, 0, 0, 0, 0, 1, 0, 0, 0, 0, 0, 0, 0, 0, 0, 0, 0, 0, 0, 0, 1, 0, 0, 0, 0, 0, 0, 0, 0, 0, 0, 0, 0, 0, 0, 0, 0, 0, 0, 0, 0, 0, 0, 0, 0, 0, 0, 0, 0, 0, 0, 0, 0, 0, 0, 0, 0, 0, 0, 0, 0, 0, 0, 0, 0, 0, 1, 0, 0, 0, 0, 0, 0, 0, 0, 0, 0, 0, 0, 0, 0, 0, 0, 0, 0, 0, 0, 0, 0, 0, 0, 0, 0, 1, 0, 0, 0, 0, 0, 0, 0, 0, 0, 0, 0, 0, 0, 0, 0, 0, 0, 0, 0, 0, 0, 0, 0, 0, 0, 1, 0, 0, 0, 0, 0, 0, 0, 0, 0, 0, 0, 0, 0, 0, 1, 0, 0, 0, 0, 0, 0, 0, 0, 0, 0, 0, 0, 0, 0, 0, 0, 0, 0, 0, 0, 0, 0, 0, 0]
E = [11, 21, 11, 11, 11, 11, 21, 11, 11, 41, 11, 11, 21, 66, 21, 11, 11, 11, 11, 11, 21, 21, 21, 21, 11, 41, 11, 21, 41, 11, 41, 152, 137, 21, 21, 21, 21, 66, 137, 137, 41, 21, 41, 21, 21, 152, 152, 41, 21, 21, 152, 41, 66, 152, 41, 299, 66, 21, 299, 21, 152, 66, 152, 152, 41, 66, 66, 66, 152, 152, 152, 66, 66, 299, 66, 152, 66, 21, 66, 152, 152, 41, 152, 152, 11, 11, 41, 101, 101, 101, 101, 101, 101, 101, 101, 41, 101, 41, 41, 101, 101, 101, 11, 101, 101, 101, 101, 101, 101, 101, 11, 41, 41, 41, 11, 41, 11, 11, 137, 11, 137, 101, 137, 137, 137, 137, 137, 137, 137, 137, 137, 137, 137, 137, 137, 137, 137, 137, 152, 137, 137, 152, 137, 137, 137, 152, 137, 137, 137, 152, 152, 152, 152, 152, 152, 152, 299, 137, 137, 11, 152, 152, 137, 152, 152, 66, 66, 66, 66, 66, 66, 66, 66, 11, 152, 41, 66, 66, 152, 152, 66, 299, 11, 66, 66, 223, 66, 66, 66, 66, 66, 223, 214, 21, 223, 223, 214, 214, 223, 223, 223, 223, 214, 214, 223, 214, 21, 223, 214, 223, 223, 223, 214, 214, 214, 223, 66, 223, 214, 214, 214, 223, 223, 223, 223, 66, 214, 223, 214, 214, 223, 66, 223, 223, 214, 214, 214, 223, 21, 214, 214, 214, 214, 214, 223, 21, 66, 11, 21, 66, 21, 21, 21, 11, 11, 11, 11, 223, 41, 41, 21, 101, 11, 11, 41, 41, 41, 41, 41, 41, 41, 41, 41, 11, 41, 299, 152, 152, 299, 152, 299, 299, 299, 314, 66, 66, 66, 314, 314, 314, 299, 299, 299, 299, 299, 299, 299, 299, 299, 299, 299, 360, 314, 314, 314, 314, 314, 314, 314, 314, 314, 314, 314, 314, 314, 314, 299, 299, 299, 299, 299, 299, 299, 299, 314, 360, 314, 314, 314, 314, 314, 314, 314, 314, 360, 360, 360, 360, 299, 299, 360, 360, 360, 360, 314, 387, 314, 314, 314, 314, 314, 314, 387, 387, 387, 360, 360, 360, 360, 360, 387, 314, 387, 314, 387, 387, 387, 387, 387, 387, 387, 360, 360, 360, 360, 360, 360, 413, 413, 413, 387, 387, 387, 387, 387, 387, 387, 387, 387, 387, 387, 413, 413, 413, 413, 413, 413, 413, 360, 360, 360, 428, 360, 360, 360, 428, 428, 428, 428, 428, 428, 428, 413, 413, 413, 413, 387, 387, 387, 387, 387, 413, 413, 413, 413, 428, 428, 428, 428, 428, 428, 428, 413, 413, 413, 413, 413, 413, 413, 428, 428, 428, 428, 428, 428, 428, 21, 101, 21, 41, 223, 223]
