n° iter       = 300 
neighborhood_structure = [1 2 3] 
Prioridad     = 10 
balance       = 0.2 
Len_N         = 1 
N° clusters   = 15 
N° estaciones = 452 
N° mejoras    = 16
N° iter completadas  = 90
1° FO         = 369667.0
FO            = 322074
Centros       = [4, 26, 55, 66, 70, 127, 147, 206, 224, 298, 314, 358, 383, 423, 428]
Objs= Any[369667.0, 358523, 358523, 351204, 349711, 343587, 343045, 343045, 343045, 343045, 343045, 343045, 343045, 338415, 338415, 338415, 337494, 337494, 336586, 334782, 334782, 332451, 332451, 332451, 329326, 328872, 328872, 326398, 326398, 326398, 326398, 326398, 326398, 326398, 326398, 326398, 326083, 326083, 326083, 326083, 326083, 326083, 326083, 326083, 326083, 326083, 326083, 326083, 326083, 326083, 326083, 326083, 326083, 326083, 326083, 326083, 326083, 326083, 326083, 326083, 326083, 326083, 326083, 326083, 326083, 323247, 323247, 323247, 323247, 323247, 323247, 323247, 323247, 323247, 323247, 323247, 323247, 323247, 323247, 323247, 323247, 323247, 323247, 323247, 323247, 322074, 322074, 322074, 322074, 322074, 322074]
current_obj = [358523.0, 359284.0, 351204.0, 349711.0, 343587.0, 343045.0, 344535.0, 343344.0, 343428.0, 343513.0, 347600.0, 348571.0, 338415.0, 340972.0, 341575.0, 337494.0, 340526.0, 336586.0, 334782.0, 340865.0, 332451.0, 333508.0, 338455.0, 329326.0, 328872.0, 332328.0, 326398.0, 326734.0, 327812.0, 326508.0, 328379.0, 331099.0, 328379.0, 330244.0, 329337.0, 326083.0, 331341.0, 330053.0, 326614.0, 328650.0, 327458.0, 327148.0, 329030.0, 329175.0, 327245.0, 332557.0, 326286.0, 329419.0, 328873.0, 329416.0, 326867.0, 327495.0, 328943.0, 332251.0, 328383.0, 331282.0, 327614.0, 329919.0, 332776.0, 331716.0, 330708.0, 327605.0, 327593.0, 326417.0, 323247.0, 325717.0, 324162.0, 327439.0, 327797.0, 325849.0, 323705.0, 326116.0, 330558.0, 324803.0, 326390.0, 329048.0, 330729.0, 326770.0, 323853.0, 328271.0, 329181.0, 329589.0, 328604.0, 327794.0, 322074.0, 324408.0, 323640.0, 322609.0, 325880.0, 325380.0, 326515.0, 0.0, 0.0, 0.0, 0.0, 0.0, 0.0, 0.0, 0.0, 0.0, 0.0, 0.0, 0.0, 0.0, 0.0, 0.0, 0.0, 0.0, 0.0, 0.0, 0.0, 0.0, 0.0, 0.0, 0.0, 0.0, 0.0, 0.0, 0.0, 0.0, 0.0, 0.0, 0.0, 0.0, 0.0, 0.0, 0.0, 0.0, 0.0, 0.0, 0.0, 0.0, 0.0, 0.0, 0.0, 0.0, 0.0, 0.0, 0.0, 0.0, 0.0, 0.0, 0.0, 0.0, 0.0, 0.0, 0.0, 0.0, 0.0, 0.0, 0.0, 0.0, 0.0, 0.0, 0.0, 0.0, 0.0, 0.0, 0.0, 0.0, 0.0, 0.0, 0.0, 0.0, 0.0, 0.0, 0.0, 0.0, 0.0, 0.0, 0.0, 0.0, 0.0, 0.0, 0.0, 0.0, 0.0, 0.0, 0.0, 0.0, 0.0, 0.0, 0.0, 0.0, 0.0, 0.0, 0.0, 0.0, 0.0, 0.0, 0.0, 0.0, 0.0, 0.0, 0.0, 0.0, 0.0, 0.0, 0.0, 0.0, 0.0, 0.0, 0.0, 0.0, 0.0, 0.0, 0.0, 0.0, 0.0, 0.0, 0.0, 0.0, 0.0, 0.0, 0.0, 0.0, 0.0, 0.0, 0.0, 0.0, 0.0, 0.0, 0.0, 0.0, 0.0, 0.0, 0.0, 0.0, 0.0, 0.0, 0.0, 0.0, 0.0, 0.0, 0.0, 0.0, 0.0, 0.0, 0.0, 0.0, 0.0, 0.0, 0.0, 0.0, 0.0, 0.0, 0.0, 0.0, 0.0, 0.0, 0.0, 0.0, 0.0, 0.0, 0.0, 0.0, 0.0, 0.0, 0.0, 0.0, 0.0, 0.0, 0.0, 0.0, 0.0, 0.0, 0.0, 0.0, 0.0, 0.0, 0.0, 0.0, 0.0, 0.0, 0.0, 0.0, 0.0, 0.0, 0.0, 0.0, 0.0, 0.0, 0.0, 0.0, 0.0, 0.0, 0.0, 0.0, 0.0, 0.0, 0.0, 0.0, 0.0, 0.0, 0.0, 0.0, 0.0, 0.0, 0.0, 0.0]
cong_K= Any[3, 1, 2, 1, 1, 1, 1, 2, 3, 2, 3, 1, 1, 1, 1, 1] 
obj_k= Any[358523, 351204, 349711, 343587, 343045, 338415, 337494, 336586, 334782, 332451, 329326, 328872, 326398, 326083, 323247, 322074] 
iter_obj = Any[1, 3, 4, 5, 6, 13, 16, 18, 19, 21, 24, 25, 27, 36, 65, 85] 
avgClusterDiam = 2581.266666666667 
maxClusterDiam = 3775.0 
clusterDiamete = [2986.0; 2364.0; 2752.0; 3775.0; 2528.0; 1924.0; 3015.0; 2263.0; 3251.0; 3405.0; 2115.0; 3015.0; 1806.0; 1717.0; 1803.0]   
C = [0, 0, 0, 1, 0, 0, 0, 0, 0, 0, 0, 0, 0, 0, 0, 0, 0, 0, 0, 0, 0, 0, 0, 0, 0, 1, 0, 0, 0, 0, 0, 0, 0, 0, 0, 0, 0, 0, 0, 0, 0, 0, 0, 0, 0, 0, 0, 0, 0, 0, 0, 0, 0, 0, 1, 0, 0, 0, 0, 0, 0, 0, 0, 0, 0, 1, 0, 0, 0, 1, 0, 0, 0, 0, 0, 0, 0, 0, 0, 0, 0, 0, 0, 0, 0, 0, 0, 0, 0, 0, 0, 0, 0, 0, 0, 0, 0, 0, 0, 0, 0, 0, 0, 0, 0, 0, 0, 0, 0, 0, 0, 0, 0, 0, 0, 0, 0, 0, 0, 0, 0, 0, 0, 0, 0, 0, 1, 0, 0, 0, 0, 0, 0, 0, 0, 0, 0, 0, 0, 0, 0, 0, 0, 0, 0, 0, 1, 0, 0, 0, 0, 0, 0, 0, 0, 0, 0, 0, 0, 0, 0, 0, 0, 0, 0, 0, 0, 0, 0, 0, 0, 0, 0, 0, 0, 0, 0, 0, 0, 0, 0, 0, 0, 0, 0, 0, 0, 0, 0, 0, 0, 0, 0, 0, 0, 0, 0, 0, 0, 0, 0, 0, 0, 0, 0, 1, 0, 0, 0, 0, 0, 0, 0, 0, 0, 0, 0, 0, 0, 0, 0, 0, 0, 1, 0, 0, 0, 0, 0, 0, 0, 0, 0, 0, 0, 0, 0, 0, 0, 0, 0, 0, 0, 0, 0, 0, 0, 0, 0, 0, 0, 0, 0, 0, 0, 0, 0, 0, 0, 0, 0, 0, 0, 0, 0, 0, 0, 0, 0, 0, 0, 0, 0, 0, 0, 0, 0, 0, 0, 0, 0, 0, 0, 0, 0, 0, 0, 0, 0, 0, 0, 0, 0, 0, 0, 0, 0, 1, 0, 0, 0, 0, 0, 0, 0, 0, 0, 0, 0, 0, 0, 0, 0, 1, 0, 0, 0, 0, 0, 0, 0, 0, 0, 0, 0, 0, 0, 0, 0, 0, 0, 0, 0, 0, 0, 0, 0, 0, 0, 0, 0, 0, 0, 0, 0, 0, 0, 0, 0, 0, 0, 0, 0, 0, 0, 0, 0, 1, 0, 0, 0, 0, 0, 0, 0, 0, 0, 0, 0, 0, 0, 0, 0, 0, 0, 0, 0, 0, 0, 0, 0, 0, 1, 0, 0, 0, 0, 0, 0, 0, 0, 0, 0, 0, 0, 0, 0, 0, 0, 0, 0, 0, 0, 0, 0, 0, 0, 0, 0, 0, 0, 0, 0, 0, 0, 0, 0, 0, 0, 0, 0, 0, 1, 0, 0, 0, 0, 1, 0, 0, 0, 0, 0, 0, 0, 0, 0, 0, 0, 0, 0, 0, 0, 0, 0, 0, 0, 0, 0, 0, 0, 0]
E = [4, 4, 26, 4, 4, 4, 4, 26, 4, 26, 26, 26, 66, 66, 4, 4, 127, 4, 26, 26, 4, 4, 4, 4, 4, 26, 127, 4, 26, 26, 26, 70, 147, 4, 4, 70, 4, 66, 127, 127, 55, 4, 55, 66, 70, 70, 147, 55, 4, 70, 70, 55, 66, 70, 55, 147, 66, 70, 298, 66, 70, 66, 70, 70, 55, 66, 66, 66, 298, 70, 70, 66, 66, 298, 66, 70, 66, 66, 70, 70, 70, 55, 70, 70, 26, 26, 55, 55, 55, 55, 55, 55, 55, 55, 55, 55, 55, 26, 26, 55, 55, 55, 4, 55, 55, 55, 127, 127, 55, 55, 4, 26, 26, 26, 26, 26, 127, 127, 127, 127, 127, 26, 127, 127, 127, 127, 127, 127, 127, 127, 147, 127, 127, 147, 127, 147, 127, 127, 147, 147, 147, 147, 147, 147, 147, 70, 147, 147, 147, 70, 147, 70, 70, 70, 147, 147, 298, 147, 147, 4, 70, 147, 147, 70, 147, 66, 66, 66, 66, 66, 66, 66, 66, 26, 70, 55, 66, 66, 70, 70, 66, 298, 4, 66, 66, 224, 66, 66, 224, 66, 66, 224, 206, 4, 224, 224, 206, 206, 224, 224, 224, 206, 206, 206, 224, 206, 224, 224, 206, 206, 224, 224, 206, 206, 206, 206, 66, 224, 206, 206, 206, 224, 224, 224, 224, 66, 206, 224, 206, 206, 224, 66, 224, 224, 206, 206, 206, 224, 4, 206, 206, 206, 206, 206, 224, 224, 4, 4, 4, 66, 4, 66, 4, 26, 4, 26, 4, 224, 26, 55, 4, 55, 26, 26, 26, 26, 26, 55, 26, 26, 26, 26, 55, 55, 26, 147, 147, 70, 298, 147, 147, 298, 298, 314, 66, 66, 66, 314, 314, 314, 298, 298, 298, 298, 298, 298, 298, 298, 298, 298, 298, 358, 314, 314, 314, 314, 314, 314, 314, 314, 314, 314, 314, 314, 314, 314, 298, 298, 298, 298, 298, 298, 298, 298, 314, 358, 314, 314, 314, 314, 314, 314, 314, 314, 358, 358, 358, 358, 298, 298, 358, 358, 358, 358, 314, 383, 314, 314, 314, 314, 314, 314, 383, 383, 358, 358, 358, 358, 358, 358, 383, 314, 383, 314, 383, 383, 383, 383, 383, 383, 358, 358, 358, 358, 358, 358, 358, 358, 358, 423, 383, 383, 383, 383, 383, 383, 383, 383, 383, 383, 423, 423, 423, 423, 423, 423, 358, 358, 428, 358, 358, 428, 358, 358, 358, 428, 428, 428, 428, 428, 428, 428, 423, 423, 423, 423, 383, 383, 383, 383, 423, 423, 423, 423, 423, 428, 428, 428, 428, 428, 428, 428, 423, 423, 423, 423, 423, 423, 423, 423, 428, 428, 428, 428, 428, 428, 66, 55, 66, 26, 224, 224]
