n° iter       = 300 
neighborhood_structure = [2] 
Prioridad     = 5 
balance       = 0.2 
Len_N         = 9 
N° clusters   = 15 
N° estaciones = 452 
N° mejoras    = 19
N° iter completadas  = 93
1° FO         = 371603.0
FO            = 320321
Centros       = [5, 50, 78, 87, 120, 151, 206, 218, 271, 293, 308, 353, 374, 413, 428]
Objs= Any[371603.0, 365823, 362012, 354361, 352163, 343990, 343674, 338133, 334958, 333921, 329096, 329096, 328982, 328982, 328982, 328982, 328982, 328982, 327910, 327910, 327910, 327910, 327910, 327910, 327399, 327399, 326108, 326108, 323793, 322981, 322981, 322981, 322981, 322981, 321152, 321152, 321152, 321152, 321152, 321152, 321152, 321152, 321152, 321152, 321152, 321152, 321152, 321152, 321152, 321152, 321152, 321152, 321152, 321152, 321152, 321152, 321152, 321152, 321152, 321152, 321152, 321152, 321152, 321152, 321152, 321152, 321152, 321152, 321152, 320839, 320839, 320839, 320839, 320839, 320839, 320839, 320839, 320839, 320839, 320839, 320839, 320839, 320839, 320839, 320839, 320839, 320839, 320839, 320321, 320321, 320321, 320321, 320321, 320321]
current_obj = [365823.0, 362012.0, 354361.0, 352163.0, 343990.0, 343674.0, 338133.0, 334958.0, 333921.0, 329096.0, 330385.0, 328982.0, 329382.0, 329053.0, 332213.0, 331197.0, 331058.0, 327910.0, 327997.0, 330546.0, 329443.0, 328336.0, 329504.0, 327399.0, 328317.0, 326108.0, 326748.0, 323793.0, 322981.0, 323838.0, 325648.0, 323224.0, 327170.0, 321152.0, 322319.0, 321362.0, 324210.0, 322829.0, 323400.0, 323026.0, 323715.0, 321781.0, 326309.0, 325670.0, 326442.0, 327155.0, 324247.0, 321249.0, 323893.0, 322220.0, 325477.0, 325558.0, 322238.0, 324081.0, 323883.0, 322215.0, 325832.0, 322158.0, 323243.0, 327184.0, 323208.0, 322354.0, 324514.0, 325603.0, 322935.0, 324306.0, 321507.0, 323459.0, 320839.0, 325826.0, 326927.0, 326135.0, 321523.0, 321376.0, 322019.0, 322379.0, 325378.0, 321068.0, 323024.0, 322013.0, 325140.0, 321087.0, 323636.0, 323087.0, 320884.0, 320945.0, 322128.0, 320321.0, 322941.0, 323572.0, 321195.0, 324611.0, 321851.0, 323827.0, 0.0, 0.0, 0.0, 0.0, 0.0, 0.0, 0.0, 0.0, 0.0, 0.0, 0.0, 0.0, 0.0, 0.0, 0.0, 0.0, 0.0, 0.0, 0.0, 0.0, 0.0, 0.0, 0.0, 0.0, 0.0, 0.0, 0.0, 0.0, 0.0, 0.0, 0.0, 0.0, 0.0, 0.0, 0.0, 0.0, 0.0, 0.0, 0.0, 0.0, 0.0, 0.0, 0.0, 0.0, 0.0, 0.0, 0.0, 0.0, 0.0, 0.0, 0.0, 0.0, 0.0, 0.0, 0.0, 0.0, 0.0, 0.0, 0.0, 0.0, 0.0, 0.0, 0.0, 0.0, 0.0, 0.0, 0.0, 0.0, 0.0, 0.0, 0.0, 0.0, 0.0, 0.0, 0.0, 0.0, 0.0, 0.0, 0.0, 0.0, 0.0, 0.0, 0.0, 0.0, 0.0, 0.0, 0.0, 0.0, 0.0, 0.0, 0.0, 0.0, 0.0, 0.0, 0.0, 0.0, 0.0, 0.0, 0.0, 0.0, 0.0, 0.0, 0.0, 0.0, 0.0, 0.0, 0.0, 0.0, 0.0, 0.0, 0.0, 0.0, 0.0, 0.0, 0.0, 0.0, 0.0, 0.0, 0.0, 0.0, 0.0, 0.0, 0.0, 0.0, 0.0, 0.0, 0.0, 0.0, 0.0, 0.0, 0.0, 0.0, 0.0, 0.0, 0.0, 0.0, 0.0, 0.0, 0.0, 0.0, 0.0, 0.0, 0.0, 0.0, 0.0, 0.0, 0.0, 0.0, 0.0, 0.0, 0.0, 0.0, 0.0, 0.0, 0.0, 0.0, 0.0, 0.0, 0.0, 0.0, 0.0, 0.0, 0.0, 0.0, 0.0, 0.0, 0.0, 0.0, 0.0, 0.0, 0.0, 0.0, 0.0, 0.0, 0.0, 0.0, 0.0, 0.0, 0.0, 0.0, 0.0, 0.0, 0.0, 0.0, 0.0, 0.0, 0.0, 0.0, 0.0, 0.0, 0.0, 0.0, 0.0, 0.0, 0.0, 0.0, 0.0, 0.0, 0.0, 0.0, 0.0, 0.0, 0.0, 0.0, 0.0, 0.0]
cong_K= Any[2, 2, 2, 2, 2, 2, 2, 2, 2, 2, 2, 2, 2, 2, 2, 2, 2, 2, 2] 
obj_k= Any[365823, 362012, 354361, 352163, 343990, 343674, 338133, 334958, 333921, 329096, 328982, 327910, 327399, 326108, 323793, 322981, 321152, 320839, 320321] 
iter_obj = Any[1, 2, 3, 4, 5, 6, 7, 8, 9, 10, 12, 18, 24, 26, 28, 29, 34, 69, 88] 
avgClusterDiam = 2592.0 
maxClusterDiam = 3579.0 
clusterDiamete = [3000.0; 2666.0; 3370.0; 2620.0; 1848.0; 2739.0; 2263.0; 3251.0; 2779.0; 3579.0; 1757.0; 2317.0; 3319.0; 1823.0; 1549.0]   
C = [0, 0, 0, 0, 1, 0, 0, 0, 0, 0, 0, 0, 0, 0, 0, 0, 0, 0, 0, 0, 0, 0, 0, 0, 0, 0, 0, 0, 0, 0, 0, 0, 0, 0, 0, 0, 0, 0, 0, 0, 0, 0, 0, 0, 0, 0, 0, 0, 0, 1, 0, 0, 0, 0, 0, 0, 0, 0, 0, 0, 0, 0, 0, 0, 0, 0, 0, 0, 0, 0, 0, 0, 0, 0, 0, 0, 0, 1, 0, 0, 0, 0, 0, 0, 0, 0, 1, 0, 0, 0, 0, 0, 0, 0, 0, 0, 0, 0, 0, 0, 0, 0, 0, 0, 0, 0, 0, 0, 0, 0, 0, 0, 0, 0, 0, 0, 0, 0, 0, 1, 0, 0, 0, 0, 0, 0, 0, 0, 0, 0, 0, 0, 0, 0, 0, 0, 0, 0, 0, 0, 0, 0, 0, 0, 0, 0, 0, 0, 0, 0, 1, 0, 0, 0, 0, 0, 0, 0, 0, 0, 0, 0, 0, 0, 0, 0, 0, 0, 0, 0, 0, 0, 0, 0, 0, 0, 0, 0, 0, 0, 0, 0, 0, 0, 0, 0, 0, 0, 0, 0, 0, 0, 0, 0, 0, 0, 0, 0, 0, 0, 0, 0, 0, 0, 0, 1, 0, 0, 0, 0, 0, 0, 0, 0, 0, 0, 0, 1, 0, 0, 0, 0, 0, 0, 0, 0, 0, 0, 0, 0, 0, 0, 0, 0, 0, 0, 0, 0, 0, 0, 0, 0, 0, 0, 0, 0, 0, 0, 0, 0, 0, 0, 0, 0, 0, 0, 0, 0, 0, 0, 0, 0, 0, 0, 0, 0, 0, 0, 0, 0, 1, 0, 0, 0, 0, 0, 0, 0, 0, 0, 0, 0, 0, 0, 0, 0, 0, 0, 0, 0, 0, 0, 1, 0, 0, 0, 0, 0, 0, 0, 0, 0, 0, 0, 0, 0, 0, 1, 0, 0, 0, 0, 0, 0, 0, 0, 0, 0, 0, 0, 0, 0, 0, 0, 0, 0, 0, 0, 0, 0, 0, 0, 0, 0, 0, 0, 0, 0, 0, 0, 0, 0, 0, 0, 0, 0, 0, 0, 0, 0, 0, 0, 1, 0, 0, 0, 0, 0, 0, 0, 0, 0, 0, 0, 0, 0, 0, 0, 0, 0, 0, 0, 0, 1, 0, 0, 0, 0, 0, 0, 0, 0, 0, 0, 0, 0, 0, 0, 0, 0, 0, 0, 0, 0, 0, 0, 0, 0, 0, 0, 0, 0, 0, 0, 0, 0, 0, 0, 0, 0, 0, 0, 1, 0, 0, 0, 0, 0, 0, 0, 0, 0, 0, 0, 0, 0, 0, 1, 0, 0, 0, 0, 0, 0, 0, 0, 0, 0, 0, 0, 0, 0, 0, 0, 0, 0, 0, 0, 0, 0, 0, 0]
E = [5, 5, 120, 5, 5, 5, 50, 120, 5, 271, 120, 0, 50, 78, 5, 5, 120, 120, 120, 120, 50, 5, 5, 5, 5, 271, 120, 50, 271, 271, 271, 50, 151, 5, 5, 50, 50, 78, 0, 120, 87, 50, 87, 50, 50, 78, 151, 87, 50, 50, 78, 87, 50, 50, 87, 293, 50, 50, 293, 50, 293, 50, 78, 151, 271, 78, 78, 78, 293, 50, 50, 78, 78, 78, 78, 0, 78, 78, 78, 78, 0, 87, 78, 50, 5, 120, 87, 87, 87, 87, 87, 87, 87, 87, 87, 87, 87, 87, 271, 87, 87, 87, 5, 87, 87, 87, 120, 87, 87, 87, 5, 87, 120, 120, 120, 120, 120, 120, 120, 120, 120, 87, 120, 120, 120, 151, 120, 120, 151, 120, 151, 120, 120, 151, 120, 151, 120, 120, 151, 0, 151, 151, 151, 0, 151, 151, 151, 151, 151, 151, 151, 151, 151, 50, 151, 151, 293, 151, 151, 5, 151, 151, 151, 151, 151, 78, 78, 78, 78, 78, 78, 78, 78, 5, 78, 271, 78, 78, 78, 50, 78, 293, 5, 78, 78, 218, 78, 78, 218, 0, 78, 218, 206, 50, 218, 218, 206, 206, 218, 218, 218, 206, 206, 206, 218, 206, 218, 218, 206, 206, 218, 218, 206, 206, 206, 206, 5, 218, 206, 206, 206, 218, 218, 218, 218, 5, 206, 206, 206, 206, 218, 5, 206, 218, 206, 206, 206, 206, 5, 206, 206, 206, 206, 206, 218, 218, 5, 5, 5, 78, 5, 50, 50, 5, 5, 5, 5, 218, 271, 87, 50, 87, 5, 271, 271, 271, 271, 271, 271, 87, 271, 271, 271, 271, 87, 151, 151, 293, 293, 151, 293, 293, 293, 308, 78, 78, 78, 308, 308, 374, 293, 293, 293, 293, 293, 293, 293, 293, 293, 293, 293, 374, 308, 308, 308, 308, 308, 308, 308, 308, 308, 308, 308, 308, 353, 308, 293, 293, 293, 293, 293, 293, 293, 293, 308, 353, 308, 308, 308, 308, 308, 353, 308, 353, 374, 353, 374, 374, 293, 293, 374, 374, 374, 374, 353, 353, 353, 353, 353, 353, 353, 353, 353, 353, 353, 353, 374, 374, 374, 374, 353, 353, 353, 353, 353, 353, 353, 353, 353, 353, 353, 353, 374, 374, 374, 374, 374, 413, 413, 413, 353, 353, 353, 353, 353, 353, 353, 353, 413, 413, 413, 413, 413, 413, 413, 413, 413, 413, 374, 374, 374, 428, 374, 374, 374, 428, 428, 428, 428, 428, 428, 428, 413, 413, 413, 413, 353, 413, 413, 413, 413, 413, 413, 413, 413, 428, 428, 428, 428, 428, 428, 428, 413, 413, 413, 413, 413, 413, 413, 428, 428, 428, 428, 428, 428, 428, 50, 87, 50, 271, 218, 218]
