n° iter       = 300 
neighborhood_structure = [3] 
Prioridad     = 5 
balance       = 0.2 
Len_N         = 1 
N° clusters   = 15 
N° estaciones = 452 
N° mejoras    = 7
N° iter completadas  = 81
1° FO         = 356398.0
FO            = 331037
Centros       = [18, 70, 87, 137, 185, 204, 236, 253, 268, 293, 304, 360, 368, 408, 435]
Objs= Any[356398.0, 355142, 355142, 348375, 348375, 348375, 348375, 342455, 342455, 342455, 342455, 342455, 342455, 342455, 337591, 337591, 337591, 337591, 337591, 337591, 337591, 337591, 337591, 337591, 337591, 337591, 337591, 337591, 337591, 337591, 337591, 337591, 337591, 337591, 337591, 337591, 337591, 337591, 337591, 337591, 332853, 332432, 332432, 332432, 332432, 332432, 332432, 332432, 332432, 332432, 332432, 331037, 331037, 331037, 331037, 331037, 331037, 331037, 331037, 331037, 331037, 331037, 331037, 331037, 331037, 331037, 331037, 331037, 331037, 331037, 331037, 331037, 331037, 331037, 331037, 331037, 331037, 331037, 331037, 331037, 331037, 331037]
current_obj = [355142.0, 377319.0, 348375.0, 356783.0, 350427.0, 354658.0, 342455.0, 347267.0, 350428.0, 358823.0, 367926.0, 356019.0, 351130.0, 337591.0, 351460.0, 343791.0, 339021.0, 345711.0, 343740.0, 348475.0, 348871.0, 341552.0, 342856.0, 343114.0, 351172.0, 338249.0, 337923.0, 344806.0, 339074.0, 345378.0, 346257.0, 343203.0, 346494.0, 349920.0, 340124.0, 348825.0, 347635.0, 361153.0, 353797.0, 332853.0, 332432.0, 344070.0, 337972.0, 338023.0, 344845.0, 344567.0, 346484.0, 347956.0, 340423.0, 334746.0, 331037.0, 350034.0, 336675.0, 335936.0, 334371.0, 336907.0, 339200.0, 338685.0, 344715.0, 348453.0, 347081.0, 342318.0, 341236.0, 343833.0, 338677.0, 335612.0, 340462.0, 341534.0, 348618.0, 339991.0, 344458.0, 334760.0, 343608.0, 339363.0, 348328.0, 337618.0, 347928.0, 336220.0, 357628.0, 338966.0, 343177.0, 332847.0, 0.0, 0.0, 0.0, 0.0, 0.0, 0.0, 0.0, 0.0, 0.0, 0.0, 0.0, 0.0, 0.0, 0.0, 0.0, 0.0, 0.0, 0.0, 0.0, 0.0, 0.0, 0.0, 0.0, 0.0, 0.0, 0.0, 0.0, 0.0, 0.0, 0.0, 0.0, 0.0, 0.0, 0.0, 0.0, 0.0, 0.0, 0.0, 0.0, 0.0, 0.0, 0.0, 0.0, 0.0, 0.0, 0.0, 0.0, 0.0, 0.0, 0.0, 0.0, 0.0, 0.0, 0.0, 0.0, 0.0, 0.0, 0.0, 0.0, 0.0, 0.0, 0.0, 0.0, 0.0, 0.0, 0.0, 0.0, 0.0, 0.0, 0.0, 0.0, 0.0, 0.0, 0.0, 0.0, 0.0, 0.0, 0.0, 0.0, 0.0, 0.0, 0.0, 0.0, 0.0, 0.0, 0.0, 0.0, 0.0, 0.0, 0.0, 0.0, 0.0, 0.0, 0.0, 0.0, 0.0, 0.0, 0.0, 0.0, 0.0, 0.0, 0.0, 0.0, 0.0, 0.0, 0.0, 0.0, 0.0, 0.0, 0.0, 0.0, 0.0, 0.0, 0.0, 0.0, 0.0, 0.0, 0.0, 0.0, 0.0, 0.0, 0.0, 0.0, 0.0, 0.0, 0.0, 0.0, 0.0, 0.0, 0.0, 0.0, 0.0, 0.0, 0.0, 0.0, 0.0, 0.0, 0.0, 0.0, 0.0, 0.0, 0.0, 0.0, 0.0, 0.0, 0.0, 0.0, 0.0, 0.0, 0.0, 0.0, 0.0, 0.0, 0.0, 0.0, 0.0, 0.0, 0.0, 0.0, 0.0, 0.0, 0.0, 0.0, 0.0, 0.0, 0.0, 0.0, 0.0, 0.0, 0.0, 0.0, 0.0, 0.0, 0.0, 0.0, 0.0, 0.0, 0.0, 0.0, 0.0, 0.0, 0.0, 0.0, 0.0, 0.0, 0.0, 0.0, 0.0, 0.0, 0.0, 0.0, 0.0, 0.0, 0.0, 0.0, 0.0, 0.0, 0.0, 0.0, 0.0, 0.0, 0.0, 0.0, 0.0, 0.0, 0.0, 0.0, 0.0, 0.0, 0.0, 0.0, 0.0, 0.0, 0.0, 0.0, 0.0, 0.0, 0.0]
cong_K= Any[3, 3, 3, 3, 3, 3, 3] 
obj_k= Any[355142, 348375, 342455, 337591, 332853, 332432, 331037] 
iter_obj = Any[1, 3, 7, 14, 40, 41, 51] 
avgClusterDiam = 2724.5333333333333 
maxClusterDiam = 4009.0 
clusterDiamete = [2358.0; 2993.0; 2430.0; 2657.0; 3995.0; 2803.0; 2263.0; 4009.0; 2779.0; 3644.0; 2003.0; 3142.0; 2501.0; 1500.0; 1791.0]   
C = [0, 0, 0, 0, 0, 0, 0, 0, 0, 0, 0, 0, 0, 0, 0, 0, 0, 1, 0, 0, 0, 0, 0, 0, 0, 0, 0, 0, 0, 0, 0, 0, 0, 0, 0, 0, 0, 0, 0, 0, 0, 0, 0, 0, 0, 0, 0, 0, 0, 0, 0, 0, 0, 0, 0, 0, 0, 0, 0, 0, 0, 0, 0, 0, 0, 0, 0, 0, 0, 1, 0, 0, 0, 0, 0, 0, 0, 0, 0, 0, 0, 0, 0, 0, 0, 0, 1, 0, 0, 0, 0, 0, 0, 0, 0, 0, 0, 0, 0, 0, 0, 0, 0, 0, 0, 0, 0, 0, 0, 0, 0, 0, 0, 0, 0, 0, 0, 0, 0, 0, 0, 0, 0, 0, 0, 0, 0, 0, 0, 0, 0, 0, 0, 0, 0, 0, 1, 0, 0, 0, 0, 0, 0, 0, 0, 0, 0, 0, 0, 0, 0, 0, 0, 0, 0, 0, 0, 0, 0, 0, 0, 0, 0, 0, 0, 0, 0, 0, 0, 0, 0, 0, 0, 0, 0, 0, 0, 0, 0, 0, 0, 0, 0, 0, 1, 0, 0, 0, 0, 0, 0, 0, 0, 0, 0, 0, 0, 0, 0, 0, 0, 0, 0, 1, 0, 0, 0, 0, 0, 0, 0, 0, 0, 0, 0, 0, 0, 0, 0, 0, 0, 0, 0, 0, 0, 0, 0, 0, 0, 0, 0, 0, 0, 0, 0, 1, 0, 0, 0, 0, 0, 0, 0, 0, 0, 0, 0, 0, 0, 0, 0, 0, 1, 0, 0, 0, 0, 0, 0, 0, 0, 0, 0, 0, 0, 0, 0, 1, 0, 0, 0, 0, 0, 0, 0, 0, 0, 0, 0, 0, 0, 0, 0, 0, 0, 0, 0, 0, 0, 0, 0, 0, 1, 0, 0, 0, 0, 0, 0, 0, 0, 0, 0, 1, 0, 0, 0, 0, 0, 0, 0, 0, 0, 0, 0, 0, 0, 0, 0, 0, 0, 0, 0, 0, 0, 0, 0, 0, 0, 0, 0, 0, 0, 0, 0, 0, 0, 0, 0, 0, 0, 0, 0, 0, 0, 0, 0, 0, 0, 0, 0, 0, 0, 0, 0, 0, 0, 0, 0, 1, 0, 0, 0, 0, 0, 0, 0, 1, 0, 0, 0, 0, 0, 0, 0, 0, 0, 0, 0, 0, 0, 0, 0, 0, 0, 0, 0, 0, 0, 0, 0, 0, 0, 0, 0, 0, 0, 0, 0, 0, 0, 0, 0, 0, 0, 0, 0, 1, 0, 0, 0, 0, 0, 0, 0, 0, 0, 0, 0, 0, 0, 0, 0, 0, 0, 0, 0, 0, 0, 0, 0, 0, 0, 0, 1, 0, 0, 0, 0, 0, 0, 0, 0, 0, 0, 0, 0, 0, 0, 0, 0, 0]
E = [18, 253, 18, 18, 18, 18, 253, 18, 18, 268, 18, 18, 70, 185, 253, 18, 18, 18, 18, 18, 253, 253, 253, 253, 18, 268, 18, 253, 268, 268, 268, 18, 137, 253, 18, 253, 253, 70, 137, 18, 87, 18, 87, 253, 70, 70, 70, 87, 253, 70, 70, 87, 185, 70, 87, 293, 70, 70, 293, 253, 70, 70, 70, 70, 268, 185, 70, 70, 70, 70, 70, 185, 70, 293, 70, 70, 185, 253, 70, 70, 70, 87, 70, 70, 18, 18, 87, 87, 87, 87, 87, 87, 87, 87, 87, 87, 87, 87, 268, 87, 87, 87, 253, 87, 87, 87, 87, 87, 87, 87, 18, 87, 268, 137, 268, 268, 18, 137, 18, 18, 137, 87, 137, 137, 137, 137, 137, 137, 137, 137, 137, 137, 137, 293, 137, 137, 137, 137, 137, 137, 137, 293, 137, 137, 137, 70, 137, 137, 137, 70, 70, 70, 70, 70, 70, 70, 293, 137, 137, 18, 70, 70, 137, 70, 70, 185, 185, 70, 304, 185, 70, 185, 70, 268, 70, 268, 185, 185, 70, 70, 70, 304, 18, 185, 185, 185, 185, 185, 185, 185, 185, 236, 236, 253, 253, 204, 236, 236, 204, 204, 204, 204, 236, 204, 253, 236, 185, 204, 236, 204, 204, 204, 236, 236, 204, 204, 185, 204, 236, 236, 236, 204, 204, 253, 253, 185, 236, 236, 236, 236, 253, 253, 236, 204, 236, 236, 236, 236, 253, 204, 236, 204, 204, 204, 204, 253, 253, 18, 253, 185, 253, 253, 253, 268, 18, 18, 18, 253, 268, 87, 253, 87, 18, 268, 268, 268, 268, 268, 268, 87, 268, 268, 268, 268, 268, 293, 70, 293, 293, 293, 293, 293, 293, 304, 304, 304, 185, 304, 304, 304, 304, 293, 293, 293, 293, 293, 293, 293, 293, 293, 304, 360, 304, 304, 360, 304, 304, 304, 304, 304, 304, 304, 304, 304, 368, 304, 293, 293, 293, 293, 293, 293, 293, 293, 304, 368, 304, 304, 304, 304, 304, 368, 304, 368, 360, 360, 360, 360, 293, 293, 360, 360, 360, 360, 368, 368, 368, 368, 368, 368, 368, 368, 368, 368, 368, 360, 360, 360, 360, 360, 368, 368, 368, 368, 368, 368, 368, 368, 368, 368, 368, 360, 360, 360, 360, 360, 360, 360, 360, 368, 368, 368, 368, 368, 368, 368, 368, 368, 368, 368, 368, 368, 435, 435, 360, 435, 360, 360, 360, 360, 360, 408, 360, 360, 408, 408, 408, 408, 408, 408, 408, 408, 435, 435, 435, 435, 368, 368, 368, 368, 435, 435, 435, 435, 435, 435, 435, 408, 408, 408, 408, 408, 435, 435, 435, 435, 435, 435, 435, 435, 435, 408, 408, 408, 408, 408, 253, 87, 70, 268, 236, 204]
