n° iter       = 300 
neighborhood_structure = [3] 
Prioridad     = 5 
balance       = 0.2 
Len_N         = 3 
N° clusters   = 15 
N° estaciones = 452 
N° mejoras    = 15
N° iter completadas  = 89
1° FO         = 383697.0
FO            = 318876
Centros       = [15, 20, 66, 96, 140, 157, 215, 224, 274, 314, 319, 358, 368, 413, 428]
Objs= Any[383697.0, 383697.0, 373375, 357002, 348369, 348369, 347557, 347557, 347557, 344878, 344329, 342074, 338997, 338997, 338997, 338997, 336260, 333486, 333486, 333486, 333486, 333486, 333486, 333486, 333486, 333486, 333486, 333486, 333486, 333486, 333486, 333486, 333486, 333486, 331965, 331965, 326592, 326592, 326592, 326592, 326592, 326592, 322537, 322537, 322537, 322537, 322537, 322291, 322291, 322291, 322291, 322291, 322291, 322291, 322291, 322291, 322291, 322291, 322291, 322291, 322291, 322291, 318876, 318876, 318876, 318876, 318876, 318876, 318876, 318876, 318876, 318876, 318876, 318876, 318876, 318876, 318876, 318876, 318876, 318876, 318876, 318876, 318876, 318876, 318876, 318876, 318876, 318876, 318876, 318876]
current_obj = [386471.0, 373375.0, 357002.0, 348369.0, 352908.0, 347557.0, 349043.0, 347938.0, 344878.0, 344329.0, 342074.0, 338997.0, 344920.0, 347127.0, 341408.0, 336260.0, 333486.0, 336948.0, 339899.0, 342515.0, 334333.0, 344361.0, 334558.0, 339006.0, 338069.0, 336740.0, 343154.0, 342683.0, 333611.0, 335857.0, 338906.0, 336848.0, 335938.0, 331965.0, 339879.0, 326592.0, 337438.0, 332415.0, 334598.0, 336259.0, 337289.0, 322537.0, 325672.0, 327523.0, 330331.0, 328514.0, 322291.0, 328135.0, 336064.0, 328579.0, 328491.0, 335556.0, 327520.0, 330520.0, 328115.0, 329624.0, 326910.0, 329469.0, 330827.0, 331965.0, 329729.0, 318876.0, 322324.0, 330917.0, 322973.0, 331079.0, 324738.0, 327075.0, 324552.0, 325323.0, 327975.0, 322973.0, 328576.0, 323536.0, 335702.0, 325168.0, 327893.0, 325472.0, 326064.0, 320802.0, 331792.0, 324367.0, 331316.0, 322362.0, 326886.0, 328537.0, 326640.0, 327474.0, 331090.0, 326213.0, 0.0, 0.0, 0.0, 0.0, 0.0, 0.0, 0.0, 0.0, 0.0, 0.0, 0.0, 0.0, 0.0, 0.0, 0.0, 0.0, 0.0, 0.0, 0.0, 0.0, 0.0, 0.0, 0.0, 0.0, 0.0, 0.0, 0.0, 0.0, 0.0, 0.0, 0.0, 0.0, 0.0, 0.0, 0.0, 0.0, 0.0, 0.0, 0.0, 0.0, 0.0, 0.0, 0.0, 0.0, 0.0, 0.0, 0.0, 0.0, 0.0, 0.0, 0.0, 0.0, 0.0, 0.0, 0.0, 0.0, 0.0, 0.0, 0.0, 0.0, 0.0, 0.0, 0.0, 0.0, 0.0, 0.0, 0.0, 0.0, 0.0, 0.0, 0.0, 0.0, 0.0, 0.0, 0.0, 0.0, 0.0, 0.0, 0.0, 0.0, 0.0, 0.0, 0.0, 0.0, 0.0, 0.0, 0.0, 0.0, 0.0, 0.0, 0.0, 0.0, 0.0, 0.0, 0.0, 0.0, 0.0, 0.0, 0.0, 0.0, 0.0, 0.0, 0.0, 0.0, 0.0, 0.0, 0.0, 0.0, 0.0, 0.0, 0.0, 0.0, 0.0, 0.0, 0.0, 0.0, 0.0, 0.0, 0.0, 0.0, 0.0, 0.0, 0.0, 0.0, 0.0, 0.0, 0.0, 0.0, 0.0, 0.0, 0.0, 0.0, 0.0, 0.0, 0.0, 0.0, 0.0, 0.0, 0.0, 0.0, 0.0, 0.0, 0.0, 0.0, 0.0, 0.0, 0.0, 0.0, 0.0, 0.0, 0.0, 0.0, 0.0, 0.0, 0.0, 0.0, 0.0, 0.0, 0.0, 0.0, 0.0, 0.0, 0.0, 0.0, 0.0, 0.0, 0.0, 0.0, 0.0, 0.0, 0.0, 0.0, 0.0, 0.0, 0.0, 0.0, 0.0, 0.0, 0.0, 0.0, 0.0, 0.0, 0.0, 0.0, 0.0, 0.0, 0.0, 0.0, 0.0, 0.0, 0.0, 0.0, 0.0, 0.0, 0.0, 0.0, 0.0, 0.0, 0.0, 0.0, 0.0, 0.0, 0.0, 0.0, 0.0, 0.0, 0.0, 0.0, 0.0, 0.0]
cong_K= Any[3, 3, 3, 3, 3, 3, 3, 3, 3, 3, 3, 3, 3, 3, 3] 
obj_k= Any[373375, 357002, 348369, 347557, 344878, 344329, 342074, 338997, 336260, 333486, 331965, 326592, 322537, 322291, 318876] 
iter_obj = Any[2, 3, 4, 6, 9, 10, 11, 12, 16, 17, 34, 36, 42, 47, 62] 
avgClusterDiam = 2661.733333333333 
maxClusterDiam = 3775.0 
clusterDiamete = [2986.0; 1981.0; 3775.0; 2620.0; 2223.0; 3262.0; 2263.0; 3191.0; 2779.0; 3278.0; 3155.0; 3319.0; 2027.0; 1518.0; 1549.0]   
C = [0, 0, 0, 0, 0, 0, 0, 0, 0, 0, 0, 0, 0, 0, 1, 0, 0, 0, 0, 1, 0, 0, 0, 0, 0, 0, 0, 0, 0, 0, 0, 0, 0, 0, 0, 0, 0, 0, 0, 0, 0, 0, 0, 0, 0, 0, 0, 0, 0, 0, 0, 0, 0, 0, 0, 0, 0, 0, 0, 0, 0, 0, 0, 0, 0, 1, 0, 0, 0, 0, 0, 0, 0, 0, 0, 0, 0, 0, 0, 0, 0, 0, 0, 0, 0, 0, 0, 0, 0, 0, 0, 0, 0, 0, 0, 1, 0, 0, 0, 0, 0, 0, 0, 0, 0, 0, 0, 0, 0, 0, 0, 0, 0, 0, 0, 0, 0, 0, 0, 0, 0, 0, 0, 0, 0, 0, 0, 0, 0, 0, 0, 0, 0, 0, 0, 0, 0, 0, 0, 1, 0, 0, 0, 0, 0, 0, 0, 0, 0, 0, 0, 0, 0, 0, 0, 0, 1, 0, 0, 0, 0, 0, 0, 0, 0, 0, 0, 0, 0, 0, 0, 0, 0, 0, 0, 0, 0, 0, 0, 0, 0, 0, 0, 0, 0, 0, 0, 0, 0, 0, 0, 0, 0, 0, 0, 0, 0, 0, 0, 0, 0, 0, 0, 0, 0, 0, 0, 0, 0, 0, 0, 0, 0, 0, 1, 0, 0, 0, 0, 0, 0, 0, 0, 1, 0, 0, 0, 0, 0, 0, 0, 0, 0, 0, 0, 0, 0, 0, 0, 0, 0, 0, 0, 0, 0, 0, 0, 0, 0, 0, 0, 0, 0, 0, 0, 0, 0, 0, 0, 0, 0, 0, 0, 0, 0, 0, 0, 0, 0, 0, 0, 0, 0, 1, 0, 0, 0, 0, 0, 0, 0, 0, 0, 0, 0, 0, 0, 0, 0, 0, 0, 0, 0, 0, 0, 0, 0, 0, 0, 0, 0, 0, 0, 0, 0, 0, 0, 0, 0, 0, 0, 0, 0, 1, 0, 0, 0, 0, 1, 0, 0, 0, 0, 0, 0, 0, 0, 0, 0, 0, 0, 0, 0, 0, 0, 0, 0, 0, 0, 0, 0, 0, 0, 0, 0, 0, 0, 0, 0, 0, 0, 0, 0, 0, 0, 0, 0, 1, 0, 0, 0, 0, 0, 0, 0, 0, 0, 1, 0, 0, 0, 0, 0, 0, 0, 0, 0, 0, 0, 0, 0, 0, 0, 0, 0, 0, 0, 0, 0, 0, 0, 0, 0, 0, 0, 0, 0, 0, 0, 0, 0, 0, 0, 0, 0, 0, 0, 0, 0, 0, 0, 0, 1, 0, 0, 0, 0, 0, 0, 0, 0, 0, 0, 0, 0, 0, 0, 1, 0, 0, 0, 0, 0, 0, 0, 0, 0, 0, 0, 0, 0, 0, 0, 0, 0, 0, 0, 0, 0, 0, 0, 0]
E = [20, 15, 20, 15, 20, 20, 15, 20, 20, 274, 20, 20, 66, 66, 15, 20, 20, 20, 20, 20, 15, 15, 15, 15, 15, 20, 20, 15, 96, 274, 274, 15, 157, 15, 15, 66, 15, 66, 140, 15, 96, 15, 96, 15, 66, 157, 157, 96, 15, 66, 157, 96, 66, 66, 96, 157, 66, 66, 157, 66, 157, 66, 66, 157, 274, 66, 66, 314, 157, 157, 157, 66, 66, 319, 66, 157, 66, 66, 66, 157, 157, 96, 157, 157, 20, 20, 96, 96, 96, 96, 96, 96, 96, 96, 96, 96, 96, 96, 96, 96, 96, 96, 15, 96, 96, 96, 96, 96, 96, 96, 15, 20, 20, 20, 20, 274, 20, 20, 20, 20, 140, 96, 140, 140, 20, 140, 140, 140, 140, 140, 140, 140, 140, 140, 140, 140, 140, 140, 140, 140, 140, 157, 140, 140, 140, 157, 140, 140, 140, 157, 157, 157, 157, 157, 140, 157, 319, 140, 140, 0, 157, 157, 140, 157, 157, 66, 66, 66, 157, 66, 66, 66, 66, 274, 157, 274, 66, 66, 157, 157, 66, 319, 0, 66, 66, 224, 66, 66, 224, 66, 66, 0, 215, 15, 224, 224, 215, 215, 0, 224, 224, 215, 215, 215, 224, 215, 224, 224, 215, 215, 224, 0, 215, 215, 215, 215, 66, 224, 215, 215, 215, 224, 224, 224, 224, 66, 215, 215, 215, 215, 224, 66, 215, 224, 215, 215, 215, 215, 15, 215, 215, 215, 215, 215, 224, 224, 0, 15, 15, 66, 15, 15, 15, 20, 20, 20, 20, 224, 274, 96, 15, 96, 20, 274, 274, 274, 274, 274, 274, 20, 274, 274, 274, 274, 96, 157, 157, 157, 157, 157, 157, 157, 319, 314, 66, 66, 66, 314, 314, 358, 157, 319, 157, 319, 157, 319, 319, 319, 319, 319, 319, 358, 314, 314, 314, 314, 314, 314, 314, 314, 314, 314, 314, 314, 314, 319, 319, 319, 319, 319, 319, 319, 319, 319, 319, 358, 314, 314, 314, 314, 314, 368, 314, 368, 368, 358, 358, 358, 358, 319, 358, 358, 358, 358, 368, 368, 368, 314, 314, 368, 314, 314, 368, 368, 368, 358, 358, 358, 358, 358, 368, 368, 368, 368, 368, 368, 368, 368, 368, 368, 368, 368, 358, 358, 358, 358, 358, 358, 413, 413, 368, 368, 368, 368, 368, 368, 368, 368, 368, 413, 413, 413, 413, 413, 413, 413, 413, 413, 358, 358, 358, 428, 358, 358, 358, 428, 428, 428, 428, 428, 428, 428, 413, 413, 413, 413, 368, 368, 368, 413, 413, 413, 413, 413, 413, 428, 428, 428, 428, 428, 428, 428, 413, 413, 413, 413, 413, 413, 413, 428, 428, 428, 428, 428, 428, 428, 15, 96, 66, 96, 224, 224]
