n° iter       = 300 
neighborhood_structure = [2] 
Prioridad     = 5 
balance       = 0.2 
Len_N         = 9 
N° clusters   = 15 
N° estaciones = 452 
N° mejoras    = 25
N° iter completadas  = 300
1° FO         = 373134.0
FO            = 317413
Centros       = [2, 44, 78, 87, 117, 151, 208, 214, 264, 299, 313, 353, 358, 416, 427]
Objs= Any[373134.0, 367392, 360796, 356669, 354504, 352159, 346804, 346804, 340918, 336587, 334884, 334884, 334884, 334884, 332606, 332606, 332606, 332606, 332606, 332606, 332606, 332452, 332018, 332018, 332018, 332018, 332018, 332018, 332018, 332018, 332018, 331648, 331648, 331648, 331648, 331648, 331648, 331648, 331648, 331544, 331544, 331544, 329561, 329561, 329561, 329561, 329561, 329561, 329561, 329561, 329561, 329561, 329561, 329561, 329561, 326245, 325763, 325763, 325763, 325763, 325763, 325763, 325763, 325763, 325763, 322662, 322662, 322662, 322662, 322662, 322662, 322662, 322662, 322662, 322662, 322662, 322400, 322400, 322400, 321290, 321290, 321290, 321290, 321290, 321290, 321290, 321290, 321290, 321290, 321290, 321290, 321290, 320343, 320343, 320343, 320343, 320343, 320343, 320343, 320343, 320343, 318876, 318876, 318876, 318876, 318876, 318876, 318876, 318876, 318876, 318876, 318876, 318876, 318876, 318876, 318876, 318876, 318876, 318876, 318876, 318876, 318876, 318876, 318876, 318876, 318876, 318876, 318876, 318876, 318876, 318876, 318876, 318876, 318876, 318876, 318876, 318876, 318876, 318876, 318876, 318876, 318876, 318876, 318876, 318876, 318876, 318876, 318876, 318876, 318876, 318876, 318876, 318876, 318876, 318876, 318876, 318876, 318876, 318876, 318876, 318876, 318876, 318876, 318876, 318876, 318876, 318876, 318876, 318876, 318876, 318762, 318762, 318762, 318762, 318762, 317448, 317448, 317448, 317448, 317448, 317448, 317448, 317448, 317448, 317448, 317448, 317448, 317448, 317448, 317448, 317448, 317448, 317448, 317448, 317448, 317448, 317448, 317448, 317448, 317448, 317448, 317448, 317448, 317448, 317448, 317448, 317448, 317448, 317448, 317448, 317448, 317448, 317448, 317448, 317448, 317448, 317448, 317448, 317448, 317448, 317448, 317448, 317448, 317448, 317448, 317448, 317448, 317448, 317448, 317448, 317448, 317413, 317413, 317413, 317413, 317413, 317413, 317413, 317413, 317413, 317413, 317413, 317413, 317413, 317413, 317413, 317413, 317413, 317413, 317413, 317413, 317413, 317413, 317413, 317413, 317413, 317413, 317413, 317413, 317413, 317413, 317413, 317413, 317413, 317413, 317413, 317413, 317413, 317413, 317413, 317413, 317413, 317413, 317413, 317413, 317413, 317413, 317413, 317413, 317413, 317413, 317413, 317413, 317413, 317413, 317413, 317413, 317413, 317413, 317413, 317413, 317413, 317413, 317413, 317413, 317413, 317413, 317413, 317413, 317413]
current_obj = [367392.0, 360796.0, 356669.0, 354504.0, 352159.0, 346804.0, 349712.0, 340918.0, 336587.0, 334884.0, 340889.0, 334894.0, 338241.0, 332606.0, 336879.0, 333974.0, 338480.0, 332659.0, 337468.0, 333216.0, 332452.0, 332018.0, 332780.0, 333527.0, 332058.0, 334064.0, 333803.0, 335479.0, 334740.0, 337077.0, 331648.0, 334204.0, 334730.0, 337338.0, 333818.0, 336370.0, 334069.0, 333411.0, 331544.0, 336070.0, 332650.0, 329561.0, 331925.0, 333324.0, 330004.0, 330889.0, 329943.0, 333368.0, 330051.0, 332555.0, 330519.0, 329609.0, 329666.0, 331162.0, 326245.0, 325763.0, 327064.0, 326112.0, 331081.0, 326386.0, 327525.0, 327698.0, 327142.0, 329857.0, 322662.0, 328184.0, 325730.0, 327755.0, 323273.0, 330509.0, 326152.0, 326173.0, 323605.0, 326137.0, 323980.0, 322400.0, 325647.0, 327453.0, 321290.0, 323473.0, 322672.0, 323324.0, 322108.0, 324137.0, 323048.0, 323221.0, 322618.0, 322985.0, 325181.0, 322649.0, 322651.0, 320343.0, 327330.0, 323727.0, 322245.0, 320741.0, 321210.0, 320520.0, 322307.0, 324267.0, 318876.0, 321572.0, 322372.0, 322490.0, 322026.0, 321069.0, 322755.0, 322881.0, 320582.0, 321445.0, 321611.0, 324642.0, 320949.0, 320535.0, 323873.0, 324053.0, 319486.0, 322683.0, 323420.0, 321869.0, 321585.0, 319243.0, 321135.0, 322345.0, 322344.0, 321916.0, 319389.0, 323614.0, 320023.0, 320264.0, 322748.0, 322828.0, 319953.0, 321989.0, 322399.0, 322307.0, 321433.0, 321166.0, 323123.0, 320412.0, 320298.0, 319970.0, 320575.0, 325153.0, 319499.0, 322037.0, 323270.0, 321997.0, 319741.0, 322961.0, 320381.0, 319783.0, 322454.0, 320395.0, 323185.0, 323930.0, 320161.0, 320790.0, 322156.0, 324057.0, 321317.0, 320887.0, 326346.0, 320401.0, 320333.0, 322757.0, 321046.0, 319620.0, 322381.0, 318762.0, 321867.0, 320458.0, 319898.0, 323903.0, 317448.0, 319101.0, 320168.0, 319654.0, 319018.0, 319054.0, 322219.0, 319028.0, 322997.0, 319215.0, 321890.0, 321746.0, 321760.0, 318170.0, 317962.0, 319223.0, 319435.0, 321390.0, 319074.0, 319684.0, 320995.0, 319210.0, 319180.0, 318267.0, 322379.0, 319070.0, 323997.0, 319102.0, 318973.0, 319581.0, 321265.0, 319936.0, 320438.0, 321215.0, 319034.0, 320162.0, 319585.0, 321820.0, 317905.0, 322044.0, 320062.0, 319908.0, 322246.0, 322807.0, 318393.0, 320137.0, 320634.0, 319663.0, 320271.0, 319416.0, 321328.0, 319237.0, 322222.0, 324118.0, 320539.0, 318077.0, 317413.0, 321219.0, 322609.0, 323259.0, 318639.0, 320323.0, 319627.0, 322287.0, 320326.0, 320618.0, 319423.0, 319136.0, 318962.0, 323099.0, 321781.0, 318804.0, 318237.0, 318775.0, 319333.0, 320291.0, 321617.0, 319246.0, 319085.0, 321678.0, 321678.0, 319910.0, 321468.0, 321588.0, 318887.0, 321878.0, 318917.0, 321839.0, 322745.0, 320238.0, 319990.0, 322173.0, 320019.0, 321685.0, 318517.0, 318479.0, 319972.0, 322178.0, 321670.0, 320747.0, 319625.0, 318434.0, 321425.0, 320486.0, 321179.0, 321590.0, 318703.0, 319375.0, 318566.0, 320099.0, 318411.0, 320666.0, 317816.0, 318910.0, 320856.0, 319845.0, 318243.0, 320410.0, 320087.0, 318085.0, 322267.0, 320449.0, 319353.0, 322564.0, 320726.0, 319994.0]
cong_K= Any[2, 2, 2, 2, 2, 2, 2, 2, 2, 2, 2, 2, 2, 2, 2, 2, 2, 2, 2, 2, 2, 2, 2, 2, 2] 
obj_k= Any[367392, 360796, 356669, 354504, 352159, 346804, 340918, 336587, 334884, 332606, 332452, 332018, 331648, 331544, 329561, 326245, 325763, 322662, 322400, 321290, 320343, 318876, 318762, 317448, 317413] 
iter_obj = Any[1, 2, 3, 4, 5, 6, 8, 9, 10, 14, 21, 22, 31, 39, 42, 55, 56, 65, 76, 79, 92, 101, 170, 175, 231] 
avgClusterDiam = 2633.4 
maxClusterDiam = 3579.0 
clusterDiamete = [3000.0; 2666.0; 3370.0; 2595.0; 2140.0; 3262.0; 3033.0; 2263.0; 2779.0; 3579.0; 1909.0; 1873.0; 3197.0; 1999.0; 1836.0]   
C = [0, 1, 0, 0, 0, 0, 0, 0, 0, 0, 0, 0, 0, 0, 0, 0, 0, 0, 0, 0, 0, 0, 0, 0, 0, 0, 0, 0, 0, 0, 0, 0, 0, 0, 0, 0, 0, 0, 0, 0, 0, 0, 0, 1, 0, 0, 0, 0, 0, 0, 0, 0, 0, 0, 0, 0, 0, 0, 0, 0, 0, 0, 0, 0, 0, 0, 0, 0, 0, 0, 0, 0, 0, 0, 0, 0, 0, 1, 0, 0, 0, 0, 0, 0, 0, 0, 1, 0, 0, 0, 0, 0, 0, 0, 0, 0, 0, 0, 0, 0, 0, 0, 0, 0, 0, 0, 0, 0, 0, 0, 0, 0, 0, 0, 0, 0, 1, 0, 0, 0, 0, 0, 0, 0, 0, 0, 0, 0, 0, 0, 0, 0, 0, 0, 0, 0, 0, 0, 0, 0, 0, 0, 0, 0, 0, 0, 0, 0, 0, 0, 1, 0, 0, 0, 0, 0, 0, 0, 0, 0, 0, 0, 0, 0, 0, 0, 0, 0, 0, 0, 0, 0, 0, 0, 0, 0, 0, 0, 0, 0, 0, 0, 0, 0, 0, 0, 0, 0, 0, 0, 0, 0, 0, 0, 0, 0, 0, 0, 0, 0, 0, 0, 0, 0, 0, 0, 0, 1, 0, 0, 0, 0, 0, 1, 0, 0, 0, 0, 0, 0, 0, 0, 0, 0, 0, 0, 0, 0, 0, 0, 0, 0, 0, 0, 0, 0, 0, 0, 0, 0, 0, 0, 0, 0, 0, 0, 0, 0, 0, 0, 0, 0, 0, 0, 0, 0, 0, 0, 0, 0, 0, 0, 0, 1, 0, 0, 0, 0, 0, 0, 0, 0, 0, 0, 0, 0, 0, 0, 0, 0, 0, 0, 0, 0, 0, 0, 0, 0, 0, 0, 0, 0, 0, 0, 0, 0, 0, 0, 1, 0, 0, 0, 0, 0, 0, 0, 0, 0, 0, 0, 0, 0, 1, 0, 0, 0, 0, 0, 0, 0, 0, 0, 0, 0, 0, 0, 0, 0, 0, 0, 0, 0, 0, 0, 0, 0, 0, 0, 0, 0, 0, 0, 0, 0, 0, 0, 0, 0, 0, 0, 0, 0, 1, 0, 0, 0, 0, 1, 0, 0, 0, 0, 0, 0, 0, 0, 0, 0, 0, 0, 0, 0, 0, 0, 0, 0, 0, 0, 0, 0, 0, 0, 0, 0, 0, 0, 0, 0, 0, 0, 0, 0, 0, 0, 0, 0, 0, 0, 0, 0, 0, 0, 0, 0, 0, 0, 0, 0, 0, 0, 0, 0, 0, 0, 0, 1, 0, 0, 0, 0, 0, 0, 0, 0, 0, 0, 1, 0, 0, 0, 0, 0, 0, 0, 0, 0, 0, 0, 0, 0, 0, 0, 0, 0, 0, 0, 0, 0, 0, 0, 0, 0]
E = [2, 2, 117, 2, 2, 117, 44, 117, 117, 264, 117, 117, 44, 78, 2, 117, 117, 117, 117, 117, 44, 44, 2, 2, 117, 264, 117, 44, 264, 264, 264, 44, 151, 2, 117, 44, 44, 78, 44, 117, 87, 44, 87, 44, 44, 78, 151, 87, 44, 44, 151, 87, 44, 78, 87, 299, 44, 44, 299, 44, 78, 44, 78, 151, 264, 78, 78, 78, 151, 151, 78, 78, 78, 78, 78, 78, 78, 78, 78, 78, 151, 87, 78, 44, 2, 117, 87, 87, 87, 87, 87, 87, 87, 87, 87, 87, 87, 87, 264, 87, 87, 87, 2, 87, 87, 87, 87, 117, 87, 87, 2, 117, 117, 117, 117, 264, 117, 117, 117, 117, 117, 87, 117, 87, 117, 151, 117, 117, 151, 151, 151, 117, 117, 151, 117, 151, 117, 117, 151, 151, 151, 151, 151, 151, 151, 151, 151, 151, 151, 151, 151, 151, 151, 44, 151, 151, 299, 151, 151, 2, 151, 151, 151, 151, 151, 78, 78, 78, 78, 78, 78, 78, 78, 2, 78, 264, 78, 78, 78, 44, 78, 299, 2, 44, 78, 208, 78, 78, 78, 44, 78, 214, 214, 2, 208, 208, 214, 214, 208, 208, 208, 208, 214, 208, 208, 214, 2, 208, 214, 208, 208, 208, 214, 214, 214, 208, 2, 208, 214, 214, 214, 208, 208, 208, 208, 2, 214, 214, 214, 214, 208, 2, 208, 208, 214, 214, 214, 214, 2, 214, 214, 214, 214, 214, 208, 2, 2, 2, 2, 78, 2, 44, 44, 264, 2, 2, 2, 208, 264, 87, 44, 87, 2, 264, 264, 264, 264, 87, 264, 264, 264, 264, 264, 264, 264, 151, 151, 151, 299, 151, 151, 299, 299, 299, 78, 78, 78, 313, 313, 313, 299, 299, 299, 299, 151, 299, 299, 299, 299, 299, 299, 358, 358, 313, 313, 313, 313, 313, 313, 313, 313, 313, 313, 313, 313, 313, 299, 299, 299, 299, 299, 299, 299, 299, 358, 358, 313, 313, 313, 313, 313, 353, 313, 353, 353, 358, 358, 358, 299, 299, 358, 358, 358, 358, 353, 353, 353, 353, 353, 353, 313, 313, 353, 353, 353, 358, 358, 358, 358, 358, 353, 353, 353, 353, 353, 353, 353, 353, 353, 416, 353, 358, 358, 358, 358, 358, 358, 358, 416, 416, 416, 353, 416, 416, 353, 353, 416, 416, 416, 416, 416, 416, 416, 416, 416, 416, 358, 427, 358, 358, 427, 427, 358, 358, 358, 427, 427, 427, 427, 427, 427, 427, 416, 416, 416, 416, 416, 416, 416, 416, 416, 416, 416, 427, 427, 427, 427, 427, 427, 427, 427, 427, 427, 416, 416, 416, 416, 416, 427, 427, 427, 427, 427, 427, 427, 427, 44, 87, 44, 264, 208, 208]
