n° iter       = 300 
neighborhood_structure = [1] 
Prioridad     = 5 
balance       = 0.2 
Len_N         = 1 
N° clusters   = 15 
N° estaciones = 452 
N° mejoras    = 25
N° iter completadas  = 99
1° FO         = 359965.0
FO            = 324498
Centros       = [22, 31, 70, 87, 141, 177, 208, 214, 265, 298, 330, 367, 373, 416, 426]
Objs= Any[359965.0, 359439, 359325, 359325, 358932, 358932, 354765, 354765, 354765, 354765, 354765, 354765, 352245, 351781, 351781, 351781, 351513, 351513, 351513, 351338, 350260, 350260, 350260, 350260, 350260, 350260, 350260, 350260, 350225, 350225, 344178, 344178, 344178, 344178, 343125, 343125, 343125, 342423, 341213, 339776, 339776, 339776, 335527, 335527, 335527, 335527, 330930, 330930, 330930, 330930, 330930, 330930, 330825, 330825, 330825, 330825, 330825, 329388, 329388, 329388, 329388, 329388, 329388, 329388, 329388, 329388, 328880, 327274, 327274, 327274, 326927, 326061, 326061, 326061, 326061, 326061, 326061, 326061, 326061, 326061, 326061, 326061, 324921, 324921, 324921, 324921, 324921, 324921, 324921, 324921, 324921, 324498, 324498, 324498, 324498, 324498, 324498, 324498, 324498, 324498]
current_obj = [359439.0, 359325.0, 359874.0, 358932.0, 360770.0, 354765.0, 357983.0, 368465.0, 358932.0, 356500.0, 355405.0, 352245.0, 351781.0, 352672.0, 357090.0, 351513.0, 352461.0, 355775.0, 351338.0, 350260.0, 354920.0, 351721.0, 351076.0, 353821.0, 352403.0, 357149.0, 355984.0, 350225.0, 355525.0, 344178.0, 349143.0, 347968.0, 354806.0, 343125.0, 349185.0, 350515.0, 342423.0, 341213.0, 339776.0, 342965.0, 341347.0, 335527.0, 344985.0, 337406.0, 342788.0, 330930.0, 335183.0, 331906.0, 336099.0, 336751.0, 335020.0, 330825.0, 336526.0, 335558.0, 334973.0, 333686.0, 329388.0, 331023.0, 331465.0, 334049.0, 334420.0, 329739.0, 335556.0, 329828.0, 330505.0, 328880.0, 327274.0, 331775.0, 329965.0, 326927.0, 326061.0, 330781.0, 333232.0, 334682.0, 329524.0, 329437.0, 329293.0, 328086.0, 327478.0, 335028.0, 336153.0, 324921.0, 325073.0, 332107.0, 333614.0, 328332.0, 328224.0, 329644.0, 325120.0, 329574.0, 324498.0, 328432.0, 331620.0, 326726.0, 327687.0, 331612.0, 326125.0, 326607.0, 329248.0, 325618.0, 0.0, 0.0, 0.0, 0.0, 0.0, 0.0, 0.0, 0.0, 0.0, 0.0, 0.0, 0.0, 0.0, 0.0, 0.0, 0.0, 0.0, 0.0, 0.0, 0.0, 0.0, 0.0, 0.0, 0.0, 0.0, 0.0, 0.0, 0.0, 0.0, 0.0, 0.0, 0.0, 0.0, 0.0, 0.0, 0.0, 0.0, 0.0, 0.0, 0.0, 0.0, 0.0, 0.0, 0.0, 0.0, 0.0, 0.0, 0.0, 0.0, 0.0, 0.0, 0.0, 0.0, 0.0, 0.0, 0.0, 0.0, 0.0, 0.0, 0.0, 0.0, 0.0, 0.0, 0.0, 0.0, 0.0, 0.0, 0.0, 0.0, 0.0, 0.0, 0.0, 0.0, 0.0, 0.0, 0.0, 0.0, 0.0, 0.0, 0.0, 0.0, 0.0, 0.0, 0.0, 0.0, 0.0, 0.0, 0.0, 0.0, 0.0, 0.0, 0.0, 0.0, 0.0, 0.0, 0.0, 0.0, 0.0, 0.0, 0.0, 0.0, 0.0, 0.0, 0.0, 0.0, 0.0, 0.0, 0.0, 0.0, 0.0, 0.0, 0.0, 0.0, 0.0, 0.0, 0.0, 0.0, 0.0, 0.0, 0.0, 0.0, 0.0, 0.0, 0.0, 0.0, 0.0, 0.0, 0.0, 0.0, 0.0, 0.0, 0.0, 0.0, 0.0, 0.0, 0.0, 0.0, 0.0, 0.0, 0.0, 0.0, 0.0, 0.0, 0.0, 0.0, 0.0, 0.0, 0.0, 0.0, 0.0, 0.0, 0.0, 0.0, 0.0, 0.0, 0.0, 0.0, 0.0, 0.0, 0.0, 0.0, 0.0, 0.0, 0.0, 0.0, 0.0, 0.0, 0.0, 0.0, 0.0, 0.0, 0.0, 0.0, 0.0, 0.0, 0.0, 0.0, 0.0, 0.0, 0.0, 0.0, 0.0, 0.0, 0.0, 0.0, 0.0, 0.0, 0.0, 0.0, 0.0, 0.0, 0.0, 0.0, 0.0, 0.0, 0.0, 0.0, 0.0, 0.0, 0.0]
cong_K= Any[1, 1, 1, 1, 1, 1, 1, 1, 1, 1, 1, 1, 1, 1, 1, 1, 1, 1, 1, 1, 1, 1, 1, 1, 1] 
obj_k= Any[359439, 359325, 358932, 354765, 352245, 351781, 351513, 351338, 350260, 350225, 344178, 343125, 342423, 341213, 339776, 335527, 330930, 330825, 329388, 328880, 327274, 326927, 326061, 324921, 324498] 
iter_obj = Any[1, 2, 4, 6, 12, 13, 16, 19, 20, 28, 30, 34, 37, 38, 39, 42, 46, 52, 57, 66, 67, 70, 71, 82, 91] 
avgClusterDiam = 2628.2 
maxClusterDiam = 4009.0 
clusterDiamete = [4009.0; 2415.0; 2433.0; 2430.0; 2857.0; 3571.0; 3033.0; 2263.0; 2779.0; 3405.0; 2023.0; 2013.0; 3015.0; 1255.0; 1922.0]   
C = [0, 0, 0, 0, 0, 0, 0, 0, 0, 0, 0, 0, 0, 0, 0, 0, 0, 0, 0, 0, 0, 1, 0, 0, 0, 0, 0, 0, 0, 0, 1, 0, 0, 0, 0, 0, 0, 0, 0, 0, 0, 0, 0, 0, 0, 0, 0, 0, 0, 0, 0, 0, 0, 0, 0, 0, 0, 0, 0, 0, 0, 0, 0, 0, 0, 0, 0, 0, 0, 1, 0, 0, 0, 0, 0, 0, 0, 0, 0, 0, 0, 0, 0, 0, 0, 0, 1, 0, 0, 0, 0, 0, 0, 0, 0, 0, 0, 0, 0, 0, 0, 0, 0, 0, 0, 0, 0, 0, 0, 0, 0, 0, 0, 0, 0, 0, 0, 0, 0, 0, 0, 0, 0, 0, 0, 0, 0, 0, 0, 0, 0, 0, 0, 0, 0, 0, 0, 0, 0, 0, 1, 0, 0, 0, 0, 0, 0, 0, 0, 0, 0, 0, 0, 0, 0, 0, 0, 0, 0, 0, 0, 0, 0, 0, 0, 0, 0, 0, 0, 0, 0, 0, 0, 0, 0, 0, 1, 0, 0, 0, 0, 0, 0, 0, 0, 0, 0, 0, 0, 0, 0, 0, 0, 0, 0, 0, 0, 0, 0, 0, 0, 0, 0, 0, 0, 0, 0, 1, 0, 0, 0, 0, 0, 1, 0, 0, 0, 0, 0, 0, 0, 0, 0, 0, 0, 0, 0, 0, 0, 0, 0, 0, 0, 0, 0, 0, 0, 0, 0, 0, 0, 0, 0, 0, 0, 0, 0, 0, 0, 0, 0, 0, 0, 0, 0, 0, 0, 0, 0, 0, 0, 0, 0, 0, 1, 0, 0, 0, 0, 0, 0, 0, 0, 0, 0, 0, 0, 0, 0, 0, 0, 0, 0, 0, 0, 0, 0, 0, 0, 0, 0, 0, 0, 0, 0, 0, 0, 1, 0, 0, 0, 0, 0, 0, 0, 0, 0, 0, 0, 0, 0, 0, 0, 0, 0, 0, 0, 0, 0, 0, 0, 0, 0, 0, 0, 0, 0, 0, 0, 1, 0, 0, 0, 0, 0, 0, 0, 0, 0, 0, 0, 0, 0, 0, 0, 0, 0, 0, 0, 0, 0, 0, 0, 0, 0, 0, 0, 0, 0, 0, 0, 0, 0, 0, 0, 0, 1, 0, 0, 0, 0, 0, 1, 0, 0, 0, 0, 0, 0, 0, 0, 0, 0, 0, 0, 0, 0, 0, 0, 0, 0, 0, 0, 0, 0, 0, 0, 0, 0, 0, 0, 0, 0, 0, 0, 0, 0, 0, 0, 0, 0, 0, 0, 0, 0, 1, 0, 0, 0, 0, 0, 0, 0, 0, 0, 1, 0, 0, 0, 0, 0, 0, 0, 0, 0, 0, 0, 0, 0, 0, 0, 0, 0, 0, 0, 0, 0, 0, 0, 0, 0, 0]
E = [31, 22, 31, 22, 31, 31, 22, 31, 31, 265, 31, 31, 177, 177, 22, 31, 31, 31, 31, 31, 22, 22, 22, 22, 31, 265, 31, 22, 265, 265, 265, 22, 31, 22, 22, 22, 22, 177, 141, 31, 87, 22, 87, 22, 70, 70, 141, 87, 22, 70, 70, 87, 177, 70, 87, 70, 70, 70, 298, 22, 70, 70, 70, 70, 265, 177, 70, 177, 70, 70, 70, 177, 70, 298, 177, 70, 177, 22, 70, 70, 70, 87, 70, 70, 31, 31, 87, 87, 87, 87, 87, 87, 87, 87, 87, 87, 87, 87, 265, 87, 87, 87, 22, 87, 87, 87, 87, 87, 87, 87, 22, 87, 31, 31, 31, 265, 31, 31, 31, 31, 31, 87, 31, 31, 31, 141, 31, 141, 141, 141, 141, 141, 141, 141, 141, 141, 141, 141, 141, 141, 141, 298, 141, 141, 141, 70, 141, 141, 141, 70, 141, 70, 70, 70, 141, 70, 298, 141, 141, 31, 70, 70, 141, 70, 70, 177, 177, 177, 177, 177, 177, 177, 177, 265, 70, 265, 177, 177, 70, 70, 70, 298, 22, 177, 177, 208, 177, 177, 177, 177, 177, 214, 214, 22, 208, 208, 214, 214, 208, 208, 208, 208, 214, 208, 208, 214, 208, 208, 214, 208, 208, 208, 214, 214, 214, 208, 22, 208, 214, 214, 214, 208, 208, 208, 208, 177, 214, 214, 214, 214, 208, 177, 208, 208, 214, 214, 214, 214, 22, 214, 214, 214, 214, 214, 208, 208, 22, 22, 22, 177, 208, 177, 22, 31, 31, 31, 31, 208, 31, 87, 22, 87, 31, 265, 265, 265, 265, 265, 265, 87, 265, 265, 265, 265, 265, 141, 141, 70, 298, 141, 141, 298, 298, 298, 177, 177, 177, 330, 330, 330, 298, 298, 298, 298, 298, 298, 298, 298, 298, 298, 298, 373, 330, 330, 330, 330, 330, 330, 330, 330, 330, 330, 330, 330, 330, 373, 298, 298, 298, 298, 298, 298, 298, 298, 373, 367, 330, 330, 330, 330, 330, 330, 330, 367, 373, 373, 373, 373, 298, 298, 373, 373, 373, 373, 373, 373, 367, 330, 330, 367, 330, 367, 367, 367, 373, 373, 373, 373, 373, 373, 367, 367, 367, 330, 367, 367, 367, 367, 367, 367, 373, 373, 373, 373, 373, 373, 373, 373, 373, 416, 416, 416, 367, 367, 367, 367, 416, 416, 416, 416, 416, 416, 416, 416, 373, 373, 373, 426, 373, 373, 373, 426, 373, 373, 373, 426, 426, 426, 426, 426, 426, 426, 416, 416, 416, 416, 367, 416, 416, 416, 416, 416, 416, 426, 426, 426, 426, 426, 426, 426, 426, 426, 426, 426, 426, 416, 416, 416, 426, 426, 426, 426, 426, 426, 426, 426, 22, 87, 70, 265, 208, 208]
