n° iter       = 300 
neighborhood_structure = [2] 
Prioridad     = 5 
balance       = 0.2 
Len_N         = 3 
N° clusters   = 15 
N° estaciones = 452 
N° mejoras    = 15
N° iter completadas  = 232
1° FO         = 354258.0
FO            = 321116
Centros       = [3, 50, 72, 102, 145, 215, 224, 251, 265, 282, 308, 344, 368, 413, 428]
Objs= Any[354258.0, 348093, 348093, 340723, 340723, 340723, 340723, 335517, 335517, 335517, 331577, 331577, 331577, 331577, 331577, 330198, 330198, 330198, 330198, 330198, 330198, 330198, 330198, 330198, 330198, 330198, 330198, 330198, 330198, 330198, 330134, 330134, 328756, 328756, 328756, 326820, 326820, 326820, 326820, 326820, 326820, 326820, 326820, 326820, 326820, 326820, 326820, 326820, 326820, 326820, 326820, 326820, 326820, 326820, 326820, 326820, 326820, 326820, 326820, 326820, 326820, 326820, 326820, 326820, 326820, 326820, 326820, 326820, 326820, 326820, 326820, 326820, 326820, 326820, 326820, 326820, 326820, 326820, 325722, 325722, 325722, 325722, 325722, 325722, 325722, 325722, 325722, 325722, 325722, 325722, 325722, 325722, 325722, 325722, 325722, 325722, 325722, 325722, 325722, 325722, 325722, 325722, 325722, 325722, 325722, 325722, 325722, 325722, 325101, 325101, 325101, 325101, 325101, 324129, 324129, 324129, 324129, 324129, 324129, 324129, 322824, 322824, 322824, 322824, 322824, 322824, 322824, 322824, 322824, 322824, 322824, 322824, 322824, 322824, 322824, 322824, 322824, 322824, 322824, 322824, 322824, 322824, 322824, 322824, 322824, 322824, 322824, 322824, 322824, 322824, 322824, 322432, 322432, 322432, 322432, 322432, 322053, 322053, 321116, 321116, 321116, 321116, 321116, 321116, 321116, 321116, 321116, 321116, 321116, 321116, 321116, 321116, 321116, 321116, 321116, 321116, 321116, 321116, 321116, 321116, 321116, 321116, 321116, 321116, 321116, 321116, 321116, 321116, 321116, 321116, 321116, 321116, 321116, 321116, 321116, 321116, 321116, 321116, 321116, 321116, 321116, 321116, 321116, 321116, 321116, 321116, 321116, 321116, 321116, 321116, 321116, 321116, 321116, 321116, 321116, 321116, 321116, 321116, 321116, 321116, 321116, 321116, 321116, 321116, 321116, 321116, 321116, 321116, 321116, 321116, 321116, 321116, 321116]
current_obj = [348093.0, 348739.0, 340723.0, 341607.0, 341102.0, 342836.0, 335517.0, 337422.0, 339076.0, 331577.0, 333084.0, 334163.0, 332583.0, 338367.0, 330198.0, 334923.0, 335255.0, 332388.0, 335702.0, 330722.0, 330630.0, 332871.0, 334887.0, 337642.0, 332103.0, 337269.0, 332381.0, 334335.0, 335218.0, 330134.0, 331085.0, 328756.0, 336290.0, 331479.0, 326820.0, 333929.0, 331634.0, 332321.0, 331994.0, 327732.0, 333506.0, 330365.0, 333684.0, 332352.0, 327345.0, 328820.0, 328673.0, 327524.0, 330753.0, 333970.0, 331856.0, 329577.0, 331343.0, 332137.0, 326962.0, 327254.0, 331487.0, 330557.0, 328911.0, 336923.0, 331211.0, 331300.0, 330678.0, 334901.0, 331639.0, 327516.0, 330728.0, 330646.0, 328980.0, 331231.0, 327891.0, 328124.0, 330561.0, 335319.0, 329780.0, 330161.0, 333146.0, 325722.0, 329550.0, 334151.0, 328446.0, 329361.0, 328159.0, 334683.0, 333308.0, 332545.0, 338950.0, 329700.0, 330685.0, 330486.0, 337901.0, 331882.0, 331780.0, 328058.0, 329824.0, 328078.0, 328197.0, 328509.0, 334062.0, 335680.0, 333722.0, 333974.0, 328211.0, 327709.0, 327442.0, 326550.0, 331817.0, 325101.0, 329454.0, 331053.0, 325816.0, 331860.0, 324129.0, 327228.0, 328902.0, 326255.0, 326540.0, 327986.0, 328988.0, 322824.0, 324497.0, 327069.0, 327807.0, 328891.0, 325872.0, 323250.0, 328835.0, 330164.0, 325039.0, 329652.0, 329567.0, 325040.0, 327319.0, 330438.0, 323566.0, 323620.0, 324755.0, 324462.0, 328176.0, 324907.0, 327584.0, 332646.0, 324505.0, 323724.0, 326659.0, 327780.0, 326048.0, 326194.0, 332153.0, 328414.0, 322432.0, 326404.0, 325928.0, 323236.0, 331019.0, 322053.0, 324685.0, 321116.0, 324595.0, 323837.0, 324273.0, 325271.0, 324901.0, 324572.0, 327375.0, 326369.0, 324538.0, 322822.0, 325912.0, 327336.0, 323453.0, 323133.0, 324231.0, 325172.0, 322696.0, 325000.0, 330932.0, 324770.0, 324010.0, 327874.0, 323329.0, 325353.0, 325273.0, 325664.0, 323478.0, 325982.0, 321305.0, 322814.0, 322622.0, 334190.0, 324691.0, 325644.0, 325309.0, 327347.0, 324052.0, 322272.0, 325329.0, 325151.0, 322989.0, 324347.0, 327446.0, 325864.0, 324513.0, 325805.0, 323384.0, 321436.0, 326890.0, 324162.0, 321813.0, 325257.0, 324262.0, 324742.0, 327826.0, 324885.0, 327329.0, 327912.0, 325010.0, 327019.0, 323112.0, 324820.0, 330726.0, 328912.0, 322500.0, 327566.0, 324153.0, 326360.0, 321744.0, 323265.0, 324652.0, 325455.0, 325289.0, 321549.0, 329714.0, 0.0, 0.0, 0.0, 0.0, 0.0, 0.0, 0.0, 0.0, 0.0, 0.0, 0.0, 0.0, 0.0, 0.0, 0.0, 0.0, 0.0, 0.0, 0.0, 0.0, 0.0, 0.0, 0.0, 0.0, 0.0, 0.0, 0.0, 0.0, 0.0, 0.0, 0.0, 0.0, 0.0, 0.0, 0.0, 0.0, 0.0, 0.0, 0.0, 0.0, 0.0, 0.0, 0.0, 0.0, 0.0, 0.0, 0.0, 0.0, 0.0, 0.0, 0.0, 0.0, 0.0, 0.0, 0.0, 0.0, 0.0, 0.0, 0.0, 0.0, 0.0, 0.0, 0.0, 0.0, 0.0, 0.0, 0.0]
cong_K= Any[2, 2, 2, 2, 2, 2, 2, 2, 2, 2, 2, 2, 2, 2, 2] 
obj_k= Any[348093, 340723, 335517, 331577, 330198, 330134, 328756, 326820, 325722, 325101, 324129, 322824, 322432, 322053, 321116] 
iter_obj = Any[1, 3, 7, 10, 15, 30, 32, 35, 78, 108, 113, 120, 151, 156, 158] 
avgClusterDiam = 2641.0666666666666 
maxClusterDiam = 3549.0 
clusterDiamete = [2242.0; 2446.0; 3549.0; 2527.0; 2358.0; 2263.0; 3033.0; 2507.0; 2779.0; 3314.0; 3079.0; 3319.0; 2162.0; 2391.0; 1647.0]   
C = [0, 0, 1, 0, 0, 0, 0, 0, 0, 0, 0, 0, 0, 0, 0, 0, 0, 0, 0, 0, 0, 0, 0, 0, 0, 0, 0, 0, 0, 0, 0, 0, 0, 0, 0, 0, 0, 0, 0, 0, 0, 0, 0, 0, 0, 0, 0, 0, 0, 1, 0, 0, 0, 0, 0, 0, 0, 0, 0, 0, 0, 0, 0, 0, 0, 0, 0, 0, 0, 0, 0, 1, 0, 0, 0, 0, 0, 0, 0, 0, 0, 0, 0, 0, 0, 0, 0, 0, 0, 0, 0, 0, 0, 0, 0, 0, 0, 0, 0, 0, 0, 1, 0, 0, 0, 0, 0, 0, 0, 0, 0, 0, 0, 0, 0, 0, 0, 0, 0, 0, 0, 0, 0, 0, 0, 0, 0, 0, 0, 0, 0, 0, 0, 0, 0, 0, 0, 0, 0, 0, 0, 0, 0, 0, 1, 0, 0, 0, 0, 0, 0, 0, 0, 0, 0, 0, 0, 0, 0, 0, 0, 0, 0, 0, 0, 0, 0, 0, 0, 0, 0, 0, 0, 0, 0, 0, 0, 0, 0, 0, 0, 0, 0, 0, 0, 0, 0, 0, 0, 0, 0, 0, 0, 0, 0, 0, 0, 0, 0, 0, 0, 0, 0, 0, 0, 0, 0, 0, 0, 0, 0, 0, 0, 0, 1, 0, 0, 0, 0, 0, 0, 0, 0, 1, 0, 0, 0, 0, 0, 0, 0, 0, 0, 0, 0, 0, 0, 0, 0, 0, 0, 0, 0, 0, 0, 0, 0, 0, 0, 0, 1, 0, 0, 0, 0, 0, 0, 0, 0, 0, 0, 0, 0, 0, 1, 0, 0, 0, 0, 0, 0, 0, 0, 0, 0, 0, 0, 0, 0, 0, 0, 1, 0, 0, 0, 0, 0, 0, 0, 0, 0, 0, 0, 0, 0, 0, 0, 0, 0, 0, 0, 0, 0, 0, 0, 0, 0, 1, 0, 0, 0, 0, 0, 0, 0, 0, 0, 0, 0, 0, 0, 0, 0, 0, 0, 0, 0, 0, 0, 0, 0, 0, 0, 0, 0, 0, 0, 0, 0, 0, 0, 0, 0, 1, 0, 0, 0, 0, 0, 0, 0, 0, 0, 0, 0, 0, 0, 0, 0, 0, 0, 0, 0, 0, 0, 0, 0, 1, 0, 0, 0, 0, 0, 0, 0, 0, 0, 0, 0, 0, 0, 0, 0, 0, 0, 0, 0, 0, 0, 0, 0, 0, 0, 0, 0, 0, 0, 0, 0, 0, 0, 0, 0, 0, 0, 0, 0, 0, 0, 0, 0, 0, 1, 0, 0, 0, 0, 0, 0, 0, 0, 0, 0, 0, 0, 0, 0, 1, 0, 0, 0, 0, 0, 0, 0, 0, 0, 0, 0, 0, 0, 0, 0, 0, 0, 0, 0, 0, 0, 0, 0, 0]
E = [251, 251, 3, 251, 3, 3, 251, 3, 3, 265, 3, 3, 50, 72, 251, 50, 3, 3, 3, 3, 251, 251, 251, 251, 251, 265, 3, 50, 265, 265, 265, 50, 145, 251, 251, 50, 50, 72, 50, 50, 3, 50, 265, 50, 50, 72, 145, 102, 50, 50, 145, 102, 50, 50, 102, 282, 50, 50, 282, 50, 72, 72, 72, 145, 265, 72, 72, 72, 282, 50, 50, 72, 72, 308, 72, 50, 72, 72, 72, 72, 50, 102, 72, 50, 3, 3, 265, 102, 102, 102, 102, 102, 102, 102, 102, 102, 102, 102, 265, 102, 102, 102, 251, 102, 102, 102, 102, 102, 102, 102, 251, 3, 3, 3, 3, 3, 3, 3, 3, 3, 3, 102, 3, 102, 3, 145, 3, 145, 145, 145, 145, 145, 145, 282, 145, 145, 145, 145, 145, 145, 145, 145, 145, 145, 145, 145, 145, 145, 145, 145, 145, 145, 145, 50, 145, 145, 282, 145, 145, 251, 145, 145, 145, 145, 145, 72, 72, 72, 72, 72, 72, 72, 72, 265, 72, 265, 72, 72, 72, 50, 72, 282, 251, 72, 72, 224, 72, 72, 72, 72, 72, 224, 215, 251, 224, 224, 215, 215, 224, 224, 224, 215, 215, 215, 224, 215, 251, 224, 215, 215, 224, 224, 215, 215, 215, 215, 251, 224, 215, 215, 215, 224, 224, 224, 224, 72, 215, 215, 215, 215, 224, 72, 215, 224, 215, 215, 215, 215, 251, 215, 215, 215, 215, 215, 224, 251, 251, 251, 251, 72, 251, 251, 251, 3, 251, 3, 3, 224, 3, 102, 50, 102, 3, 265, 265, 265, 265, 265, 265, 3, 265, 265, 265, 265, 265, 282, 282, 282, 282, 282, 282, 282, 282, 308, 72, 72, 308, 308, 308, 344, 282, 282, 282, 282, 282, 282, 282, 282, 282, 282, 308, 344, 344, 308, 308, 308, 308, 308, 308, 308, 308, 308, 308, 308, 308, 344, 282, 282, 282, 282, 344, 282, 344, 344, 344, 368, 308, 308, 308, 308, 308, 368, 308, 368, 368, 344, 344, 344, 344, 344, 344, 344, 344, 344, 368, 368, 368, 368, 368, 368, 308, 368, 368, 368, 368, 344, 344, 344, 344, 344, 368, 368, 368, 368, 368, 368, 368, 368, 368, 368, 368, 368, 344, 344, 344, 344, 344, 413, 413, 413, 368, 368, 368, 368, 368, 368, 368, 413, 368, 368, 413, 413, 413, 413, 413, 413, 413, 413, 413, 413, 428, 428, 413, 344, 344, 428, 428, 428, 428, 428, 428, 428, 413, 413, 413, 413, 368, 368, 368, 413, 413, 413, 413, 413, 413, 428, 428, 428, 428, 428, 428, 428, 413, 413, 413, 413, 413, 413, 413, 428, 428, 428, 428, 428, 428, 428, 50, 102, 50, 265, 224, 224]
