n° iter       = 300 
neighborhood_structure = [1 2 3] 
Prioridad     = 5 
balance       = 0.2 
Len_N         = 3 
N° clusters   = 15 
N° estaciones = 452 
N° mejoras    = 39
N° iter completadas  = 228
1° FO         = 398698.0
FO            = 313029
Centros       = [19, 28, 66, 87, 140, 152, 215, 218, 264, 299, 309, 358, 362, 406, 415]
Objs= Any[398698.0, 375722, 368289, 357894, 351171, 345075, 341629, 339687, 335782, 335782, 333244, 331715, 331715, 331715, 331715, 329708, 329571, 329571, 329024, 327955, 327955, 327027, 327027, 326625, 323019, 322587, 322587, 322587, 320747, 320312, 319152, 319152, 318743, 318743, 318743, 318743, 318743, 318743, 318455, 318292, 318292, 318292, 318292, 318292, 318292, 318292, 318292, 318036, 318036, 318036, 318036, 318036, 318036, 318036, 318036, 318036, 318036, 318036, 316770, 316770, 316770, 316770, 316770, 316770, 316770, 316770, 316770, 316154, 316154, 316154, 316154, 316154, 315879, 315879, 315879, 315879, 315879, 315879, 315879, 315692, 315692, 315692, 315692, 315692, 315692, 315692, 315692, 315692, 315692, 315692, 315692, 315692, 315692, 315692, 315692, 315692, 315489, 315489, 315489, 315489, 315489, 315489, 315489, 315489, 315489, 315489, 315489, 315489, 315489, 315489, 315181, 315181, 314534, 314534, 314534, 314534, 314534, 314534, 314534, 314534, 314534, 314534, 314534, 314534, 314332, 314332, 314332, 314332, 314293, 314293, 314293, 314293, 314221, 314221, 314221, 314221, 314221, 313643, 313643, 313643, 313501, 313501, 313048, 313048, 313048, 313048, 313048, 313048, 313048, 313048, 313048, 313048, 313048, 313048, 313029, 313029, 313029, 313029, 313029, 313029, 313029, 313029, 313029, 313029, 313029, 313029, 313029, 313029, 313029, 313029, 313029, 313029, 313029, 313029, 313029, 313029, 313029, 313029, 313029, 313029, 313029, 313029, 313029, 313029, 313029, 313029, 313029, 313029, 313029, 313029, 313029, 313029, 313029, 313029, 313029, 313029, 313029, 313029, 313029, 313029, 313029, 313029, 313029, 313029, 313029, 313029, 313029, 313029, 313029, 313029, 313029, 313029, 313029, 313029, 313029, 313029, 313029, 313029, 313029, 313029, 313029, 313029, 313029, 313029, 313029, 313029, 313029, 313029, 313029]
current_obj = [375722.0, 368289.0, 357894.0, 351171.0, 345075.0, 341629.0, 339687.0, 335782.0, 336150.0, 333244.0, 331715.0, 331795.0, 332233.0, 332887.0, 329708.0, 329571.0, 330349.0, 329024.0, 327955.0, 328069.0, 327027.0, 328566.0, 326625.0, 323019.0, 322587.0, 324336.0, 324864.0, 320747.0, 320312.0, 319152.0, 321348.0, 318743.0, 319140.0, 320469.0, 322606.0, 319452.0, 321557.0, 318455.0, 318292.0, 319440.0, 319378.0, 321150.0, 321471.0, 320413.0, 318731.0, 320097.0, 318036.0, 318549.0, 320339.0, 318575.0, 318716.0, 319601.0, 321953.0, 319402.0, 322348.0, 319631.0, 319935.0, 316770.0, 318623.0, 319014.0, 318833.0, 319810.0, 317903.0, 319292.0, 317250.0, 317379.0, 316154.0, 317446.0, 317749.0, 318083.0, 317749.0, 315879.0, 320959.0, 317562.0, 317547.0, 317521.0, 319283.0, 319935.0, 315692.0, 317175.0, 318301.0, 318988.0, 315693.0, 315970.0, 317506.0, 315970.0, 317505.0, 317799.0, 319163.0, 318917.0, 316840.0, 315785.0, 315988.0, 317175.0, 317005.0, 315489.0, 316300.0, 316682.0, 316034.0, 319297.0, 316856.0, 318723.0, 316118.0, 316123.0, 319399.0, 318192.0, 317973.0, 316299.0, 318597.0, 315181.0, 315453.0, 314534.0, 315360.0, 317213.0, 316783.0, 317502.0, 318962.0, 316393.0, 315402.0, 315163.0, 315940.0, 315344.0, 316297.0, 314332.0, 316278.0, 314466.0, 317888.0, 314293.0, 316495.0, 315431.0, 314565.0, 314221.0, 316762.0, 317492.0, 317887.0, 315453.0, 313643.0, 314542.0, 313995.0, 313501.0, 316469.0, 313048.0, 316779.0, 314085.0, 313832.0, 313664.0, 314813.0, 315375.0, 314108.0, 314300.0, 316619.0, 313240.0, 315797.0, 313029.0, 314862.0, 314445.0, 313235.0, 313427.0, 316464.0, 313724.0, 316306.0, 316488.0, 313985.0, 313925.0, 316007.0, 313310.0, 313450.0, 315791.0, 314973.0, 313682.0, 313275.0, 315325.0, 314691.0, 318108.0, 316435.0, 314773.0, 313641.0, 313298.0, 316152.0, 313351.0, 314298.0, 315505.0, 313580.0, 314976.0, 313658.0, 314709.0, 314012.0, 314775.0, 316291.0, 317158.0, 313872.0, 315918.0, 313244.0, 316268.0, 313850.0, 315505.0, 314105.0, 314862.0, 315873.0, 314992.0, 313379.0, 313101.0, 314176.0, 315183.0, 314565.0, 313553.0, 313555.0, 314523.0, 313990.0, 317942.0, 314709.0, 317054.0, 316370.0, 313850.0, 316341.0, 313933.0, 315393.0, 318639.0, 313310.0, 314859.0, 315956.0, 313332.0, 319537.0, 315855.0, 314174.0, 316899.0, 313243.0, 314709.0, 316590.0, 0.0, 0.0, 0.0, 0.0, 0.0, 0.0, 0.0, 0.0, 0.0, 0.0, 0.0, 0.0, 0.0, 0.0, 0.0, 0.0, 0.0, 0.0, 0.0, 0.0, 0.0, 0.0, 0.0, 0.0, 0.0, 0.0, 0.0, 0.0, 0.0, 0.0, 0.0, 0.0, 0.0, 0.0, 0.0, 0.0, 0.0, 0.0, 0.0, 0.0, 0.0, 0.0, 0.0, 0.0, 0.0, 0.0, 0.0, 0.0, 0.0, 0.0, 0.0, 0.0, 0.0, 0.0, 0.0, 0.0, 0.0, 0.0, 0.0, 0.0, 0.0, 0.0, 0.0, 0.0, 0.0, 0.0, 0.0, 0.0, 0.0, 0.0, 0.0]
cong_K= Any[3, 3, 3, 2, 3, 2, 2, 1, 3, 3, 1, 1, 1, 1, 2, 2, 2, 1, 3, 2, 1, 2, 1, 1, 2, 1, 1, 1, 1, 1, 1, 2, 1, 1, 1, 1, 1, 1, 1] 
obj_k= Any[375722, 368289, 357894, 351171, 345075, 341629, 339687, 335782, 333244, 331715, 329708, 329571, 329024, 327955, 327027, 326625, 323019, 322587, 320747, 320312, 319152, 318743, 318455, 318292, 318036, 316770, 316154, 315879, 315692, 315489, 315181, 314534, 314332, 314293, 314221, 313643, 313501, 313048, 313029] 
iter_obj = Any[1, 2, 3, 4, 5, 6, 7, 8, 10, 11, 15, 16, 18, 19, 21, 23, 24, 25, 28, 29, 30, 32, 38, 39, 47, 58, 67, 72, 79, 96, 110, 112, 124, 128, 132, 137, 140, 142, 154] 
avgClusterDiam = 2617.266666666667 
maxClusterDiam = 3775.0 
clusterDiamete = [2324.0; 2011.0; 3775.0; 2430.0; 2020.0; 2416.0; 2263.0; 3033.0; 2779.0; 3579.0; 2762.0; 2974.0; 2677.0; 2444.0; 1772.0]   
C = [0, 0, 0, 0, 0, 0, 0, 0, 0, 0, 0, 0, 0, 0, 0, 0, 0, 0, 1, 0, 0, 0, 0, 0, 0, 0, 0, 1, 0, 0, 0, 0, 0, 0, 0, 0, 0, 0, 0, 0, 0, 0, 0, 0, 0, 0, 0, 0, 0, 0, 0, 0, 0, 0, 0, 0, 0, 0, 0, 0, 0, 0, 0, 0, 0, 1, 0, 0, 0, 0, 0, 0, 0, 0, 0, 0, 0, 0, 0, 0, 0, 0, 0, 0, 0, 0, 1, 0, 0, 0, 0, 0, 0, 0, 0, 0, 0, 0, 0, 0, 0, 0, 0, 0, 0, 0, 0, 0, 0, 0, 0, 0, 0, 0, 0, 0, 0, 0, 0, 0, 0, 0, 0, 0, 0, 0, 0, 0, 0, 0, 0, 0, 0, 0, 0, 0, 0, 0, 0, 1, 0, 0, 0, 0, 0, 0, 0, 0, 0, 0, 0, 1, 0, 0, 0, 0, 0, 0, 0, 0, 0, 0, 0, 0, 0, 0, 0, 0, 0, 0, 0, 0, 0, 0, 0, 0, 0, 0, 0, 0, 0, 0, 0, 0, 0, 0, 0, 0, 0, 0, 0, 0, 0, 0, 0, 0, 0, 0, 0, 0, 0, 0, 0, 0, 0, 0, 0, 0, 0, 0, 0, 0, 0, 0, 1, 0, 0, 1, 0, 0, 0, 0, 0, 0, 0, 0, 0, 0, 0, 0, 0, 0, 0, 0, 0, 0, 0, 0, 0, 0, 0, 0, 0, 0, 0, 0, 0, 0, 0, 0, 0, 0, 0, 0, 0, 0, 0, 0, 0, 0, 0, 0, 0, 1, 0, 0, 0, 0, 0, 0, 0, 0, 0, 0, 0, 0, 0, 0, 0, 0, 0, 0, 0, 0, 0, 0, 0, 0, 0, 0, 0, 0, 0, 0, 0, 0, 0, 0, 1, 0, 0, 0, 0, 0, 0, 0, 0, 0, 1, 0, 0, 0, 0, 0, 0, 0, 0, 0, 0, 0, 0, 0, 0, 0, 0, 0, 0, 0, 0, 0, 0, 0, 0, 0, 0, 0, 0, 0, 0, 0, 0, 0, 0, 0, 0, 0, 0, 0, 0, 0, 0, 0, 0, 0, 0, 0, 0, 1, 0, 0, 0, 1, 0, 0, 0, 0, 0, 0, 0, 0, 0, 0, 0, 0, 0, 0, 0, 0, 0, 0, 0, 0, 0, 0, 0, 0, 0, 0, 0, 0, 0, 0, 0, 0, 0, 0, 0, 0, 0, 0, 0, 0, 0, 0, 0, 1, 0, 0, 0, 0, 0, 0, 0, 0, 1, 0, 0, 0, 0, 0, 0, 0, 0, 0, 0, 0, 0, 0, 0, 0, 0, 0, 0, 0, 0, 0, 0, 0, 0, 0, 0, 0, 0, 0, 0, 0, 0, 0, 0, 0, 0, 0]
E = [19, 28, 19, 19, 19, 19, 28, 19, 19, 264, 19, 19, 66, 66, 28, 19, 19, 19, 19, 19, 28, 28, 28, 28, 19, 264, 19, 28, 264, 264, 264, 28, 19, 28, 28, 28, 28, 66, 19, 28, 87, 28, 87, 28, 28, 152, 152, 87, 28, 28, 152, 87, 66, 152, 87, 299, 66, 66, 299, 28, 152, 66, 152, 152, 264, 66, 66, 309, 152, 152, 152, 66, 66, 152, 66, 152, 66, 66, 66, 152, 152, 87, 152, 152, 19, 19, 87, 87, 87, 87, 87, 87, 87, 87, 87, 87, 87, 87, 264, 87, 87, 87, 19, 87, 87, 87, 87, 87, 87, 87, 19, 87, 19, 19, 19, 264, 19, 19, 19, 19, 19, 87, 19, 140, 19, 140, 140, 140, 140, 140, 140, 140, 140, 140, 140, 140, 140, 140, 140, 140, 140, 152, 140, 140, 140, 152, 140, 140, 140, 152, 140, 152, 152, 152, 152, 152, 299, 140, 140, 19, 152, 152, 140, 152, 152, 66, 66, 66, 66, 66, 66, 66, 66, 264, 152, 264, 66, 66, 152, 152, 66, 299, 19, 66, 66, 218, 66, 66, 66, 66, 66, 218, 215, 28, 218, 218, 215, 215, 218, 218, 218, 215, 215, 215, 218, 215, 218, 218, 215, 215, 218, 218, 215, 215, 215, 215, 66, 218, 215, 215, 215, 218, 218, 218, 218, 66, 215, 215, 215, 215, 218, 66, 215, 218, 215, 215, 215, 215, 28, 215, 215, 215, 215, 215, 218, 218, 66, 28, 28, 66, 218, 66, 28, 19, 19, 19, 19, 218, 19, 87, 28, 87, 19, 264, 264, 264, 264, 264, 264, 87, 264, 264, 264, 264, 264, 152, 152, 152, 299, 152, 299, 299, 299, 309, 66, 66, 66, 309, 309, 358, 299, 299, 299, 299, 299, 299, 299, 299, 299, 299, 299, 358, 362, 309, 309, 309, 309, 309, 309, 309, 309, 309, 309, 309, 309, 299, 299, 299, 299, 299, 299, 299, 299, 299, 299, 362, 309, 309, 309, 309, 309, 362, 309, 362, 362, 358, 358, 358, 358, 299, 358, 358, 358, 358, 362, 358, 362, 362, 362, 362, 362, 362, 362, 362, 362, 358, 358, 358, 358, 358, 362, 362, 362, 362, 362, 362, 362, 362, 362, 415, 415, 358, 358, 358, 358, 358, 358, 358, 415, 415, 415, 415, 415, 362, 362, 362, 415, 415, 415, 415, 415, 415, 415, 415, 415, 415, 406, 406, 406, 358, 406, 406, 406, 358, 406, 406, 406, 406, 406, 406, 406, 406, 415, 415, 415, 415, 362, 415, 415, 415, 415, 415, 415, 415, 406, 406, 406, 406, 406, 406, 406, 406, 406, 415, 415, 406, 415, 415, 406, 406, 406, 406, 406, 406, 406, 406, 28, 87, 66, 264, 218, 218]
