n° iter       = 300 
neighborhood_structure = [3] 
Prioridad     = 5 
balance       = 0.2 
Len_N         = 9 
N° clusters   = 15 
N° estaciones = 452 
N° mejoras    = 13
N° iter completadas  = 87
1° FO         = 389979.0
FO            = 314573
Centros       = [12, 22, 66, 87, 140, 154, 214, 218, 265, 299, 313, 357, 387, 424, 429]
Objs= Any[389979.0, 371919, 350361, 344652, 340005, 336013, 332191, 332191, 330628, 330628, 329343, 325297, 325297, 325297, 325297, 323591, 323591, 323591, 323591, 323591, 323591, 323591, 323591, 323591, 323591, 323591, 323591, 323591, 323591, 322097, 322097, 322097, 322097, 319048, 319048, 319048, 319048, 319048, 319048, 319048, 314573, 314573, 314573, 314573, 314573, 314573, 314573, 314573, 314573, 314573, 314573, 314573, 314573, 314573, 314573, 314573, 314573, 314573, 314573, 314573, 314573, 314573, 314573, 314573, 314573, 314573, 314573, 314573, 314573, 314573, 314573, 314573, 314573, 314573, 314573, 314573, 314573, 314573, 314573, 314573, 314573, 314573, 314573, 314573, 314573, 314573, 314573, 314573]
current_obj = [371919.0, 350361.0, 344652.0, 340005.0, 336013.0, 332191.0, 338194.0, 330628.0, 331592.0, 329343.0, 325297.0, 325737.0, 330987.0, 341990.0, 323591.0, 327990.0, 332370.0, 328755.0, 326112.0, 326629.0, 330308.0, 324297.0, 325847.0, 326217.0, 329107.0, 324595.0, 326846.0, 330976.0, 322097.0, 331064.0, 326741.0, 326218.0, 319048.0, 320327.0, 319664.0, 328312.0, 323280.0, 324880.0, 322055.0, 314573.0, 316595.0, 317448.0, 321534.0, 321131.0, 320753.0, 320836.0, 322115.0, 323678.0, 319969.0, 322019.0, 319856.0, 320097.0, 321300.0, 320792.0, 316338.0, 319781.0, 319910.0, 317789.0, 322291.0, 318398.0, 318465.0, 321181.0, 322385.0, 320029.0, 317149.0, 322949.0, 321326.0, 318151.0, 324541.0, 318280.0, 323233.0, 319253.0, 319610.0, 318171.0, 322072.0, 322795.0, 323833.0, 323814.0, 322437.0, 319344.0, 323163.0, 318365.0, 319676.0, 321049.0, 318239.0, 316781.0, 318443.0, 315691.0, 0.0, 0.0, 0.0, 0.0, 0.0, 0.0, 0.0, 0.0, 0.0, 0.0, 0.0, 0.0, 0.0, 0.0, 0.0, 0.0, 0.0, 0.0, 0.0, 0.0, 0.0, 0.0, 0.0, 0.0, 0.0, 0.0, 0.0, 0.0, 0.0, 0.0, 0.0, 0.0, 0.0, 0.0, 0.0, 0.0, 0.0, 0.0, 0.0, 0.0, 0.0, 0.0, 0.0, 0.0, 0.0, 0.0, 0.0, 0.0, 0.0, 0.0, 0.0, 0.0, 0.0, 0.0, 0.0, 0.0, 0.0, 0.0, 0.0, 0.0, 0.0, 0.0, 0.0, 0.0, 0.0, 0.0, 0.0, 0.0, 0.0, 0.0, 0.0, 0.0, 0.0, 0.0, 0.0, 0.0, 0.0, 0.0, 0.0, 0.0, 0.0, 0.0, 0.0, 0.0, 0.0, 0.0, 0.0, 0.0, 0.0, 0.0, 0.0, 0.0, 0.0, 0.0, 0.0, 0.0, 0.0, 0.0, 0.0, 0.0, 0.0, 0.0, 0.0, 0.0, 0.0, 0.0, 0.0, 0.0, 0.0, 0.0, 0.0, 0.0, 0.0, 0.0, 0.0, 0.0, 0.0, 0.0, 0.0, 0.0, 0.0, 0.0, 0.0, 0.0, 0.0, 0.0, 0.0, 0.0, 0.0, 0.0, 0.0, 0.0, 0.0, 0.0, 0.0, 0.0, 0.0, 0.0, 0.0, 0.0, 0.0, 0.0, 0.0, 0.0, 0.0, 0.0, 0.0, 0.0, 0.0, 0.0, 0.0, 0.0, 0.0, 0.0, 0.0, 0.0, 0.0, 0.0, 0.0, 0.0, 0.0, 0.0, 0.0, 0.0, 0.0, 0.0, 0.0, 0.0, 0.0, 0.0, 0.0, 0.0, 0.0, 0.0, 0.0, 0.0, 0.0, 0.0, 0.0, 0.0, 0.0, 0.0, 0.0, 0.0, 0.0, 0.0, 0.0, 0.0, 0.0, 0.0, 0.0, 0.0, 0.0, 0.0, 0.0, 0.0, 0.0, 0.0, 0.0, 0.0, 0.0, 0.0, 0.0, 0.0, 0.0, 0.0, 0.0, 0.0, 0.0, 0.0, 0.0, 0.0]
cong_K= Any[3, 3, 3, 3, 3, 3, 3, 3, 3, 3, 3, 3, 3] 
obj_k= Any[371919, 350361, 344652, 340005, 336013, 332191, 330628, 329343, 325297, 323591, 322097, 319048, 314573] 
iter_obj = Any[1, 2, 3, 4, 5, 6, 8, 10, 11, 15, 29, 33, 40] 
avgClusterDiam = 2642.3333333333335 
maxClusterDiam = 3775.0 
clusterDiamete = [2695.0; 2711.0; 3775.0; 2527.0; 2545.0; 3120.0; 2263.0; 3033.0; 2779.0; 3579.0; 2023.0; 3015.0; 2223.0; 1591.0; 1756.0]   
C = [0, 0, 0, 0, 0, 0, 0, 0, 0, 0, 0, 1, 0, 0, 0, 0, 0, 0, 0, 0, 0, 1, 0, 0, 0, 0, 0, 0, 0, 0, 0, 0, 0, 0, 0, 0, 0, 0, 0, 0, 0, 0, 0, 0, 0, 0, 0, 0, 0, 0, 0, 0, 0, 0, 0, 0, 0, 0, 0, 0, 0, 0, 0, 0, 0, 1, 0, 0, 0, 0, 0, 0, 0, 0, 0, 0, 0, 0, 0, 0, 0, 0, 0, 0, 0, 0, 1, 0, 0, 0, 0, 0, 0, 0, 0, 0, 0, 0, 0, 0, 0, 0, 0, 0, 0, 0, 0, 0, 0, 0, 0, 0, 0, 0, 0, 0, 0, 0, 0, 0, 0, 0, 0, 0, 0, 0, 0, 0, 0, 0, 0, 0, 0, 0, 0, 0, 0, 0, 0, 1, 0, 0, 0, 0, 0, 0, 0, 0, 0, 0, 0, 0, 0, 1, 0, 0, 0, 0, 0, 0, 0, 0, 0, 0, 0, 0, 0, 0, 0, 0, 0, 0, 0, 0, 0, 0, 0, 0, 0, 0, 0, 0, 0, 0, 0, 0, 0, 0, 0, 0, 0, 0, 0, 0, 0, 0, 0, 0, 0, 0, 0, 0, 0, 0, 0, 0, 0, 0, 0, 0, 0, 0, 0, 1, 0, 0, 0, 1, 0, 0, 0, 0, 0, 0, 0, 0, 0, 0, 0, 0, 0, 0, 0, 0, 0, 0, 0, 0, 0, 0, 0, 0, 0, 0, 0, 0, 0, 0, 0, 0, 0, 0, 0, 0, 0, 0, 0, 0, 0, 0, 0, 0, 0, 0, 1, 0, 0, 0, 0, 0, 0, 0, 0, 0, 0, 0, 0, 0, 0, 0, 0, 0, 0, 0, 0, 0, 0, 0, 0, 0, 0, 0, 0, 0, 0, 0, 0, 0, 1, 0, 0, 0, 0, 0, 0, 0, 0, 0, 0, 0, 0, 0, 1, 0, 0, 0, 0, 0, 0, 0, 0, 0, 0, 0, 0, 0, 0, 0, 0, 0, 0, 0, 0, 0, 0, 0, 0, 0, 0, 0, 0, 0, 0, 0, 0, 0, 0, 0, 0, 0, 0, 0, 0, 0, 0, 0, 1, 0, 0, 0, 0, 0, 0, 0, 0, 0, 0, 0, 0, 0, 0, 0, 0, 0, 0, 0, 0, 0, 0, 0, 0, 0, 0, 0, 0, 0, 1, 0, 0, 0, 0, 0, 0, 0, 0, 0, 0, 0, 0, 0, 0, 0, 0, 0, 0, 0, 0, 0, 0, 0, 0, 0, 0, 0, 0, 0, 0, 0, 0, 0, 0, 0, 0, 1, 0, 0, 0, 0, 1, 0, 0, 0, 0, 0, 0, 0, 0, 0, 0, 0, 0, 0, 0, 0, 0, 0, 0, 0, 0, 0, 0, 0]
E = [12, 22, 12, 22, 12, 12, 22, 12, 12, 265, 12, 12, 66, 66, 22, 12, 12, 12, 12, 12, 22, 22, 22, 22, 22, 265, 12, 22, 265, 265, 265, 22, 12, 22, 22, 22, 22, 154, 140, 22, 87, 22, 87, 22, 66, 66, 154, 87, 22, 66, 154, 87, 66, 154, 87, 299, 66, 66, 299, 22, 154, 66, 154, 154, 265, 66, 66, 66, 154, 154, 154, 66, 66, 299, 66, 154, 66, 66, 66, 154, 154, 87, 154, 154, 12, 12, 87, 87, 87, 87, 87, 87, 87, 87, 87, 87, 87, 87, 265, 87, 87, 87, 12, 87, 87, 87, 87, 87, 87, 87, 12, 12, 12, 12, 12, 265, 12, 12, 12, 12, 12, 87, 140, 87, 22, 140, 140, 140, 140, 140, 140, 140, 140, 140, 140, 140, 140, 140, 140, 140, 140, 154, 140, 140, 140, 154, 140, 140, 140, 154, 140, 154, 154, 154, 140, 154, 154, 140, 140, 12, 154, 154, 140, 154, 154, 66, 66, 66, 154, 66, 66, 66, 66, 265, 154, 265, 66, 66, 154, 154, 66, 299, 12, 66, 66, 218, 66, 66, 66, 66, 66, 218, 214, 22, 218, 218, 214, 214, 218, 218, 218, 214, 214, 214, 218, 214, 218, 218, 214, 214, 218, 218, 214, 214, 214, 214, 66, 218, 214, 214, 214, 218, 218, 218, 218, 66, 214, 214, 214, 214, 218, 66, 214, 218, 214, 214, 214, 214, 22, 214, 214, 214, 214, 214, 218, 218, 66, 12, 22, 66, 218, 22, 22, 12, 12, 12, 12, 218, 12, 87, 22, 87, 12, 265, 265, 265, 265, 265, 265, 12, 265, 265, 265, 265, 265, 140, 154, 154, 299, 154, 299, 299, 299, 299, 66, 66, 66, 313, 154, 313, 299, 299, 299, 299, 154, 299, 299, 299, 299, 299, 299, 357, 313, 313, 313, 313, 313, 313, 313, 313, 313, 313, 313, 313, 313, 313, 299, 299, 299, 299, 299, 299, 299, 299, 299, 387, 313, 313, 313, 313, 313, 313, 313, 313, 357, 357, 357, 357, 299, 299, 357, 357, 357, 357, 357, 357, 313, 313, 313, 313, 313, 313, 387, 357, 357, 357, 357, 357, 357, 357, 387, 313, 387, 313, 387, 387, 387, 387, 387, 387, 357, 357, 357, 357, 357, 357, 357, 357, 357, 387, 387, 387, 387, 387, 387, 387, 387, 387, 387, 387, 387, 424, 424, 424, 424, 424, 424, 424, 424, 424, 429, 429, 429, 429, 357, 424, 429, 429, 429, 429, 424, 424, 424, 424, 387, 387, 387, 387, 387, 387, 387, 424, 424, 424, 424, 424, 424, 429, 429, 429, 429, 429, 424, 424, 424, 424, 424, 424, 424, 424, 424, 429, 429, 429, 429, 429, 22, 87, 66, 265, 218, 218]
