n° iter       = 300 
neighborhood_structure = [1] 
Prioridad     = 5 
balance       = 0.2 
Len_N         = 9 
N° clusters   = 15 
N° estaciones = 452 
N° mejoras    = 35
N° iter completadas  = 109
1° FO         = 378309.0
FO            = 311448
Centros       = [14, 20, 66, 87, 137, 152, 215, 218, 264, 299, 313, 360, 368, 414, 428]
Objs= Any[378309.0, 373282, 367670, 362876, 359624, 355182, 351500, 347374, 341221, 338499, 336826, 335651, 332158, 327957, 327957, 327796, 326893, 326893, 326893, 325489, 322679, 322676, 322676, 322676, 319775, 319775, 319630, 318707, 317354, 317354, 317354, 317354, 317354, 317354, 317354, 317354, 317354, 317354, 317158, 316796, 316796, 316796, 316179, 315868, 315111, 315111, 315111, 315111, 315111, 314587, 314587, 314587, 314587, 314587, 314587, 314312, 314312, 314312, 314312, 314312, 314312, 314281, 314281, 314281, 314281, 314281, 314281, 314281, 314225, 314225, 314066, 314066, 314066, 314066, 314066, 314066, 314066, 314066, 314066, 314066, 314066, 314066, 314066, 314066, 314066, 313449, 313449, 313449, 313449, 313449, 313449, 313449, 313449, 313449, 313449, 313449, 313449, 313449, 313273, 313273, 313273, 313273, 313273, 313273, 313273, 313273, 311448, 311448, 311448, 311448]
current_obj = [373282.0, 367670.0, 362876.0, 359624.0, 355182.0, 351500.0, 347374.0, 341221.0, 338499.0, 336826.0, 335651.0, 332158.0, 327957.0, 328437.0, 327796.0, 326893.0, 327341.0, 327215.0, 325489.0, 322679.0, 322676.0, 323441.0, 324012.0, 319775.0, 320397.0, 319630.0, 318707.0, 317354.0, 317407.0, 317871.0, 318069.0, 317896.0, 317507.0, 317357.0, 317357.0, 318006.0, 317578.0, 317158.0, 316796.0, 317268.0, 317871.0, 316179.0, 315868.0, 315111.0, 315111.0, 315449.0, 315148.0, 315541.0, 314587.0, 315560.0, 315233.0, 315383.0, 315190.0, 315370.0, 314312.0, 315266.0, 315399.0, 314941.0, 314928.0, 315212.0, 314281.0, 314561.0, 314871.0, 315210.0, 314421.0, 314289.0, 315378.0, 314225.0, 314993.0, 314066.0, 314851.0, 314163.0, 314464.0, 314946.0, 314149.0, 314942.0, 314607.0, 315146.0, 315340.0, 314996.0, 315180.0, 315870.0, 314287.0, 314287.0, 313449.0, 314101.0, 314234.0, 314101.0, 313987.0, 313900.0, 314757.0, 314078.0, 313847.0, 313734.0, 313608.0, 313668.0, 314805.0, 313273.0, 313577.0, 314107.0, 314112.0, 313861.0, 314107.0, 314313.0, 314353.0, 311448.0, 311467.0, 312331.0, 311839.0, 312087.0, 0.0, 0.0, 0.0, 0.0, 0.0, 0.0, 0.0, 0.0, 0.0, 0.0, 0.0, 0.0, 0.0, 0.0, 0.0, 0.0, 0.0, 0.0, 0.0, 0.0, 0.0, 0.0, 0.0, 0.0, 0.0, 0.0, 0.0, 0.0, 0.0, 0.0, 0.0, 0.0, 0.0, 0.0, 0.0, 0.0, 0.0, 0.0, 0.0, 0.0, 0.0, 0.0, 0.0, 0.0, 0.0, 0.0, 0.0, 0.0, 0.0, 0.0, 0.0, 0.0, 0.0, 0.0, 0.0, 0.0, 0.0, 0.0, 0.0, 0.0, 0.0, 0.0, 0.0, 0.0, 0.0, 0.0, 0.0, 0.0, 0.0, 0.0, 0.0, 0.0, 0.0, 0.0, 0.0, 0.0, 0.0, 0.0, 0.0, 0.0, 0.0, 0.0, 0.0, 0.0, 0.0, 0.0, 0.0, 0.0, 0.0, 0.0, 0.0, 0.0, 0.0, 0.0, 0.0, 0.0, 0.0, 0.0, 0.0, 0.0, 0.0, 0.0, 0.0, 0.0, 0.0, 0.0, 0.0, 0.0, 0.0, 0.0, 0.0, 0.0, 0.0, 0.0, 0.0, 0.0, 0.0, 0.0, 0.0, 0.0, 0.0, 0.0, 0.0, 0.0, 0.0, 0.0, 0.0, 0.0, 0.0, 0.0, 0.0, 0.0, 0.0, 0.0, 0.0, 0.0, 0.0, 0.0, 0.0, 0.0, 0.0, 0.0, 0.0, 0.0, 0.0, 0.0, 0.0, 0.0, 0.0, 0.0, 0.0, 0.0, 0.0, 0.0, 0.0, 0.0, 0.0, 0.0, 0.0, 0.0, 0.0, 0.0, 0.0, 0.0, 0.0, 0.0, 0.0, 0.0, 0.0, 0.0, 0.0, 0.0, 0.0, 0.0, 0.0, 0.0, 0.0, 0.0, 0.0, 0.0, 0.0, 0.0, 0.0, 0.0, 0.0, 0.0, 0.0, 0.0, 0.0, 0.0]
cong_K= Any[1, 1, 1, 1, 1, 1, 1, 1, 1, 1, 1, 1, 1, 1, 1, 1, 1, 1, 1, 1, 1, 1, 1, 1, 1, 1, 1, 1, 1, 1, 1, 1, 1, 1, 1] 
obj_k= Any[373282, 367670, 362876, 359624, 355182, 351500, 347374, 341221, 338499, 336826, 335651, 332158, 327957, 327796, 326893, 325489, 322679, 322676, 319775, 319630, 318707, 317354, 317158, 316796, 316179, 315868, 315111, 314587, 314312, 314281, 314225, 314066, 313449, 313273, 311448] 
iter_obj = Any[1, 2, 3, 4, 5, 6, 7, 8, 9, 10, 11, 12, 13, 15, 16, 19, 20, 21, 24, 26, 27, 28, 38, 39, 42, 43, 44, 49, 55, 61, 68, 70, 85, 98, 106] 
avgClusterDiam = 2578.6 
maxClusterDiam = 3775.0 
clusterDiamete = [2951.0; 2127.0; 3775.0; 2602.0; 2223.0; 2752.0; 2263.0; 3251.0; 2779.0; 3579.0; 2023.0; 3015.0; 2127.0; 1663.0; 1549.0]   
C = [0, 0, 0, 0, 0, 0, 0, 0, 0, 0, 0, 0, 0, 1, 0, 0, 0, 0, 0, 1, 0, 0, 0, 0, 0, 0, 0, 0, 0, 0, 0, 0, 0, 0, 0, 0, 0, 0, 0, 0, 0, 0, 0, 0, 0, 0, 0, 0, 0, 0, 0, 0, 0, 0, 0, 0, 0, 0, 0, 0, 0, 0, 0, 0, 0, 1, 0, 0, 0, 0, 0, 0, 0, 0, 0, 0, 0, 0, 0, 0, 0, 0, 0, 0, 0, 0, 1, 0, 0, 0, 0, 0, 0, 0, 0, 0, 0, 0, 0, 0, 0, 0, 0, 0, 0, 0, 0, 0, 0, 0, 0, 0, 0, 0, 0, 0, 0, 0, 0, 0, 0, 0, 0, 0, 0, 0, 0, 0, 0, 0, 0, 0, 0, 0, 0, 0, 1, 0, 0, 0, 0, 0, 0, 0, 0, 0, 0, 0, 0, 0, 0, 1, 0, 0, 0, 0, 0, 0, 0, 0, 0, 0, 0, 0, 0, 0, 0, 0, 0, 0, 0, 0, 0, 0, 0, 0, 0, 0, 0, 0, 0, 0, 0, 0, 0, 0, 0, 0, 0, 0, 0, 0, 0, 0, 0, 0, 0, 0, 0, 0, 0, 0, 0, 0, 0, 0, 0, 0, 0, 0, 0, 0, 0, 0, 1, 0, 0, 1, 0, 0, 0, 0, 0, 0, 0, 0, 0, 0, 0, 0, 0, 0, 0, 0, 0, 0, 0, 0, 0, 0, 0, 0, 0, 0, 0, 0, 0, 0, 0, 0, 0, 0, 0, 0, 0, 0, 0, 0, 0, 0, 0, 0, 0, 1, 0, 0, 0, 0, 0, 0, 0, 0, 0, 0, 0, 0, 0, 0, 0, 0, 0, 0, 0, 0, 0, 0, 0, 0, 0, 0, 0, 0, 0, 0, 0, 0, 0, 0, 1, 0, 0, 0, 0, 0, 0, 0, 0, 0, 0, 0, 0, 0, 1, 0, 0, 0, 0, 0, 0, 0, 0, 0, 0, 0, 0, 0, 0, 0, 0, 0, 0, 0, 0, 0, 0, 0, 0, 0, 0, 0, 0, 0, 0, 0, 0, 0, 0, 0, 0, 0, 0, 0, 0, 0, 0, 0, 0, 0, 0, 1, 0, 0, 0, 0, 0, 0, 0, 1, 0, 0, 0, 0, 0, 0, 0, 0, 0, 0, 0, 0, 0, 0, 0, 0, 0, 0, 0, 0, 0, 0, 0, 0, 0, 0, 0, 0, 0, 0, 0, 0, 0, 0, 0, 0, 0, 0, 0, 0, 0, 0, 0, 0, 0, 1, 0, 0, 0, 0, 0, 0, 0, 0, 0, 0, 0, 0, 0, 1, 0, 0, 0, 0, 0, 0, 0, 0, 0, 0, 0, 0, 0, 0, 0, 0, 0, 0, 0, 0, 0, 0, 0, 0]
E = [20, 14, 20, 14, 20, 20, 14, 20, 20, 264, 20, 20, 66, 66, 14, 14, 20, 20, 20, 20, 14, 14, 14, 14, 20, 20, 20, 14, 264, 264, 264, 152, 20, 14, 14, 14, 14, 66, 137, 14, 87, 14, 87, 14, 66, 152, 152, 87, 14, 66, 152, 87, 66, 152, 87, 299, 66, 66, 299, 14, 152, 66, 152, 152, 264, 66, 66, 66, 152, 152, 152, 66, 66, 299, 66, 152, 66, 66, 66, 152, 152, 87, 152, 152, 20, 20, 87, 87, 87, 87, 87, 87, 87, 87, 87, 87, 87, 87, 264, 87, 87, 87, 20, 87, 87, 87, 87, 87, 87, 87, 14, 20, 20, 20, 20, 264, 20, 20, 20, 20, 137, 87, 137, 137, 20, 137, 137, 137, 137, 137, 137, 137, 137, 137, 137, 137, 137, 137, 152, 137, 137, 152, 137, 137, 137, 152, 137, 137, 137, 152, 152, 152, 152, 152, 152, 152, 299, 137, 137, 20, 152, 152, 137, 152, 152, 66, 66, 66, 66, 66, 66, 66, 66, 264, 152, 264, 66, 66, 152, 152, 66, 299, 14, 66, 66, 218, 66, 66, 218, 66, 66, 218, 215, 14, 218, 218, 215, 215, 218, 218, 218, 215, 215, 215, 218, 215, 218, 218, 215, 215, 218, 218, 215, 215, 215, 215, 66, 218, 215, 215, 215, 218, 218, 218, 218, 66, 215, 215, 215, 215, 218, 66, 215, 218, 215, 215, 215, 215, 14, 215, 215, 215, 215, 215, 218, 218, 14, 14, 14, 66, 14, 14, 14, 20, 20, 20, 20, 218, 264, 87, 14, 87, 20, 264, 264, 264, 264, 264, 87, 20, 264, 264, 264, 264, 264, 299, 152, 152, 299, 152, 299, 299, 299, 299, 66, 66, 66, 313, 313, 313, 299, 299, 299, 299, 299, 299, 299, 299, 299, 299, 299, 360, 313, 313, 313, 313, 313, 313, 313, 313, 313, 313, 313, 313, 313, 313, 299, 299, 299, 299, 299, 299, 299, 299, 360, 360, 313, 313, 313, 313, 313, 313, 313, 368, 360, 368, 360, 360, 299, 299, 360, 360, 360, 360, 368, 368, 313, 313, 313, 313, 313, 368, 368, 368, 368, 360, 360, 360, 360, 360, 368, 368, 368, 313, 368, 368, 368, 368, 368, 368, 368, 360, 360, 360, 360, 360, 360, 360, 414, 414, 368, 368, 368, 368, 368, 368, 368, 368, 368, 414, 414, 414, 414, 414, 414, 414, 414, 414, 360, 360, 360, 428, 360, 360, 360, 428, 428, 428, 428, 428, 428, 428, 414, 414, 414, 414, 368, 368, 414, 414, 414, 414, 414, 414, 414, 428, 428, 428, 428, 428, 428, 428, 414, 414, 414, 414, 414, 414, 414, 428, 428, 428, 428, 428, 428, 428, 14, 87, 66, 264, 218, 218]
