n° iter       = 300 
neighborhood_structure = [3] 
Prioridad     = 5 
balance       = 0.2 
Len_N         = 9 
N° clusters   = 15 
N° estaciones = 452 
N° mejoras    = 22
N° iter completadas  = 212
1° FO         = 359796.0
FO            = 314391
Centros       = [22, 66, 81, 86, 87, 134, 218, 221, 273, 299, 313, 358, 382, 413, 428]
Objs= Any[359796.0, 355393, 351907, 347717, 343474, 340085, 340085, 340085, 337602, 333274, 332244, 327538, 327508, 326607, 326607, 326607, 326607, 325639, 325639, 325639, 324840, 324840, 322411, 322411, 322411, 322411, 322411, 322411, 322411, 322411, 322238, 322238, 322238, 322238, 322238, 322238, 322238, 322238, 321333, 321333, 319636, 319636, 319636, 319636, 319636, 319636, 319636, 319636, 319636, 319636, 319636, 319636, 319636, 319629, 319629, 319629, 319629, 319629, 319629, 319629, 319629, 319629, 319629, 319629, 319629, 319629, 319629, 319629, 319629, 319629, 319629, 319629, 319629, 319629, 319629, 319629, 319629, 319629, 319629, 319629, 319629, 319629, 319629, 319629, 319629, 318977, 318977, 318977, 318977, 318977, 318977, 318977, 318977, 318977, 318977, 318977, 318977, 318977, 318977, 318977, 318977, 318977, 318977, 318977, 318977, 318977, 318977, 318977, 318977, 318977, 318977, 318977, 318977, 318977, 318977, 317677, 317677, 317677, 317677, 317677, 317677, 317677, 317677, 317677, 317677, 317677, 317031, 317031, 317031, 317031, 317031, 317031, 317031, 317031, 317031, 317031, 317031, 317031, 314391, 314391, 314391, 314391, 314391, 314391, 314391, 314391, 314391, 314391, 314391, 314391, 314391, 314391, 314391, 314391, 314391, 314391, 314391, 314391, 314391, 314391, 314391, 314391, 314391, 314391, 314391, 314391, 314391, 314391, 314391, 314391, 314391, 314391, 314391, 314391, 314391, 314391, 314391, 314391, 314391, 314391, 314391, 314391, 314391, 314391, 314391, 314391, 314391, 314391, 314391, 314391, 314391, 314391, 314391, 314391, 314391, 314391, 314391, 314391, 314391, 314391, 314391, 314391, 314391, 314391, 314391, 314391, 314391, 314391, 314391, 314391, 314391, 314391, 314391]
current_obj = [355393.0, 351907.0, 347717.0, 343474.0, 340085.0, 341468.0, 340912.0, 337602.0, 333274.0, 332244.0, 327538.0, 327508.0, 326607.0, 329217.0, 328895.0, 328272.0, 325639.0, 331567.0, 326935.0, 324840.0, 326432.0, 322411.0, 326226.0, 328977.0, 331724.0, 328048.0, 322448.0, 326062.0, 325898.0, 322238.0, 328627.0, 329724.0, 327966.0, 325742.0, 324200.0, 327125.0, 326847.0, 321333.0, 326472.0, 319636.0, 323966.0, 324245.0, 323908.0, 327048.0, 323908.0, 320252.0, 323228.0, 321554.0, 323059.0, 325356.0, 322304.0, 327702.0, 319629.0, 320519.0, 323344.0, 320360.0, 320451.0, 326449.0, 324249.0, 322778.0, 321000.0, 323997.0, 326250.0, 326348.0, 322556.0, 324984.0, 325508.0, 324410.0, 320354.0, 321099.0, 322650.0, 320705.0, 319715.0, 324876.0, 325839.0, 321958.0, 323997.0, 324728.0, 323738.0, 320613.0, 327959.0, 322623.0, 322500.0, 323741.0, 318977.0, 323008.0, 319564.0, 321953.0, 325845.0, 326399.0, 319969.0, 324920.0, 326339.0, 321000.0, 323133.0, 325735.0, 319843.0, 326120.0, 323251.0, 321813.0, 325550.0, 327084.0, 323376.0, 323071.0, 320462.0, 324556.0, 321354.0, 325033.0, 319662.0, 323276.0, 324745.0, 329241.0, 322485.0, 320605.0, 317677.0, 320566.0, 321983.0, 322071.0, 322211.0, 318421.0, 321411.0, 322826.0, 320763.0, 322247.0, 322252.0, 317031.0, 325204.0, 320482.0, 321799.0, 320391.0, 319011.0, 321830.0, 319415.0, 318714.0, 319487.0, 320873.0, 324629.0, 314391.0, 321565.0, 318805.0, 317537.0, 318327.0, 320666.0, 318150.0, 320568.0, 319399.0, 320749.0, 317857.0, 316736.0, 320247.0, 315891.0, 320420.0, 320853.0, 322148.0, 316947.0, 319252.0, 321629.0, 317424.0, 314999.0, 318054.0, 317726.0, 316951.0, 322817.0, 319869.0, 318893.0, 320883.0, 317909.0, 325605.0, 320489.0, 319015.0, 319355.0, 319120.0, 320616.0, 320880.0, 321747.0, 319588.0, 320440.0, 320263.0, 317326.0, 319349.0, 318878.0, 317579.0, 316435.0, 324845.0, 319395.0, 315648.0, 319298.0, 321791.0, 320937.0, 322062.0, 318345.0, 326737.0, 320875.0, 324079.0, 318903.0, 325726.0, 319853.0, 320967.0, 318923.0, 319941.0, 322594.0, 319077.0, 316459.0, 319024.0, 321166.0, 322586.0, 317915.0, 320877.0, 322116.0, 321526.0, 321066.0, 320364.0, 319731.0, 0.0, 0.0, 0.0, 0.0, 0.0, 0.0, 0.0, 0.0, 0.0, 0.0, 0.0, 0.0, 0.0, 0.0, 0.0, 0.0, 0.0, 0.0, 0.0, 0.0, 0.0, 0.0, 0.0, 0.0, 0.0, 0.0, 0.0, 0.0, 0.0, 0.0, 0.0, 0.0, 0.0, 0.0, 0.0, 0.0, 0.0, 0.0, 0.0, 0.0, 0.0, 0.0, 0.0, 0.0, 0.0, 0.0, 0.0, 0.0, 0.0, 0.0, 0.0, 0.0, 0.0, 0.0, 0.0, 0.0, 0.0, 0.0, 0.0, 0.0, 0.0, 0.0, 0.0, 0.0, 0.0, 0.0, 0.0, 0.0, 0.0, 0.0, 0.0, 0.0, 0.0, 0.0, 0.0, 0.0, 0.0, 0.0, 0.0, 0.0, 0.0, 0.0, 0.0, 0.0, 0.0, 0.0, 0.0]
cong_K= Any[3, 3, 3, 3, 3, 3, 3, 3, 3, 3, 3, 3, 3, 3, 3, 3, 3, 3, 3, 3, 3, 3] 
obj_k= Any[355393, 351907, 347717, 343474, 340085, 337602, 333274, 332244, 327538, 327508, 326607, 325639, 324840, 322411, 322238, 321333, 319636, 319629, 318977, 317677, 317031, 314391] 
iter_obj = Any[1, 2, 3, 4, 5, 8, 9, 10, 11, 12, 13, 17, 20, 22, 30, 38, 40, 53, 85, 115, 126, 138] 
avgClusterDiam = 2625.4666666666667 
maxClusterDiam = 3775.0 
clusterDiamete = [3302.0; 3775.0; 2739.0; 2211.0; 2531.0; 2718.0; 3495.0; 2263.0; 2779.0; 3579.0; 2023.0; 3015.0; 1818.0; 1585.0; 1549.0]   
C = [0, 0, 0, 0, 0, 0, 0, 0, 0, 0, 0, 0, 0, 0, 0, 0, 0, 0, 0, 0, 0, 1, 0, 0, 0, 0, 0, 0, 0, 0, 0, 0, 0, 0, 0, 0, 0, 0, 0, 0, 0, 0, 0, 0, 0, 0, 0, 0, 0, 0, 0, 0, 0, 0, 0, 0, 0, 0, 0, 0, 0, 0, 0, 0, 0, 1, 0, 0, 0, 0, 0, 0, 0, 0, 0, 0, 0, 0, 0, 0, 1, 0, 0, 0, 0, 1, 1, 0, 0, 0, 0, 0, 0, 0, 0, 0, 0, 0, 0, 0, 0, 0, 0, 0, 0, 0, 0, 0, 0, 0, 0, 0, 0, 0, 0, 0, 0, 0, 0, 0, 0, 0, 0, 0, 0, 0, 0, 0, 0, 0, 0, 0, 0, 1, 0, 0, 0, 0, 0, 0, 0, 0, 0, 0, 0, 0, 0, 0, 0, 0, 0, 0, 0, 0, 0, 0, 0, 0, 0, 0, 0, 0, 0, 0, 0, 0, 0, 0, 0, 0, 0, 0, 0, 0, 0, 0, 0, 0, 0, 0, 0, 0, 0, 0, 0, 0, 0, 0, 0, 0, 0, 0, 0, 0, 0, 0, 0, 0, 0, 0, 0, 0, 0, 0, 0, 0, 0, 0, 0, 0, 0, 0, 0, 0, 0, 0, 0, 1, 0, 0, 1, 0, 0, 0, 0, 0, 0, 0, 0, 0, 0, 0, 0, 0, 0, 0, 0, 0, 0, 0, 0, 0, 0, 0, 0, 0, 0, 0, 0, 0, 0, 0, 0, 0, 0, 0, 0, 0, 0, 0, 0, 0, 0, 0, 0, 0, 0, 0, 0, 0, 0, 0, 1, 0, 0, 0, 0, 0, 0, 0, 0, 0, 0, 0, 0, 0, 0, 0, 0, 0, 0, 0, 0, 0, 0, 0, 0, 0, 1, 0, 0, 0, 0, 0, 0, 0, 0, 0, 0, 0, 0, 0, 1, 0, 0, 0, 0, 0, 0, 0, 0, 0, 0, 0, 0, 0, 0, 0, 0, 0, 0, 0, 0, 0, 0, 0, 0, 0, 0, 0, 0, 0, 0, 0, 0, 0, 0, 0, 0, 0, 0, 0, 0, 0, 0, 0, 0, 1, 0, 0, 0, 0, 0, 0, 0, 0, 0, 0, 0, 0, 0, 0, 0, 0, 0, 0, 0, 0, 0, 0, 0, 1, 0, 0, 0, 0, 0, 0, 0, 0, 0, 0, 0, 0, 0, 0, 0, 0, 0, 0, 0, 0, 0, 0, 0, 0, 0, 0, 0, 0, 0, 0, 1, 0, 0, 0, 0, 0, 0, 0, 0, 0, 0, 0, 0, 0, 0, 1, 0, 0, 0, 0, 0, 0, 0, 0, 0, 0, 0, 0, 0, 0, 0, 0, 0, 0, 0, 0, 0, 0, 0, 0]
E = [86, 22, 86, 22, 86, 86, 22, 86, 86, 273, 86, 86, 66, 66, 22, 86, 134, 86, 86, 86, 22, 22, 22, 22, 22, 86, 86, 22, 273, 273, 273, 22, 81, 22, 22, 22, 22, 66, 134, 134, 87, 22, 87, 22, 66, 81, 81, 87, 22, 66, 81, 87, 66, 81, 87, 299, 66, 66, 299, 22, 81, 66, 81, 81, 273, 66, 66, 66, 81, 81, 81, 66, 66, 299, 66, 81, 66, 66, 66, 81, 81, 87, 81, 81, 86, 86, 87, 87, 87, 87, 87, 87, 87, 87, 87, 87, 87, 87, 273, 87, 87, 87, 22, 87, 87, 87, 87, 87, 87, 87, 22, 86, 86, 86, 86, 86, 86, 86, 86, 86, 134, 87, 134, 134, 134, 134, 134, 134, 134, 134, 134, 134, 134, 134, 134, 134, 134, 134, 134, 134, 134, 81, 134, 134, 134, 81, 134, 134, 134, 81, 81, 81, 81, 81, 134, 81, 299, 134, 134, 86, 81, 81, 134, 81, 81, 66, 66, 66, 81, 66, 66, 66, 66, 273, 81, 273, 66, 66, 81, 81, 81, 299, 22, 66, 66, 218, 66, 66, 66, 66, 66, 221, 221, 22, 218, 218, 221, 221, 218, 218, 218, 221, 221, 221, 218, 221, 218, 218, 221, 221, 218, 218, 221, 221, 221, 221, 66, 218, 221, 221, 221, 218, 218, 218, 218, 66, 221, 221, 221, 221, 218, 66, 221, 218, 221, 221, 221, 218, 22, 221, 221, 218, 221, 221, 218, 218, 22, 22, 22, 66, 218, 22, 22, 86, 86, 86, 86, 218, 86, 87, 22, 87, 86, 273, 87, 273, 273, 273, 273, 86, 273, 273, 273, 273, 273, 299, 81, 81, 299, 81, 299, 299, 299, 299, 66, 66, 66, 313, 313, 313, 299, 299, 299, 299, 299, 299, 299, 299, 299, 299, 299, 358, 313, 313, 313, 313, 313, 313, 313, 313, 313, 313, 313, 313, 313, 313, 299, 299, 299, 299, 299, 299, 299, 299, 313, 358, 313, 313, 313, 313, 313, 313, 313, 313, 358, 358, 358, 358, 299, 299, 358, 358, 358, 358, 358, 382, 313, 313, 313, 313, 313, 313, 382, 382, 382, 358, 358, 358, 358, 358, 382, 313, 382, 313, 382, 382, 382, 382, 382, 382, 382, 358, 358, 358, 358, 358, 358, 413, 382, 382, 382, 382, 382, 382, 382, 382, 382, 382, 382, 382, 382, 382, 413, 413, 413, 413, 413, 413, 358, 358, 358, 428, 358, 358, 358, 428, 428, 428, 428, 428, 428, 428, 413, 413, 413, 413, 382, 382, 382, 382, 382, 413, 413, 413, 413, 428, 428, 428, 428, 428, 428, 428, 413, 413, 413, 413, 413, 413, 413, 428, 428, 428, 428, 428, 428, 428, 22, 87, 66, 86, 221, 218]
