n° iter       = 300 
neighborhood_structure = [2] 
Prioridad     = 5 
balance       = 0.2 
Len_N         = 3 
N° clusters   = 15 
N° estaciones = 452 
N° mejoras    = 17
N° iter completadas  = 91
1° FO         = 353078.0
FO            = 321729
Centros       = [16, 20, 66, 70, 95, 147, 206, 224, 264, 294, 314, 358, 362, 411, 416]
Objs= Any[353078.0, 351212, 349799, 345982, 345488, 345069, 345069, 345069, 345069, 340618, 337387, 335507, 335507, 335507, 335507, 334114, 334114, 334114, 334114, 334114, 333689, 329793, 329793, 329793, 329793, 329793, 329743, 329743, 329743, 329743, 329743, 329743, 329597, 329597, 329597, 329597, 329597, 329597, 329597, 329597, 329597, 325513, 325513, 325513, 325513, 325513, 325513, 325513, 325513, 324308, 324308, 324308, 324308, 324308, 324308, 324308, 324308, 324308, 324308, 324308, 324308, 324308, 324308, 324308, 324308, 324308, 323916, 323916, 323916, 323916, 323916, 323916, 323916, 323916, 323916, 323916, 323916, 323916, 323916, 323916, 323916, 323916, 323916, 323916, 323916, 321729, 321729, 321729, 321729, 321729, 321729, 321729]
current_obj = [351212.0, 349799.0, 345982.0, 345488.0, 345069.0, 346411.0, 345977.0, 353019.0, 340618.0, 337387.0, 335507.0, 341686.0, 335888.0, 335910.0, 334114.0, 336191.0, 337553.0, 334150.0, 337984.0, 333689.0, 329793.0, 330549.0, 332221.0, 337582.0, 336166.0, 329743.0, 331827.0, 330217.0, 330614.0, 332111.0, 335721.0, 329597.0, 338241.0, 331273.0, 333176.0, 336667.0, 332899.0, 334154.0, 332426.0, 330170.0, 325513.0, 330081.0, 328124.0, 330871.0, 327835.0, 327959.0, 329155.0, 333847.0, 324308.0, 327537.0, 325567.0, 325603.0, 327758.0, 327188.0, 329414.0, 327200.0, 331333.0, 327975.0, 327586.0, 325425.0, 326368.0, 331303.0, 328649.0, 326292.0, 324403.0, 323916.0, 327205.0, 328192.0, 326861.0, 326178.0, 327808.0, 330779.0, 328360.0, 328268.0, 326896.0, 324516.0, 325259.0, 326139.0, 326889.0, 329896.0, 325581.0, 329056.0, 324691.0, 330898.0, 321729.0, 325435.0, 322559.0, 327896.0, 328549.0, 329776.0, 327383.0, 323288.0, 0.0, 0.0, 0.0, 0.0, 0.0, 0.0, 0.0, 0.0, 0.0, 0.0, 0.0, 0.0, 0.0, 0.0, 0.0, 0.0, 0.0, 0.0, 0.0, 0.0, 0.0, 0.0, 0.0, 0.0, 0.0, 0.0, 0.0, 0.0, 0.0, 0.0, 0.0, 0.0, 0.0, 0.0, 0.0, 0.0, 0.0, 0.0, 0.0, 0.0, 0.0, 0.0, 0.0, 0.0, 0.0, 0.0, 0.0, 0.0, 0.0, 0.0, 0.0, 0.0, 0.0, 0.0, 0.0, 0.0, 0.0, 0.0, 0.0, 0.0, 0.0, 0.0, 0.0, 0.0, 0.0, 0.0, 0.0, 0.0, 0.0, 0.0, 0.0, 0.0, 0.0, 0.0, 0.0, 0.0, 0.0, 0.0, 0.0, 0.0, 0.0, 0.0, 0.0, 0.0, 0.0, 0.0, 0.0, 0.0, 0.0, 0.0, 0.0, 0.0, 0.0, 0.0, 0.0, 0.0, 0.0, 0.0, 0.0, 0.0, 0.0, 0.0, 0.0, 0.0, 0.0, 0.0, 0.0, 0.0, 0.0, 0.0, 0.0, 0.0, 0.0, 0.0, 0.0, 0.0, 0.0, 0.0, 0.0, 0.0, 0.0, 0.0, 0.0, 0.0, 0.0, 0.0, 0.0, 0.0, 0.0, 0.0, 0.0, 0.0, 0.0, 0.0, 0.0, 0.0, 0.0, 0.0, 0.0, 0.0, 0.0, 0.0, 0.0, 0.0, 0.0, 0.0, 0.0, 0.0, 0.0, 0.0, 0.0, 0.0, 0.0, 0.0, 0.0, 0.0, 0.0, 0.0, 0.0, 0.0, 0.0, 0.0, 0.0, 0.0, 0.0, 0.0, 0.0, 0.0, 0.0, 0.0, 0.0, 0.0, 0.0, 0.0, 0.0, 0.0, 0.0, 0.0, 0.0, 0.0, 0.0, 0.0, 0.0, 0.0, 0.0, 0.0, 0.0, 0.0, 0.0, 0.0, 0.0, 0.0, 0.0, 0.0, 0.0, 0.0, 0.0, 0.0, 0.0, 0.0, 0.0, 0.0, 0.0, 0.0, 0.0, 0.0, 0.0, 0.0]
cong_K= Any[2, 2, 2, 2, 2, 2, 2, 2, 2, 2, 2, 2, 2, 2, 2, 2, 2] 
obj_k= Any[351212, 349799, 345982, 345488, 345069, 340618, 337387, 335507, 334114, 333689, 329793, 329743, 329597, 325513, 324308, 323916, 321729] 
iter_obj = Any[1, 2, 3, 4, 5, 9, 10, 11, 15, 20, 21, 26, 32, 41, 49, 66, 85] 
avgClusterDiam = 2609.733333333333 
maxClusterDiam = 3775.0 
clusterDiamete = [2986.0; 2395.0; 3775.0; 2697.0; 2191.0; 2389.0; 2263.0; 3033.0; 2892.0; 3579.0; 1790.0; 3142.0; 2013.0; 2229.0; 1772.0]   
C = [0, 0, 0, 0, 0, 0, 0, 0, 0, 0, 0, 0, 0, 0, 0, 1, 0, 0, 0, 1, 0, 0, 0, 0, 0, 0, 0, 0, 0, 0, 0, 0, 0, 0, 0, 0, 0, 0, 0, 0, 0, 0, 0, 0, 0, 0, 0, 0, 0, 0, 0, 0, 0, 0, 0, 0, 0, 0, 0, 0, 0, 0, 0, 0, 0, 1, 0, 0, 0, 1, 0, 0, 0, 0, 0, 0, 0, 0, 0, 0, 0, 0, 0, 0, 0, 0, 0, 0, 0, 0, 0, 0, 0, 0, 1, 0, 0, 0, 0, 0, 0, 0, 0, 0, 0, 0, 0, 0, 0, 0, 0, 0, 0, 0, 0, 0, 0, 0, 0, 0, 0, 0, 0, 0, 0, 0, 0, 0, 0, 0, 0, 0, 0, 0, 0, 0, 0, 0, 0, 0, 0, 0, 0, 0, 0, 0, 1, 0, 0, 0, 0, 0, 0, 0, 0, 0, 0, 0, 0, 0, 0, 0, 0, 0, 0, 0, 0, 0, 0, 0, 0, 0, 0, 0, 0, 0, 0, 0, 0, 0, 0, 0, 0, 0, 0, 0, 0, 0, 0, 0, 0, 0, 0, 0, 0, 0, 0, 0, 0, 0, 0, 0, 0, 0, 0, 1, 0, 0, 0, 0, 0, 0, 0, 0, 0, 0, 0, 0, 0, 0, 0, 0, 0, 1, 0, 0, 0, 0, 0, 0, 0, 0, 0, 0, 0, 0, 0, 0, 0, 0, 0, 0, 0, 0, 0, 0, 0, 0, 0, 0, 0, 0, 0, 0, 0, 0, 0, 0, 0, 0, 0, 0, 0, 1, 0, 0, 0, 0, 0, 0, 0, 0, 0, 0, 0, 0, 0, 0, 0, 0, 0, 0, 0, 0, 0, 0, 0, 0, 0, 0, 0, 0, 0, 1, 0, 0, 0, 0, 0, 0, 0, 0, 0, 0, 0, 0, 0, 0, 0, 0, 0, 0, 0, 1, 0, 0, 0, 0, 0, 0, 0, 0, 0, 0, 0, 0, 0, 0, 0, 0, 0, 0, 0, 0, 0, 0, 0, 0, 0, 0, 0, 0, 0, 0, 0, 0, 0, 0, 0, 0, 0, 0, 0, 0, 0, 0, 0, 1, 0, 0, 0, 1, 0, 0, 0, 0, 0, 0, 0, 0, 0, 0, 0, 0, 0, 0, 0, 0, 0, 0, 0, 0, 0, 0, 0, 0, 0, 0, 0, 0, 0, 0, 0, 0, 0, 0, 0, 0, 0, 0, 0, 0, 0, 0, 0, 0, 0, 0, 0, 0, 1, 0, 0, 0, 0, 1, 0, 0, 0, 0, 0, 0, 0, 0, 0, 0, 0, 0, 0, 0, 0, 0, 0, 0, 0, 0, 0, 0, 0, 0, 0, 0, 0, 0, 0, 0, 0, 0, 0, 0, 0, 0]
E = [16, 16, 20, 16, 16, 20, 16, 20, 16, 264, 20, 20, 66, 66, 16, 16, 20, 20, 20, 20, 16, 16, 16, 16, 16, 20, 20, 70, 264, 264, 264, 16, 20, 16, 16, 66, 16, 66, 16, 16, 20, 16, 264, 16, 70, 70, 147, 264, 16, 70, 70, 95, 66, 70, 264, 294, 66, 70, 294, 66, 70, 66, 70, 70, 264, 66, 66, 66, 70, 70, 70, 66, 66, 294, 66, 70, 66, 66, 70, 70, 70, 264, 70, 70, 20, 20, 264, 95, 95, 95, 95, 95, 95, 95, 95, 95, 95, 20, 264, 95, 95, 95, 16, 95, 95, 95, 95, 95, 95, 95, 16, 20, 20, 20, 20, 20, 20, 20, 20, 20, 20, 95, 20, 20, 20, 147, 20, 147, 147, 147, 147, 147, 147, 147, 147, 147, 147, 147, 147, 147, 147, 147, 147, 147, 147, 70, 147, 147, 147, 70, 147, 70, 70, 70, 147, 147, 294, 147, 147, 16, 70, 70, 147, 70, 147, 66, 66, 66, 66, 66, 66, 66, 66, 20, 70, 264, 66, 66, 70, 70, 66, 294, 16, 66, 66, 224, 66, 66, 66, 66, 66, 224, 206, 66, 224, 224, 206, 206, 224, 224, 224, 206, 206, 206, 224, 206, 224, 224, 206, 206, 224, 224, 206, 206, 206, 206, 66, 224, 206, 206, 206, 224, 224, 224, 224, 66, 206, 224, 206, 206, 224, 66, 224, 224, 206, 206, 206, 224, 16, 206, 206, 206, 206, 206, 224, 224, 16, 16, 16, 66, 224, 66, 16, 20, 16, 20, 16, 224, 264, 95, 16, 95, 20, 264, 264, 264, 264, 264, 264, 264, 264, 264, 264, 264, 264, 294, 147, 70, 294, 147, 294, 294, 294, 314, 66, 66, 66, 314, 314, 358, 314, 294, 294, 294, 294, 294, 294, 294, 294, 314, 314, 358, 358, 314, 314, 314, 314, 314, 314, 314, 314, 314, 314, 314, 314, 314, 294, 294, 294, 294, 294, 294, 294, 294, 314, 362, 314, 314, 314, 314, 314, 362, 314, 362, 362, 358, 358, 358, 358, 294, 358, 358, 358, 358, 314, 362, 362, 362, 362, 362, 362, 362, 362, 362, 362, 358, 358, 358, 358, 358, 362, 362, 362, 362, 362, 362, 362, 362, 362, 416, 362, 358, 358, 358, 358, 358, 358, 358, 358, 416, 416, 416, 416, 362, 362, 362, 416, 416, 416, 416, 416, 416, 416, 416, 416, 416, 411, 411, 411, 411, 411, 411, 358, 358, 411, 411, 411, 411, 411, 411, 411, 411, 416, 416, 416, 416, 362, 416, 416, 416, 416, 416, 416, 411, 411, 411, 411, 411, 411, 411, 411, 411, 411, 416, 411, 416, 411, 416, 411, 411, 411, 411, 411, 411, 411, 411, 66, 95, 66, 264, 224, 224]
