n° iter       = 300 
neighborhood_structure = [2] 
Prioridad     = 5 
balance       = 0.2 
Len_N         = 1 
N° clusters   = 15 
N° estaciones = 452 
N° mejoras    = 9
N° iter completadas  = 83
1° FO         = 356676.0
FO            = 329034
Centros       = [24, 57, 66, 102, 117, 156, 215, 218, 264, 298, 327, 344, 366, 406, 423]
Objs= Any[356676.0, 356676.0, 349292, 347620, 347620, 347620, 347620, 347620, 347620, 347620, 347620, 345300, 345300, 341039, 341039, 341039, 341039, 341039, 341039, 341039, 339740, 339740, 339740, 339740, 339740, 339740, 339740, 339740, 339740, 339740, 339740, 339740, 339740, 339740, 335542, 335542, 335542, 335542, 335542, 335542, 335542, 335542, 335542, 335542, 335542, 335542, 335542, 335542, 335542, 335542, 335542, 335542, 335542, 335542, 335542, 335542, 335542, 335542, 335542, 335542, 335542, 335542, 335542, 335542, 331120, 331120, 331120, 331120, 331120, 331120, 331120, 331120, 331120, 331120, 331120, 331120, 330724, 330724, 330724, 330724, 330724, 329034, 329034, 329034]
current_obj = [371050.0, 349292.0, 347620.0, 350342.0, 353205.0, 349360.0, 355646.0, 352817.0, 350940.0, 348202.0, 345300.0, 357599.0, 341039.0, 342322.0, 344077.0, 343135.0, 351899.0, 341508.0, 346718.0, 339740.0, 343733.0, 344666.0, 340387.0, 353540.0, 348231.0, 342787.0, 342678.0, 341372.0, 344509.0, 351429.0, 349789.0, 341143.0, 345863.0, 335542.0, 341304.0, 339020.0, 339114.0, 341600.0, 337586.0, 340863.0, 342460.0, 340522.0, 337151.0, 338238.0, 341852.0, 341537.0, 340433.0, 348535.0, 336279.0, 338014.0, 340863.0, 339036.0, 339954.0, 347967.0, 340710.0, 340394.0, 338138.0, 344214.0, 346017.0, 339480.0, 340466.0, 339051.0, 337781.0, 331120.0, 337172.0, 337579.0, 341920.0, 338793.0, 341386.0, 332432.0, 340911.0, 336936.0, 339270.0, 338589.0, 340866.0, 330724.0, 338513.0, 330907.0, 338132.0, 345456.0, 329034.0, 332567.0, 338160.0, 343023.0, 0.0, 0.0, 0.0, 0.0, 0.0, 0.0, 0.0, 0.0, 0.0, 0.0, 0.0, 0.0, 0.0, 0.0, 0.0, 0.0, 0.0, 0.0, 0.0, 0.0, 0.0, 0.0, 0.0, 0.0, 0.0, 0.0, 0.0, 0.0, 0.0, 0.0, 0.0, 0.0, 0.0, 0.0, 0.0, 0.0, 0.0, 0.0, 0.0, 0.0, 0.0, 0.0, 0.0, 0.0, 0.0, 0.0, 0.0, 0.0, 0.0, 0.0, 0.0, 0.0, 0.0, 0.0, 0.0, 0.0, 0.0, 0.0, 0.0, 0.0, 0.0, 0.0, 0.0, 0.0, 0.0, 0.0, 0.0, 0.0, 0.0, 0.0, 0.0, 0.0, 0.0, 0.0, 0.0, 0.0, 0.0, 0.0, 0.0, 0.0, 0.0, 0.0, 0.0, 0.0, 0.0, 0.0, 0.0, 0.0, 0.0, 0.0, 0.0, 0.0, 0.0, 0.0, 0.0, 0.0, 0.0, 0.0, 0.0, 0.0, 0.0, 0.0, 0.0, 0.0, 0.0, 0.0, 0.0, 0.0, 0.0, 0.0, 0.0, 0.0, 0.0, 0.0, 0.0, 0.0, 0.0, 0.0, 0.0, 0.0, 0.0, 0.0, 0.0, 0.0, 0.0, 0.0, 0.0, 0.0, 0.0, 0.0, 0.0, 0.0, 0.0, 0.0, 0.0, 0.0, 0.0, 0.0, 0.0, 0.0, 0.0, 0.0, 0.0, 0.0, 0.0, 0.0, 0.0, 0.0, 0.0, 0.0, 0.0, 0.0, 0.0, 0.0, 0.0, 0.0, 0.0, 0.0, 0.0, 0.0, 0.0, 0.0, 0.0, 0.0, 0.0, 0.0, 0.0, 0.0, 0.0, 0.0, 0.0, 0.0, 0.0, 0.0, 0.0, 0.0, 0.0, 0.0, 0.0, 0.0, 0.0, 0.0, 0.0, 0.0, 0.0, 0.0, 0.0, 0.0, 0.0, 0.0, 0.0, 0.0, 0.0, 0.0, 0.0, 0.0, 0.0, 0.0, 0.0, 0.0, 0.0, 0.0, 0.0, 0.0, 0.0, 0.0, 0.0, 0.0, 0.0, 0.0, 0.0, 0.0, 0.0, 0.0, 0.0, 0.0]
cong_K= Any[2, 2, 2, 2, 2, 2, 2, 2, 2] 
obj_k= Any[349292, 347620, 345300, 341039, 339740, 335542, 331120, 330724, 329034] 
iter_obj = Any[2, 3, 11, 13, 20, 34, 64, 76, 81] 
avgClusterDiam = 2708.733333333333 
maxClusterDiam = 4066.0 
clusterDiamete = [2379.0; 3013.0; 4066.0; 2191.0; 2473.0; 3262.0; 2263.0; 3033.0; 2892.0; 3405.0; 1998.0; 3197.0; 2162.0; 2779.0; 1518.0]   
C = [0, 0, 0, 0, 0, 0, 0, 0, 0, 0, 0, 0, 0, 0, 0, 0, 0, 0, 0, 0, 0, 0, 0, 1, 0, 0, 0, 0, 0, 0, 0, 0, 0, 0, 0, 0, 0, 0, 0, 0, 0, 0, 0, 0, 0, 0, 0, 0, 0, 0, 0, 0, 0, 0, 0, 0, 1, 0, 0, 0, 0, 0, 0, 0, 0, 1, 0, 0, 0, 0, 0, 0, 0, 0, 0, 0, 0, 0, 0, 0, 0, 0, 0, 0, 0, 0, 0, 0, 0, 0, 0, 0, 0, 0, 0, 0, 0, 0, 0, 0, 0, 1, 0, 0, 0, 0, 0, 0, 0, 0, 0, 0, 0, 0, 0, 0, 1, 0, 0, 0, 0, 0, 0, 0, 0, 0, 0, 0, 0, 0, 0, 0, 0, 0, 0, 0, 0, 0, 0, 0, 0, 0, 0, 0, 0, 0, 0, 0, 0, 0, 0, 0, 0, 0, 0, 1, 0, 0, 0, 0, 0, 0, 0, 0, 0, 0, 0, 0, 0, 0, 0, 0, 0, 0, 0, 0, 0, 0, 0, 0, 0, 0, 0, 0, 0, 0, 0, 0, 0, 0, 0, 0, 0, 0, 0, 0, 0, 0, 0, 0, 0, 0, 0, 0, 0, 0, 0, 0, 0, 0, 0, 0, 0, 0, 1, 0, 0, 1, 0, 0, 0, 0, 0, 0, 0, 0, 0, 0, 0, 0, 0, 0, 0, 0, 0, 0, 0, 0, 0, 0, 0, 0, 0, 0, 0, 0, 0, 0, 0, 0, 0, 0, 0, 0, 0, 0, 0, 0, 0, 0, 0, 0, 0, 1, 0, 0, 0, 0, 0, 0, 0, 0, 0, 0, 0, 0, 0, 0, 0, 0, 0, 0, 0, 0, 0, 0, 0, 0, 0, 0, 0, 0, 0, 0, 0, 0, 0, 1, 0, 0, 0, 0, 0, 0, 0, 0, 0, 0, 0, 0, 0, 0, 0, 0, 0, 0, 0, 0, 0, 0, 0, 0, 0, 0, 0, 0, 1, 0, 0, 0, 0, 0, 0, 0, 0, 0, 0, 0, 0, 0, 0, 0, 0, 1, 0, 0, 0, 0, 0, 0, 0, 0, 0, 0, 0, 0, 0, 0, 0, 0, 0, 0, 0, 0, 0, 1, 0, 0, 0, 0, 0, 0, 0, 0, 0, 0, 0, 0, 0, 0, 0, 0, 0, 0, 0, 0, 0, 0, 0, 0, 0, 0, 0, 0, 0, 0, 0, 0, 0, 0, 0, 0, 0, 0, 0, 1, 0, 0, 0, 0, 0, 0, 0, 0, 0, 0, 0, 0, 0, 0, 0, 0, 1, 0, 0, 0, 0, 0, 0, 0, 0, 0, 0, 0, 0, 0, 0, 0, 0, 0, 0, 0, 0, 0, 0, 0, 0, 0, 0, 0, 0, 0]
E = [24, 24, 117, 24, 24, 117, 24, 117, 24, 264, 117, 117, 57, 66, 24, 24, 117, 117, 117, 117, 24, 24, 24, 24, 24, 264, 117, 57, 264, 264, 264, 24, 156, 24, 24, 57, 57, 66, 24, 24, 102, 24, 102, 57, 57, 156, 156, 102, 57, 57, 156, 102, 57, 57, 264, 156, 57, 57, 298, 57, 156, 57, 57, 156, 264, 66, 66, 66, 156, 57, 57, 66, 66, 298, 66, 57, 66, 57, 66, 66, 156, 102, 66, 156, 24, 117, 102, 102, 102, 102, 102, 102, 102, 102, 102, 102, 102, 102, 264, 102, 102, 102, 24, 102, 102, 102, 102, 102, 102, 102, 24, 117, 117, 117, 117, 264, 117, 117, 117, 117, 117, 102, 117, 117, 117, 117, 117, 117, 117, 117, 156, 117, 117, 156, 117, 156, 117, 117, 156, 117, 156, 156, 156, 117, 156, 156, 156, 156, 156, 156, 156, 156, 156, 156, 156, 156, 298, 156, 156, 24, 156, 156, 156, 156, 156, 66, 66, 66, 66, 66, 66, 66, 66, 264, 57, 264, 66, 66, 156, 57, 57, 298, 24, 66, 66, 218, 66, 66, 66, 66, 66, 218, 215, 57, 218, 218, 215, 215, 218, 218, 218, 215, 215, 215, 218, 215, 218, 218, 215, 215, 218, 218, 215, 215, 215, 215, 66, 218, 215, 215, 215, 218, 218, 218, 218, 66, 215, 215, 215, 215, 218, 66, 215, 218, 215, 215, 215, 215, 24, 215, 215, 215, 215, 215, 218, 218, 24, 24, 24, 66, 218, 57, 57, 264, 24, 117, 24, 218, 264, 102, 24, 102, 117, 264, 264, 264, 264, 264, 264, 117, 264, 264, 264, 264, 264, 156, 156, 156, 298, 156, 156, 298, 298, 327, 66, 66, 66, 66, 327, 327, 298, 298, 298, 298, 156, 298, 298, 298, 298, 298, 298, 344, 344, 327, 327, 327, 327, 327, 327, 327, 327, 327, 327, 327, 327, 327, 298, 298, 298, 298, 298, 298, 298, 298, 327, 366, 327, 327, 327, 327, 327, 327, 327, 327, 344, 344, 344, 344, 344, 298, 344, 344, 344, 344, 327, 366, 327, 327, 327, 327, 327, 327, 366, 327, 327, 344, 344, 344, 344, 344, 366, 366, 366, 366, 366, 366, 366, 366, 366, 366, 366, 344, 344, 344, 344, 344, 344, 344, 423, 423, 366, 366, 366, 366, 366, 366, 366, 366, 423, 366, 423, 423, 423, 423, 423, 423, 406, 406, 406, 406, 406, 406, 406, 406, 344, 406, 406, 406, 406, 406, 406, 406, 423, 423, 423, 423, 366, 366, 423, 406, 423, 423, 423, 423, 406, 406, 406, 406, 406, 406, 406, 406, 423, 423, 423, 423, 423, 423, 423, 406, 406, 406, 406, 406, 406, 406, 57, 102, 57, 264, 218, 218]
