n° iter       = 300 
neighborhood_structure = [1] 
Prioridad     = 5 
balance       = 0.2 
Len_N         = 3 
N° clusters   = 15 
N° estaciones = 452 
N° mejoras    = 37
N° iter completadas  = 111
1° FO         = 368989.0
FO            = 317643
Centros       = [11, 28, 87, 137, 154, 185, 206, 211, 298, 313, 359, 387, 413, 428, 450]
Objs= Any[368989.0, 368989.0, 362985, 360075, 354141, 353323, 350317, 344503, 343978, 342638, 342638, 341218, 341111, 341111, 338863, 338863, 338863, 338863, 338216, 338216, 338216, 337724, 334071, 333493, 331703, 329851, 329076, 326756, 326756, 326756, 326756, 326467, 326358, 326358, 326358, 326358, 326286, 326286, 324772, 324119, 324119, 324119, 323732, 323732, 323732, 323732, 323732, 323732, 323732, 323549, 323549, 323549, 323549, 323549, 323549, 323549, 323537, 323537, 323537, 323537, 323537, 323537, 323537, 323537, 323537, 323537, 323537, 323537, 323537, 323537, 323537, 323537, 322185, 322185, 322185, 322006, 321800, 321800, 321800, 321800, 321800, 321800, 321425, 321425, 321425, 321425, 321425, 320895, 320895, 320895, 320895, 320874, 320874, 320874, 320874, 320874, 320874, 319325, 319100, 317995, 317995, 317995, 317995, 317995, 317995, 317995, 317995, 317995, 317995, 317643, 317643, 317643]
current_obj = [369158.0, 362985.0, 360075.0, 354141.0, 353323.0, 350317.0, 344503.0, 343978.0, 342638.0, 344524.0, 341218.0, 341111.0, 341695.0, 338863.0, 339748.0, 339927.0, 338890.0, 338216.0, 340319.0, 340242.0, 337724.0, 334071.0, 333493.0, 331703.0, 329851.0, 329076.0, 326756.0, 327984.0, 328834.0, 327065.0, 326467.0, 326358.0, 327017.0, 327654.0, 328568.0, 326286.0, 336221.0, 324772.0, 324119.0, 324694.0, 325535.0, 323732.0, 325235.0, 324337.0, 325028.0, 325608.0, 325005.0, 325154.0, 323549.0, 327334.0, 325912.0, 323966.0, 327128.0, 325028.0, 326540.0, 323537.0, 324326.0, 324699.0, 328513.0, 323694.0, 326673.0, 325523.0, 324116.0, 324788.0, 325111.0, 323752.0, 327852.0, 326159.0, 325075.0, 323617.0, 324704.0, 322185.0, 322574.0, 322914.0, 322006.0, 321800.0, 322791.0, 327418.0, 324691.0, 322373.0, 321807.0, 321425.0, 326278.0, 325012.0, 330804.0, 322003.0, 320895.0, 324101.0, 322852.0, 321552.0, 320874.0, 321040.0, 322441.0, 325285.0, 323270.0, 322455.0, 319325.0, 319100.0, 317995.0, 320534.0, 318666.0, 320272.0, 320728.0, 319801.0, 321195.0, 329587.0, 320781.0, 318693.0, 317643.0, 321039.0, 317836.0, 318677.0, 0.0, 0.0, 0.0, 0.0, 0.0, 0.0, 0.0, 0.0, 0.0, 0.0, 0.0, 0.0, 0.0, 0.0, 0.0, 0.0, 0.0, 0.0, 0.0, 0.0, 0.0, 0.0, 0.0, 0.0, 0.0, 0.0, 0.0, 0.0, 0.0, 0.0, 0.0, 0.0, 0.0, 0.0, 0.0, 0.0, 0.0, 0.0, 0.0, 0.0, 0.0, 0.0, 0.0, 0.0, 0.0, 0.0, 0.0, 0.0, 0.0, 0.0, 0.0, 0.0, 0.0, 0.0, 0.0, 0.0, 0.0, 0.0, 0.0, 0.0, 0.0, 0.0, 0.0, 0.0, 0.0, 0.0, 0.0, 0.0, 0.0, 0.0, 0.0, 0.0, 0.0, 0.0, 0.0, 0.0, 0.0, 0.0, 0.0, 0.0, 0.0, 0.0, 0.0, 0.0, 0.0, 0.0, 0.0, 0.0, 0.0, 0.0, 0.0, 0.0, 0.0, 0.0, 0.0, 0.0, 0.0, 0.0, 0.0, 0.0, 0.0, 0.0, 0.0, 0.0, 0.0, 0.0, 0.0, 0.0, 0.0, 0.0, 0.0, 0.0, 0.0, 0.0, 0.0, 0.0, 0.0, 0.0, 0.0, 0.0, 0.0, 0.0, 0.0, 0.0, 0.0, 0.0, 0.0, 0.0, 0.0, 0.0, 0.0, 0.0, 0.0, 0.0, 0.0, 0.0, 0.0, 0.0, 0.0, 0.0, 0.0, 0.0, 0.0, 0.0, 0.0, 0.0, 0.0, 0.0, 0.0, 0.0, 0.0, 0.0, 0.0, 0.0, 0.0, 0.0, 0.0, 0.0, 0.0, 0.0, 0.0, 0.0, 0.0, 0.0, 0.0, 0.0, 0.0, 0.0, 0.0, 0.0, 0.0, 0.0, 0.0, 0.0, 0.0, 0.0, 0.0, 0.0, 0.0, 0.0, 0.0, 0.0, 0.0, 0.0, 0.0, 0.0, 0.0, 0.0]
cong_K= Any[1, 1, 1, 1, 1, 1, 1, 1, 1, 1, 1, 1, 1, 1, 1, 1, 1, 1, 1, 1, 1, 1, 1, 1, 1, 1, 1, 1, 1, 1, 1, 1, 1, 1, 1, 1, 1] 
obj_k= Any[362985, 360075, 354141, 353323, 350317, 344503, 343978, 342638, 341218, 341111, 338863, 338216, 337724, 334071, 333493, 331703, 329851, 329076, 326756, 326467, 326358, 326286, 324772, 324119, 323732, 323549, 323537, 322185, 322006, 321800, 321425, 320895, 320874, 319325, 319100, 317995, 317643] 
iter_obj = Any[2, 3, 4, 5, 6, 7, 8, 9, 11, 12, 14, 18, 21, 22, 23, 24, 25, 26, 27, 31, 32, 36, 38, 39, 42, 49, 56, 72, 75, 76, 82, 87, 91, 97, 98, 99, 109] 
avgClusterDiam = 2568.4666666666667 
maxClusterDiam = 3995.0 
clusterDiamete = [2513.0; 2756.0; 2191.0; 2718.0; 2679.0; 3995.0; 2263.0; 3033.0; 3405.0; 2115.0; 3015.0; 1818.0; 1585.0; 1549.0; 2892.0]   
C = [0, 0, 0, 0, 0, 0, 0, 0, 0, 0, 1, 0, 0, 0, 0, 0, 0, 0, 0, 0, 0, 0, 0, 0, 0, 0, 0, 1, 0, 0, 0, 0, 0, 0, 0, 0, 0, 0, 0, 0, 0, 0, 0, 0, 0, 0, 0, 0, 0, 0, 0, 0, 0, 0, 0, 0, 0, 0, 0, 0, 0, 0, 0, 0, 0, 0, 0, 0, 0, 0, 0, 0, 0, 0, 0, 0, 0, 0, 0, 0, 0, 0, 0, 0, 0, 0, 1, 0, 0, 0, 0, 0, 0, 0, 0, 0, 0, 0, 0, 0, 0, 0, 0, 0, 0, 0, 0, 0, 0, 0, 0, 0, 0, 0, 0, 0, 0, 0, 0, 0, 0, 0, 0, 0, 0, 0, 0, 0, 0, 0, 0, 0, 0, 0, 0, 0, 1, 0, 0, 0, 0, 0, 0, 0, 0, 0, 0, 0, 0, 0, 0, 0, 0, 1, 0, 0, 0, 0, 0, 0, 0, 0, 0, 0, 0, 0, 0, 0, 0, 0, 0, 0, 0, 0, 0, 0, 0, 0, 0, 0, 0, 0, 0, 0, 1, 0, 0, 0, 0, 0, 0, 0, 0, 0, 0, 0, 0, 0, 0, 0, 0, 0, 0, 0, 0, 1, 0, 0, 0, 0, 1, 0, 0, 0, 0, 0, 0, 0, 0, 0, 0, 0, 0, 0, 0, 0, 0, 0, 0, 0, 0, 0, 0, 0, 0, 0, 0, 0, 0, 0, 0, 0, 0, 0, 0, 0, 0, 0, 0, 0, 0, 0, 0, 0, 0, 0, 0, 0, 0, 0, 0, 0, 0, 0, 0, 0, 0, 0, 0, 0, 0, 0, 0, 0, 0, 0, 0, 0, 0, 0, 0, 0, 0, 0, 0, 0, 0, 0, 0, 0, 0, 0, 0, 0, 0, 0, 0, 1, 0, 0, 0, 0, 0, 0, 0, 0, 0, 0, 0, 0, 0, 0, 1, 0, 0, 0, 0, 0, 0, 0, 0, 0, 0, 0, 0, 0, 0, 0, 0, 0, 0, 0, 0, 0, 0, 0, 0, 0, 0, 0, 0, 0, 0, 0, 0, 0, 0, 0, 0, 0, 0, 0, 0, 0, 0, 0, 0, 0, 1, 0, 0, 0, 0, 0, 0, 0, 0, 0, 0, 0, 0, 0, 0, 0, 0, 0, 0, 0, 0, 0, 0, 0, 0, 0, 0, 0, 1, 0, 0, 0, 0, 0, 0, 0, 0, 0, 0, 0, 0, 0, 0, 0, 0, 0, 0, 0, 0, 0, 0, 0, 0, 0, 1, 0, 0, 0, 0, 0, 0, 0, 0, 0, 0, 0, 0, 0, 0, 1, 0, 0, 0, 0, 0, 0, 0, 0, 0, 0, 0, 0, 0, 0, 0, 0, 0, 0, 0, 0, 0, 1, 0, 0]
E = [11, 28, 11, 11, 11, 11, 28, 11, 11, 450, 11, 11, 185, 185, 28, 11, 137, 11, 11, 11, 28, 28, 28, 28, 11, 450, 11, 28, 450, 450, 450, 28, 11, 28, 28, 28, 28, 154, 137, 28, 87, 28, 87, 28, 28, 154, 154, 87, 28, 28, 154, 87, 185, 154, 450, 154, 185, 28, 298, 28, 154, 185, 154, 154, 450, 185, 185, 154, 154, 154, 154, 185, 185, 298, 185, 154, 185, 28, 154, 154, 154, 87, 154, 154, 11, 11, 87, 87, 87, 87, 87, 87, 87, 87, 87, 87, 87, 87, 450, 87, 87, 87, 11, 87, 87, 87, 87, 87, 87, 87, 11, 450, 450, 11, 11, 450, 11, 11, 137, 11, 137, 87, 137, 137, 11, 137, 137, 137, 137, 137, 137, 137, 137, 137, 137, 137, 137, 137, 137, 137, 298, 154, 137, 137, 137, 154, 137, 137, 137, 154, 154, 154, 154, 154, 154, 154, 298, 137, 137, 11, 154, 154, 137, 154, 154, 185, 185, 185, 154, 185, 154, 185, 154, 11, 154, 450, 185, 185, 154, 154, 154, 298, 11, 185, 185, 185, 185, 185, 185, 185, 185, 211, 206, 28, 211, 211, 206, 206, 211, 211, 211, 206, 206, 206, 211, 206, 185, 211, 206, 206, 211, 211, 206, 206, 206, 206, 185, 211, 206, 206, 206, 211, 211, 211, 211, 185, 206, 206, 206, 206, 211, 28, 206, 211, 206, 206, 206, 206, 28, 206, 206, 206, 206, 206, 211, 211, 28, 11, 28, 185, 211, 185, 28, 11, 11, 11, 11, 211, 450, 87, 28, 87, 11, 450, 450, 450, 450, 450, 450, 450, 450, 450, 450, 450, 450, 298, 154, 154, 154, 154, 298, 154, 298, 313, 154, 185, 185, 313, 313, 313, 154, 298, 298, 298, 298, 298, 298, 298, 298, 298, 298, 359, 313, 313, 313, 313, 313, 313, 313, 313, 313, 313, 313, 313, 313, 313, 298, 298, 298, 298, 298, 298, 298, 298, 313, 359, 313, 313, 313, 313, 313, 313, 313, 313, 359, 359, 359, 359, 298, 298, 359, 359, 359, 359, 313, 387, 313, 313, 313, 313, 313, 313, 387, 387, 387, 359, 359, 359, 359, 359, 387, 313, 387, 313, 387, 387, 387, 387, 387, 387, 387, 359, 359, 359, 359, 359, 359, 413, 413, 413, 387, 387, 387, 387, 387, 387, 387, 387, 387, 387, 387, 413, 413, 413, 413, 413, 413, 413, 359, 359, 359, 428, 359, 359, 359, 428, 428, 428, 428, 428, 428, 428, 413, 413, 413, 413, 387, 387, 387, 387, 387, 413, 413, 413, 413, 428, 428, 428, 428, 428, 428, 428, 413, 413, 413, 413, 413, 413, 413, 428, 428, 428, 428, 428, 428, 428, 28, 87, 28, 450, 211, 211]
