n° iter       = 300 
neighborhood_structure = [1 2 3] 
Prioridad     = 5 
balance       = 0.2 
Len_N         = 1 
N° clusters   = 15 
N° estaciones = 452 
N° mejoras    = 23
N° iter completadas  = 97
1° FO         = 374684.0
FO            = 320386
Centros       = [3, 15, 72, 87, 138, 146, 218, 221, 273, 293, 313, 354, 359, 415, 429]
Objs= Any[374684.0, 369417, 368967, 356717, 354444, 347954, 347954, 347954, 345785, 344404, 344404, 344404, 342000, 342000, 342000, 341372, 341372, 341372, 341372, 341372, 337774, 337774, 337081, 337081, 337081, 337081, 331410, 331410, 331410, 331410, 331410, 328387, 328387, 325360, 325360, 325360, 324443, 324443, 324443, 324443, 324443, 324443, 324443, 324443, 324443, 324443, 324443, 324443, 324443, 324443, 324238, 323675, 323675, 323675, 323675, 323675, 323675, 323326, 323326, 323326, 323326, 323326, 323326, 323326, 323326, 323326, 323326, 323108, 322612, 322612, 322612, 322612, 322612, 322612, 322612, 322612, 322412, 322412, 322246, 322246, 322246, 322246, 322246, 322246, 322246, 322246, 322246, 322246, 322246, 322246, 320386, 320386, 320386, 320386, 320386, 320386, 320386, 320386]
current_obj = [369417.0, 368967.0, 356717.0, 354444.0, 347954.0, 350290.0, 351173.0, 345785.0, 344404.0, 346554.0, 344994.0, 342000.0, 348385.0, 344551.0, 341372.0, 345112.0, 350572.0, 342524.0, 342180.0, 337774.0, 337799.0, 337081.0, 339667.0, 337596.0, 337819.0, 331410.0, 331665.0, 336542.0, 332206.0, 337081.0, 328387.0, 330747.0, 325360.0, 327023.0, 327408.0, 324443.0, 326980.0, 329500.0, 330405.0, 324863.0, 329665.0, 326980.0, 328770.0, 325926.0, 326514.0, 324981.0, 326738.0, 326726.0, 330567.0, 324238.0, 323675.0, 324438.0, 325227.0, 325831.0, 323829.0, 323784.0, 323326.0, 326617.0, 329257.0, 326063.0, 326268.0, 330333.0, 330718.0, 334576.0, 325944.0, 323918.0, 323108.0, 322612.0, 323105.0, 326429.0, 331472.0, 322860.0, 323162.0, 324809.0, 324209.0, 322412.0, 325469.0, 322246.0, 322848.0, 322624.0, 327047.0, 324178.0, 327100.0, 326063.0, 328514.0, 323733.0, 326264.0, 325178.0, 328325.0, 320386.0, 321853.0, 320968.0, 323020.0, 320569.0, 329539.0, 323800.0, 322722.0, 323947.0, 0.0, 0.0, 0.0, 0.0, 0.0, 0.0, 0.0, 0.0, 0.0, 0.0, 0.0, 0.0, 0.0, 0.0, 0.0, 0.0, 0.0, 0.0, 0.0, 0.0, 0.0, 0.0, 0.0, 0.0, 0.0, 0.0, 0.0, 0.0, 0.0, 0.0, 0.0, 0.0, 0.0, 0.0, 0.0, 0.0, 0.0, 0.0, 0.0, 0.0, 0.0, 0.0, 0.0, 0.0, 0.0, 0.0, 0.0, 0.0, 0.0, 0.0, 0.0, 0.0, 0.0, 0.0, 0.0, 0.0, 0.0, 0.0, 0.0, 0.0, 0.0, 0.0, 0.0, 0.0, 0.0, 0.0, 0.0, 0.0, 0.0, 0.0, 0.0, 0.0, 0.0, 0.0, 0.0, 0.0, 0.0, 0.0, 0.0, 0.0, 0.0, 0.0, 0.0, 0.0, 0.0, 0.0, 0.0, 0.0, 0.0, 0.0, 0.0, 0.0, 0.0, 0.0, 0.0, 0.0, 0.0, 0.0, 0.0, 0.0, 0.0, 0.0, 0.0, 0.0, 0.0, 0.0, 0.0, 0.0, 0.0, 0.0, 0.0, 0.0, 0.0, 0.0, 0.0, 0.0, 0.0, 0.0, 0.0, 0.0, 0.0, 0.0, 0.0, 0.0, 0.0, 0.0, 0.0, 0.0, 0.0, 0.0, 0.0, 0.0, 0.0, 0.0, 0.0, 0.0, 0.0, 0.0, 0.0, 0.0, 0.0, 0.0, 0.0, 0.0, 0.0, 0.0, 0.0, 0.0, 0.0, 0.0, 0.0, 0.0, 0.0, 0.0, 0.0, 0.0, 0.0, 0.0, 0.0, 0.0, 0.0, 0.0, 0.0, 0.0, 0.0, 0.0, 0.0, 0.0, 0.0, 0.0, 0.0, 0.0, 0.0, 0.0, 0.0, 0.0, 0.0, 0.0, 0.0, 0.0, 0.0, 0.0, 0.0, 0.0, 0.0, 0.0, 0.0, 0.0, 0.0, 0.0, 0.0, 0.0, 0.0, 0.0, 0.0, 0.0, 0.0, 0.0, 0.0, 0.0, 0.0, 0.0]
cong_K= Any[3, 2, 3, 1, 3, 3, 3, 2, 1, 3, 1, 2, 3, 2, 1, 1, 2, 1, 1, 1, 1, 1, 1] 
obj_k= Any[369417, 368967, 356717, 354444, 347954, 345785, 344404, 342000, 341372, 337774, 337081, 331410, 328387, 325360, 324443, 324238, 323675, 323326, 323108, 322612, 322412, 322246, 320386] 
iter_obj = Any[1, 2, 3, 4, 5, 8, 9, 12, 15, 20, 22, 26, 31, 33, 36, 50, 51, 57, 67, 68, 76, 78, 90] 
avgClusterDiam = 2628.9333333333334 
maxClusterDiam = 3571.0 
clusterDiamete = [2184.0; 3302.0; 3571.0; 2531.0; 1951.0; 2739.0; 3495.0; 2263.0; 2779.0; 3482.0; 1860.0; 2266.0; 3319.0; 2143.0; 1549.0]   
C = [0, 0, 1, 0, 0, 0, 0, 0, 0, 0, 0, 0, 0, 0, 1, 0, 0, 0, 0, 0, 0, 0, 0, 0, 0, 0, 0, 0, 0, 0, 0, 0, 0, 0, 0, 0, 0, 0, 0, 0, 0, 0, 0, 0, 0, 0, 0, 0, 0, 0, 0, 0, 0, 0, 0, 0, 0, 0, 0, 0, 0, 0, 0, 0, 0, 0, 0, 0, 0, 0, 0, 1, 0, 0, 0, 0, 0, 0, 0, 0, 0, 0, 0, 0, 0, 0, 1, 0, 0, 0, 0, 0, 0, 0, 0, 0, 0, 0, 0, 0, 0, 0, 0, 0, 0, 0, 0, 0, 0, 0, 0, 0, 0, 0, 0, 0, 0, 0, 0, 0, 0, 0, 0, 0, 0, 0, 0, 0, 0, 0, 0, 0, 0, 0, 0, 0, 0, 1, 0, 0, 0, 0, 0, 0, 0, 1, 0, 0, 0, 0, 0, 0, 0, 0, 0, 0, 0, 0, 0, 0, 0, 0, 0, 0, 0, 0, 0, 0, 0, 0, 0, 0, 0, 0, 0, 0, 0, 0, 0, 0, 0, 0, 0, 0, 0, 0, 0, 0, 0, 0, 0, 0, 0, 0, 0, 0, 0, 0, 0, 0, 0, 0, 0, 0, 0, 0, 0, 0, 0, 0, 0, 0, 0, 0, 0, 0, 0, 1, 0, 0, 1, 0, 0, 0, 0, 0, 0, 0, 0, 0, 0, 0, 0, 0, 0, 0, 0, 0, 0, 0, 0, 0, 0, 0, 0, 0, 0, 0, 0, 0, 0, 0, 0, 0, 0, 0, 0, 0, 0, 0, 0, 0, 0, 0, 0, 0, 0, 0, 0, 0, 0, 0, 1, 0, 0, 0, 0, 0, 0, 0, 0, 0, 0, 0, 0, 0, 0, 0, 0, 0, 0, 0, 1, 0, 0, 0, 0, 0, 0, 0, 0, 0, 0, 0, 0, 0, 0, 0, 0, 0, 0, 0, 1, 0, 0, 0, 0, 0, 0, 0, 0, 0, 0, 0, 0, 0, 0, 0, 0, 0, 0, 0, 0, 0, 0, 0, 0, 0, 0, 0, 0, 0, 0, 0, 0, 0, 0, 0, 0, 0, 0, 0, 0, 1, 0, 0, 0, 0, 1, 0, 0, 0, 0, 0, 0, 0, 0, 0, 0, 0, 0, 0, 0, 0, 0, 0, 0, 0, 0, 0, 0, 0, 0, 0, 0, 0, 0, 0, 0, 0, 0, 0, 0, 0, 0, 0, 0, 0, 0, 0, 0, 0, 0, 0, 0, 0, 0, 0, 0, 0, 0, 0, 0, 0, 1, 0, 0, 0, 0, 0, 0, 0, 0, 0, 0, 0, 0, 0, 1, 0, 0, 0, 0, 0, 0, 0, 0, 0, 0, 0, 0, 0, 0, 0, 0, 0, 0, 0, 0, 0, 0, 0]
E = [15, 15, 3, 15, 15, 3, 72, 3, 3, 273, 3, 3, 72, 72, 15, 15, 3, 3, 3, 3, 15, 15, 15, 15, 15, 3, 3, 72, 273, 273, 273, 15, 146, 15, 15, 15, 15, 72, 146, 15, 87, 15, 87, 15, 146, 146, 146, 87, 15, 15, 146, 87, 72, 146, 87, 293, 72, 146, 293, 15, 146, 72, 72, 146, 273, 72, 72, 72, 146, 146, 146, 72, 72, 293, 72, 146, 72, 72, 72, 72, 146, 87, 146, 146, 3, 3, 87, 87, 87, 87, 87, 87, 87, 87, 87, 87, 87, 87, 273, 87, 87, 87, 15, 87, 87, 87, 87, 87, 87, 87, 15, 3, 3, 3, 3, 3, 3, 3, 3, 3, 138, 87, 138, 138, 3, 138, 138, 138, 138, 138, 138, 138, 138, 138, 138, 146, 138, 138, 146, 138, 138, 146, 138, 138, 146, 146, 138, 138, 138, 146, 146, 146, 146, 146, 146, 146, 293, 138, 138, 15, 146, 146, 146, 146, 146, 72, 72, 72, 72, 72, 72, 72, 72, 273, 72, 273, 72, 72, 146, 146, 72, 293, 15, 72, 72, 218, 72, 72, 72, 72, 72, 221, 221, 15, 218, 218, 221, 221, 218, 218, 218, 221, 221, 221, 218, 221, 218, 218, 221, 221, 218, 218, 221, 221, 221, 221, 15, 218, 221, 221, 221, 218, 218, 218, 218, 72, 221, 221, 221, 221, 218, 72, 221, 218, 221, 221, 221, 218, 15, 221, 221, 218, 221, 221, 218, 218, 15, 15, 15, 72, 218, 72, 15, 3, 3, 3, 15, 218, 3, 87, 15, 87, 3, 273, 87, 273, 273, 273, 273, 3, 273, 273, 273, 273, 273, 293, 146, 146, 293, 146, 293, 293, 293, 293, 72, 72, 72, 313, 313, 359, 293, 293, 293, 293, 293, 293, 293, 293, 293, 293, 313, 359, 313, 313, 313, 313, 313, 313, 313, 313, 313, 313, 313, 313, 313, 313, 293, 293, 293, 293, 293, 293, 293, 293, 359, 359, 313, 313, 313, 313, 313, 313, 313, 354, 354, 359, 354, 359, 293, 359, 359, 359, 359, 359, 354, 354, 354, 354, 313, 354, 313, 313, 354, 354, 354, 354, 359, 359, 359, 359, 354, 354, 354, 354, 354, 354, 354, 354, 354, 415, 354, 354, 359, 359, 359, 359, 359, 359, 415, 415, 415, 415, 415, 415, 354, 354, 415, 415, 415, 415, 415, 415, 415, 415, 415, 415, 359, 359, 359, 359, 359, 429, 359, 359, 359, 429, 429, 429, 429, 429, 429, 429, 415, 415, 415, 415, 415, 415, 415, 415, 415, 415, 415, 415, 415, 429, 429, 429, 429, 429, 429, 429, 415, 415, 415, 415, 415, 415, 415, 429, 429, 429, 429, 429, 429, 429, 15, 87, 72, 3, 221, 218]
