n° iter       = 60 
neighborhood_structure = [1 2 3] 
Prioridad     = 15 
balance       = 1.0 
Len_N         = 3 
N° clusters   = 15 
N° estaciones = 452 
N° mejoras    = 19
N° iter completadas  = 60
1° FO         = 309279.0
FO            = 264993
Centros       = [20, 22, 76, 96, 134, 176, 178, 215, 218, 294, 306, 360, 368, 424, 429]
C = [0, 0, 0, 0, 0, 0, 0, 0, 0, 0, 0, 0, 0, 0, 0, 0, 0, 0, 0, 1, 0, 1, 0, 0, 0, 0, 0, 0, 0, 0, 0, 0, 0, 0, 0, 0, 0, 0, 0, 0, 0, 0, 0, 0, 0, 0, 0, 0, 0, 0, 0, 0, 0, 0, 0, 0, 0, 0, 0, 0, 0, 0, 0, 0, 0, 0, 0, 0, 0, 0, 0, 0, 0, 0, 0, 1, 0, 0, 0, 0, 0, 0, 0, 0, 0, 0, 0, 0, 0, 0, 0, 0, 0, 0, 0, 1, 0, 0, 0, 0, 0, 0, 0, 0, 0, 0, 0, 0, 0, 0, 0, 0, 0, 0, 0, 0, 0, 0, 0, 0, 0, 0, 0, 0, 0, 0, 0, 0, 0, 0, 0, 0, 0, 1, 0, 0, 0, 0, 0, 0, 0, 0, 0, 0, 0, 0, 0, 0, 0, 0, 0, 0, 0, 0, 0, 0, 0, 0, 0, 0, 0, 0, 0, 0, 0, 0, 0, 0, 0, 0, 0, 0, 0, 0, 0, 1, 0, 1, 0, 0, 0, 0, 0, 0, 0, 0, 0, 0, 0, 0, 0, 0, 0, 0, 0, 0, 0, 0, 0, 0, 0, 0, 0, 0, 0, 0, 0, 0, 0, 0, 0, 0, 0, 0, 1, 0, 0, 1, 0, 0, 0, 0, 0, 0, 0, 0, 0, 0, 0, 0, 0, 0, 0, 0, 0, 0, 0, 0, 0, 0, 0, 0, 0, 0, 0, 0, 0, 0, 0, 0, 0, 0, 0, 0, 0, 0, 0, 0, 0, 0, 0, 0, 0, 0, 0, 0, 0, 0, 0, 0, 0, 0, 0, 0, 0, 0, 0, 0, 0, 0, 0, 0, 0, 0, 0, 0, 0, 0, 0, 0, 0, 0, 0, 1, 0, 0, 0, 0, 0, 0, 0, 0, 0, 0, 0, 1, 0, 0, 0, 0, 0, 0, 0, 0, 0, 0, 0, 0, 0, 0, 0, 0, 0, 0, 0, 0, 0, 0, 0, 0, 0, 0, 0, 0, 0, 0, 0, 0, 0, 0, 0, 0, 0, 0, 0, 0, 0, 0, 0, 0, 0, 0, 0, 0, 0, 0, 0, 0, 0, 1, 0, 0, 0, 0, 0, 0, 0, 1, 0, 0, 0, 0, 0, 0, 0, 0, 0, 0, 0, 0, 0, 0, 0, 0, 0, 0, 0, 0, 0, 0, 0, 0, 0, 0, 0, 0, 0, 0, 0, 0, 0, 0, 0, 0, 0, 0, 0, 0, 0, 0, 0, 0, 0, 0, 0, 0, 0, 0, 0, 0, 0, 0, 0, 1, 0, 0, 0, 0, 1, 0, 0, 0, 0, 0, 0, 0, 0, 0, 0, 0, 0, 0, 0, 0, 0, 0, 0, 0, 0, 0, 0, 0]
E = [20, 22, 20, 22, 22, 20, 22, 20, 22, 20, 20, 20, 22, 22, 22, 22, 22, 20, 20, 20, 22, 22, 22, 22, 22, 20, 20, 22, 176, 20, 20, 22, 22, 20, 20, 22, 22, 22, 22, 134, 176, 22, 96, 22, 22, 22, 134, 96, 22, 22, 22, 96, 178, 76, 96, 134, 76, 76, 76, 76, 76, 76, 76, 76, 96, 178, 76, 76, 76, 76, 76, 178, 76, 76, 178, 76, 178, 178, 76, 76, 76, 96, 76, 76, 20, 20, 96, 96, 96, 96, 96, 96, 96, 96, 96, 96, 96, 96, 96, 96, 96, 96, 20, 96, 96, 96, 96, 96, 96, 96, 20, 20, 20, 20, 20, 20, 20, 20, 20, 20, 134, 96, 134, 134, 134, 134, 134, 134, 134, 134, 134, 134, 134, 134, 134, 134, 134, 134, 134, 134, 134, 134, 134, 134, 134, 76, 134, 134, 134, 76, 134, 76, 76, 76, 76, 76, 76, 134, 134, 20, 76, 294, 294, 76, 294, 178, 178, 178, 178, 178, 178, 178, 178, 176, 306, 176, 178, 178, 76, 76, 178, 76, 20, 178, 178, 178, 178, 178, 178, 178, 178, 218, 218, 22, 218, 218, 215, 215, 215, 218, 218, 215, 215, 218, 218, 215, 218, 218, 215, 215, 218, 218, 215, 215, 215, 215, 218, 218, 215, 215, 215, 215, 218, 218, 218, 218, 215, 215, 215, 215, 218, 218, 215, 218, 215, 215, 218, 218, 218, 215, 215, 215, 215, 215, 218, 218, 218, 22, 22, 22, 22, 22, 22, 176, 20, 20, 20, 22, 176, 96, 22, 96, 20, 176, 176, 176, 176, 176, 176, 176, 176, 176, 176, 176, 176, 294, 294, 294, 294, 294, 294, 294, 294, 306, 306, 306, 178, 306, 306, 306, 306, 294, 294, 294, 294, 294, 294, 294, 294, 306, 306, 306, 306, 306, 306, 306, 306, 306, 306, 306, 306, 306, 306, 306, 306, 306, 294, 294, 294, 294, 294, 294, 294, 360, 306, 306, 306, 306, 306, 306, 306, 368, 306, 306, 306, 360, 360, 360, 360, 360, 360, 360, 360, 360, 368, 368, 368, 368, 368, 368, 368, 368, 368, 368, 368, 360, 360, 360, 360, 360, 368, 368, 368, 368, 368, 368, 368, 368, 368, 368, 368, 360, 360, 360, 360, 360, 360, 360, 360, 368, 368, 368, 368, 368, 368, 368, 368, 368, 368, 368, 368, 424, 424, 424, 424, 424, 424, 424, 360, 360, 360, 429, 429, 360, 429, 429, 429, 429, 429, 429, 424, 424, 424, 424, 424, 424, 368, 368, 368, 424, 424, 424, 424, 424, 424, 424, 429, 429, 429, 429, 429, 429, 424, 424, 424, 424, 424, 424, 424, 424, 424, 429, 429, 429, 429, 429, 22, 96, 22, 176, 215, 218]
Objs= Any[309279.0, 289709, 289709, 289709, 283512, 283512, 283512, 282464, 280071, 280071, 278410, 277639, 275379, 275379, 273053, 273053, 273053, 270837, 269644, 269644, 269644, 269243, 268936, 268216, 268216, 268216, 268216, 268216, 268216, 267377, 267377, 267377, 267377, 267377, 267377, 267334, 267334, 267334, 267334, 267334, 267334, 267334, 267334, 267334, 267334, 267334, 267334, 267334, 267334, 267334, 267185, 267185, 267185, 267185, 265877, 265877, 265275, 265275, 265275, 265275]
current_obj = [289709.0, 289894.0, 290342.0, 283512.0, 284708.0, 284982.0, 282464.0, 280071.0, 280496.0, 278410.0, 277639.0, 275379.0, 275756.0, 273053.0, 274375.0, 273053.0, 270837.0, 269644.0, 271597.0, 270805.0, 269243.0, 268936.0, 268216.0, 269002.0, 268577.0, 269182.0, 272342.0, 272291.0, 267377.0, 267750.0, 268682.0, 268581.0, 267626.0, 267809.0, 267334.0, 267757.0, 268639.0, 267737.0, 270613.0, 267680.0, 267791.0, 269529.0, 267582.0, 269139.0, 269130.0, 268265.0, 267400.0, 268864.0, 269118.0, 267185.0, 268211.0, 268094.0, 267491.0, 265877.0, 266062.0, 265275.0, 269535.0, 266436.0, 266105.0, 264993.0]
cong_K= Any[3, 2, 2, 1, 1, 1, 1, 2, 1, 1, 1, 1, 1, 1, 1, 3, 2, 2, 1] 
obj_k= Any[289709, 283512, 282464, 280071, 278410, 277639, 275379, 273053, 270837, 269644, 269243, 268936, 268216, 267377, 267334, 267185, 265877, 265275, 264993] 
iter_obj = Any[1, 4, 7, 8, 10, 11, 12, 14, 17, 18, 21, 22, 23, 29, 35, 50, 54, 56, 60] 
