n° iter       = 60 
neighborhood_structure = [1 2 3] 
Prioridad     = 15 
balance       = 1.0 
Len_N         = 3 
N° clusters   = 15 
N° estaciones = 452 
N° mejoras    = 23
N° iter completadas  = 60
1° FO         = 303178.0
FO            = 266566
Centros       = [14, 20, 55, 76, 141, 177, 214, 218, 264, 293, 327, 358, 389, 407, 433]
C = [0, 0, 0, 0, 0, 0, 0, 0, 0, 0, 0, 0, 0, 1, 0, 0, 0, 0, 0, 1, 0, 0, 0, 0, 0, 0, 0, 0, 0, 0, 0, 0, 0, 0, 0, 0, 0, 0, 0, 0, 0, 0, 0, 0, 0, 0, 0, 0, 0, 0, 0, 0, 0, 0, 1, 0, 0, 0, 0, 0, 0, 0, 0, 0, 0, 0, 0, 0, 0, 0, 0, 0, 0, 0, 0, 1, 0, 0, 0, 0, 0, 0, 0, 0, 0, 0, 0, 0, 0, 0, 0, 0, 0, 0, 0, 0, 0, 0, 0, 0, 0, 0, 0, 0, 0, 0, 0, 0, 0, 0, 0, 0, 0, 0, 0, 0, 0, 0, 0, 0, 0, 0, 0, 0, 0, 0, 0, 0, 0, 0, 0, 0, 0, 0, 0, 0, 0, 0, 0, 0, 1, 0, 0, 0, 0, 0, 0, 0, 0, 0, 0, 0, 0, 0, 0, 0, 0, 0, 0, 0, 0, 0, 0, 0, 0, 0, 0, 0, 0, 0, 0, 0, 0, 0, 0, 0, 1, 0, 0, 0, 0, 0, 0, 0, 0, 0, 0, 0, 0, 0, 0, 0, 0, 0, 0, 0, 0, 0, 0, 0, 0, 0, 0, 0, 0, 0, 0, 0, 0, 0, 0, 0, 0, 1, 0, 0, 0, 1, 0, 0, 0, 0, 0, 0, 0, 0, 0, 0, 0, 0, 0, 0, 0, 0, 0, 0, 0, 0, 0, 0, 0, 0, 0, 0, 0, 0, 0, 0, 0, 0, 0, 0, 0, 0, 0, 0, 0, 0, 0, 0, 0, 0, 0, 1, 0, 0, 0, 0, 0, 0, 0, 0, 0, 0, 0, 0, 0, 0, 0, 0, 0, 0, 0, 0, 0, 0, 0, 0, 0, 0, 0, 0, 1, 0, 0, 0, 0, 0, 0, 0, 0, 0, 0, 0, 0, 0, 0, 0, 0, 0, 0, 0, 0, 0, 0, 0, 0, 0, 0, 0, 0, 0, 0, 0, 0, 0, 1, 0, 0, 0, 0, 0, 0, 0, 0, 0, 0, 0, 0, 0, 0, 0, 0, 0, 0, 0, 0, 0, 0, 0, 0, 0, 0, 0, 0, 0, 0, 1, 0, 0, 0, 0, 0, 0, 0, 0, 0, 0, 0, 0, 0, 0, 0, 0, 0, 0, 0, 0, 0, 0, 0, 0, 0, 0, 0, 0, 0, 0, 1, 0, 0, 0, 0, 0, 0, 0, 0, 0, 0, 0, 0, 0, 0, 0, 0, 0, 1, 0, 0, 0, 0, 0, 0, 0, 0, 0, 0, 0, 0, 0, 0, 0, 0, 0, 0, 0, 0, 0, 0, 0, 0, 0, 1, 0, 0, 0, 0, 0, 0, 0, 0, 0, 0, 0, 0, 0, 0, 0, 0, 0, 0, 0]
E = [20, 14, 20, 14, 14, 20, 14, 20, 14, 20, 20, 20, 14, 14, 14, 14, 14, 20, 20, 20, 14, 14, 14, 14, 14, 20, 20, 14, 264, 20, 20, 14, 14, 20, 20, 14, 14, 14, 14, 141, 264, 14, 55, 14, 14, 14, 141, 55, 14, 14, 14, 55, 177, 76, 55, 141, 76, 76, 76, 177, 76, 76, 76, 76, 55, 177, 76, 76, 76, 76, 76, 177, 76, 76, 177, 76, 177, 177, 76, 76, 76, 55, 76, 76, 20, 20, 55, 55, 55, 55, 55, 55, 55, 55, 55, 55, 55, 55, 55, 55, 55, 55, 264, 55, 55, 55, 20, 20, 55, 55, 20, 20, 20, 20, 20, 20, 20, 20, 20, 20, 20, 55, 20, 141, 20, 141, 141, 141, 141, 141, 141, 141, 141, 141, 141, 141, 141, 141, 141, 141, 141, 141, 141, 141, 141, 76, 141, 141, 141, 76, 141, 76, 76, 76, 141, 76, 76, 141, 141, 20, 76, 293, 293, 293, 293, 177, 177, 177, 76, 177, 177, 177, 177, 264, 293, 264, 177, 177, 76, 76, 76, 76, 20, 177, 177, 177, 177, 177, 177, 177, 177, 218, 218, 14, 218, 218, 214, 214, 214, 218, 218, 214, 218, 218, 218, 214, 218, 218, 214, 218, 218, 218, 214, 214, 214, 214, 218, 218, 214, 214, 214, 218, 218, 218, 218, 218, 214, 214, 214, 214, 218, 218, 214, 218, 214, 214, 218, 218, 218, 214, 214, 214, 214, 218, 218, 218, 218, 14, 14, 14, 14, 14, 14, 264, 20, 264, 20, 177, 264, 264, 14, 55, 20, 264, 264, 264, 264, 264, 264, 264, 264, 264, 264, 264, 264, 293, 293, 293, 293, 293, 293, 293, 293, 293, 177, 177, 177, 327, 327, 293, 293, 293, 293, 293, 293, 293, 293, 293, 293, 293, 293, 293, 327, 327, 327, 327, 327, 327, 327, 327, 327, 327, 327, 327, 327, 327, 293, 293, 293, 293, 293, 358, 293, 358, 327, 327, 327, 327, 327, 327, 327, 327, 327, 327, 327, 358, 358, 358, 358, 358, 358, 358, 358, 358, 327, 327, 327, 327, 327, 327, 327, 327, 327, 327, 327, 358, 358, 358, 358, 358, 389, 327, 389, 327, 389, 389, 389, 389, 389, 389, 389, 358, 358, 358, 358, 358, 358, 358, 358, 389, 389, 389, 389, 389, 389, 389, 389, 389, 389, 389, 389, 389, 389, 389, 358, 433, 358, 407, 407, 407, 407, 407, 407, 407, 407, 407, 407, 407, 407, 407, 407, 407, 433, 389, 389, 389, 389, 389, 389, 389, 389, 389, 433, 433, 433, 433, 407, 407, 407, 407, 407, 407, 433, 433, 433, 433, 433, 433, 433, 433, 433, 433, 407, 407, 407, 407, 14, 55, 14, 264, 214, 218]
Objs= Any[303178.0, 299189, 296142, 288901, 285998, 283565, 283565, 279959, 279606, 278875, 278847, 278847, 278847, 276562, 275188, 275188, 275188, 275188, 275188, 274705, 273863, 273863, 273785, 273785, 272310, 270222, 270222, 270222, 270222, 270222, 270222, 270222, 270222, 269097, 268834, 268834, 268834, 268523, 268523, 268523, 268523, 268523, 268523, 267242, 267216, 267216, 267216, 267216, 267216, 267216, 267216, 267216, 267216, 266623, 266566, 266566, 266566, 266566, 266566, 266566]
current_obj = [299189.0, 296142.0, 288901.0, 285998.0, 283565.0, 284013.0, 279959.0, 279606.0, 278875.0, 278847.0, 279414.0, 279503.0, 276562.0, 275188.0, 276476.0, 277933.0, 279233.0, 276861.0, 274705.0, 273863.0, 274394.0, 273785.0, 281063.0, 272310.0, 270222.0, 270549.0, 270947.0, 271029.0, 270653.0, 271029.0, 270532.0, 272580.0, 269097.0, 268834.0, 268866.0, 269484.0, 268523.0, 271765.0, 269504.0, 269555.0, 268804.0, 269080.0, 267242.0, 267216.0, 267488.0, 268229.0, 269624.0, 270005.0, 267799.0, 267346.0, 270617.0, 268507.0, 266623.0, 266566.0, 266596.0, 267964.0, 267225.0, 267522.0, 268038.0, 267232.0]
cong_K= Any[3, 3, 2, 3, 2, 1, 1, 1, 1, 2, 1, 2, 2, 1, 2, 1, 1, 2, 2, 2, 1, 1, 1] 
obj_k= Any[299189, 296142, 288901, 285998, 283565, 279959, 279606, 278875, 278847, 276562, 275188, 274705, 273863, 273785, 272310, 270222, 269097, 268834, 268523, 267242, 267216, 266623, 266566] 
iter_obj = Any[1, 2, 3, 4, 5, 7, 8, 9, 10, 13, 14, 19, 20, 22, 24, 25, 33, 34, 37, 43, 44, 53, 54] 
