n° iter       = 60 
neighborhood_structure = [1 2 3] 
Prioridad     = 15 
balance       = 1.0 
Len_N         = 3 
N° clusters   = 15 
N° estaciones = 452 
N° mejoras    = 27
N° iter completadas  = 60
1° FO         = 317820.0
FO            = 264878
Centros       = [22, 68, 87, 118, 151, 178, 211, 214, 265, 298, 307, 359, 368, 414, 428]
C = [0, 0, 0, 0, 0, 0, 0, 0, 0, 0, 0, 0, 0, 0, 0, 0, 0, 0, 0, 0, 0, 1, 0, 0, 0, 0, 0, 0, 0, 0, 0, 0, 0, 0, 0, 0, 0, 0, 0, 0, 0, 0, 0, 0, 0, 0, 0, 0, 0, 0, 0, 0, 0, 0, 0, 0, 0, 0, 0, 0, 0, 0, 0, 0, 0, 0, 0, 1, 0, 0, 0, 0, 0, 0, 0, 0, 0, 0, 0, 0, 0, 0, 0, 0, 0, 0, 1, 0, 0, 0, 0, 0, 0, 0, 0, 0, 0, 0, 0, 0, 0, 0, 0, 0, 0, 0, 0, 0, 0, 0, 0, 0, 0, 0, 0, 0, 0, 1, 0, 0, 0, 0, 0, 0, 0, 0, 0, 0, 0, 0, 0, 0, 0, 0, 0, 0, 0, 0, 0, 0, 0, 0, 0, 0, 0, 0, 0, 0, 0, 0, 1, 0, 0, 0, 0, 0, 0, 0, 0, 0, 0, 0, 0, 0, 0, 0, 0, 0, 0, 0, 0, 0, 0, 0, 0, 0, 0, 1, 0, 0, 0, 0, 0, 0, 0, 0, 0, 0, 0, 0, 0, 0, 0, 0, 0, 0, 0, 0, 0, 0, 0, 0, 0, 0, 0, 0, 0, 0, 0, 0, 1, 0, 0, 1, 0, 0, 0, 0, 0, 0, 0, 0, 0, 0, 0, 0, 0, 0, 0, 0, 0, 0, 0, 0, 0, 0, 0, 0, 0, 0, 0, 0, 0, 0, 0, 0, 0, 0, 0, 0, 0, 0, 0, 0, 0, 0, 0, 0, 0, 0, 0, 0, 0, 0, 1, 0, 0, 0, 0, 0, 0, 0, 0, 0, 0, 0, 0, 0, 0, 0, 0, 0, 0, 0, 0, 0, 0, 0, 0, 0, 0, 0, 0, 0, 0, 0, 0, 1, 0, 0, 0, 0, 0, 0, 0, 0, 1, 0, 0, 0, 0, 0, 0, 0, 0, 0, 0, 0, 0, 0, 0, 0, 0, 0, 0, 0, 0, 0, 0, 0, 0, 0, 0, 0, 0, 0, 0, 0, 0, 0, 0, 0, 0, 0, 0, 0, 0, 0, 0, 0, 0, 0, 0, 0, 0, 0, 0, 0, 1, 0, 0, 0, 0, 0, 0, 0, 0, 1, 0, 0, 0, 0, 0, 0, 0, 0, 0, 0, 0, 0, 0, 0, 0, 0, 0, 0, 0, 0, 0, 0, 0, 0, 0, 0, 0, 0, 0, 0, 0, 0, 0, 0, 0, 0, 0, 0, 0, 0, 0, 0, 0, 0, 0, 1, 0, 0, 0, 0, 0, 0, 0, 0, 0, 0, 0, 0, 0, 1, 0, 0, 0, 0, 0, 0, 0, 0, 0, 0, 0, 0, 0, 0, 0, 0, 0, 0, 0, 0, 0, 0, 0, 0]
E = [22, 22, 118, 22, 22, 22, 22, 118, 22, 118, 118, 118, 22, 22, 22, 22, 22, 118, 118, 118, 22, 22, 22, 22, 22, 118, 118, 22, 265, 118, 118, 22, 22, 118, 118, 22, 22, 22, 22, 118, 265, 22, 87, 68, 22, 22, 22, 87, 68, 68, 22, 87, 68, 68, 87, 151, 68, 68, 151, 68, 68, 68, 68, 151, 87, 68, 68, 68, 68, 68, 68, 178, 68, 68, 68, 68, 178, 178, 68, 68, 68, 87, 68, 68, 118, 118, 87, 87, 87, 87, 87, 87, 87, 87, 87, 87, 87, 87, 87, 87, 87, 87, 265, 87, 87, 87, 118, 118, 87, 87, 265, 265, 118, 118, 118, 118, 118, 118, 118, 118, 118, 87, 118, 118, 118, 118, 118, 118, 118, 118, 118, 118, 118, 151, 118, 151, 118, 151, 151, 151, 151, 151, 151, 151, 151, 151, 151, 151, 151, 151, 151, 151, 151, 68, 151, 151, 151, 151, 151, 265, 151, 151, 151, 151, 151, 178, 178, 178, 178, 178, 178, 178, 178, 265, 307, 265, 178, 178, 68, 68, 178, 307, 265, 178, 178, 178, 178, 178, 178, 178, 178, 211, 211, 22, 211, 211, 214, 214, 214, 211, 211, 214, 211, 211, 211, 214, 211, 211, 214, 211, 211, 211, 214, 214, 214, 211, 211, 211, 214, 214, 214, 211, 211, 211, 211, 211, 214, 214, 214, 214, 211, 211, 214, 211, 214, 214, 211, 211, 211, 214, 214, 214, 214, 211, 211, 211, 211, 22, 22, 22, 22, 22, 22, 265, 265, 265, 118, 68, 265, 265, 22, 87, 265, 265, 265, 265, 265, 265, 265, 265, 265, 265, 265, 265, 265, 151, 298, 298, 298, 298, 298, 298, 298, 307, 307, 307, 178, 307, 307, 307, 307, 298, 298, 298, 298, 298, 298, 298, 298, 298, 307, 307, 307, 307, 307, 307, 307, 307, 307, 307, 307, 307, 307, 307, 307, 307, 298, 298, 298, 298, 298, 298, 298, 298, 307, 307, 307, 307, 307, 307, 307, 368, 307, 307, 307, 307, 359, 359, 359, 359, 359, 359, 359, 359, 368, 368, 368, 368, 368, 368, 368, 368, 368, 368, 368, 359, 359, 359, 359, 359, 368, 368, 368, 368, 368, 368, 368, 368, 368, 368, 368, 414, 359, 359, 359, 359, 359, 359, 414, 414, 368, 368, 368, 368, 368, 368, 368, 368, 368, 414, 414, 414, 414, 414, 414, 414, 414, 414, 359, 359, 359, 428, 428, 359, 428, 428, 428, 428, 428, 428, 428, 428, 414, 414, 414, 414, 368, 368, 414, 414, 414, 414, 414, 414, 414, 428, 428, 428, 428, 428, 428, 428, 414, 414, 414, 414, 414, 414, 414, 428, 428, 428, 428, 428, 428, 428, 22, 87, 22, 265, 214, 211]
Objs= Any[317820.0, 309295, 300243, 299919, 299919, 295823, 293525, 290467, 289924, 288473, 288473, 284093, 282227, 282048, 280341, 278351, 278351, 277711, 277711, 277711, 275956, 275513, 275513, 274393, 272567, 272567, 272567, 271802, 269543, 269543, 269543, 269543, 269543, 269543, 268912, 268912, 268058, 268058, 268058, 268058, 268058, 267316, 267316, 266160, 265894, 265894, 265515, 265515, 265515, 265515, 265515, 265515, 265515, 265515, 265515, 265515, 265515, 264878, 264878, 264878]
current_obj = [309295.0, 300243.0, 299919.0, 301159.0, 295823.0, 293525.0, 290467.0, 289924.0, 288473.0, 288619.0, 284093.0, 282227.0, 282048.0, 280341.0, 278351.0, 280759.0, 277711.0, 277986.0, 281871.0, 275956.0, 275513.0, 275690.0, 274393.0, 272567.0, 275433.0, 273107.0, 271802.0, 269543.0, 271036.0, 270455.0, 270181.0, 270236.0, 270413.0, 268912.0, 268946.0, 268058.0, 268764.0, 269450.0, 269976.0, 268555.0, 267316.0, 269390.0, 266160.0, 265894.0, 267298.0, 265515.0, 268159.0, 270865.0, 266752.0, 267004.0, 266192.0, 267348.0, 266410.0, 267175.0, 266979.0, 269438.0, 264878.0, 265639.0, 265154.0, 266610.0]
cong_K= Any[2, 2, 2, 3, 2, 2, 1, 2, 2, 1, 3, 2, 1, 2, 2, 1, 1, 1, 1, 2, 1, 3, 1, 1, 1, 1, 1] 
obj_k= Any[309295, 300243, 299919, 295823, 293525, 290467, 289924, 288473, 284093, 282227, 282048, 280341, 278351, 277711, 275956, 275513, 274393, 272567, 271802, 269543, 268912, 268058, 267316, 266160, 265894, 265515, 264878] 
iter_obj = Any[1, 2, 3, 5, 6, 7, 8, 9, 11, 12, 13, 14, 15, 17, 20, 21, 23, 24, 27, 28, 34, 36, 41, 43, 44, 46, 57] 
