n° iter       = 60 
neighborhood_structure = [1 2 3] 
Prioridad     = 15 
balance       = 1.0 
Len_N         = 3 
N° clusters   = 15 
N° estaciones = 452 
N° mejoras    = 21
N° iter completadas  = 60
1° FO         = 317380.0
FO            = 264193
Centros       = [11, 28, 72, 101, 137, 152, 215, 224, 259, 282, 307, 358, 362, 416, 427]
C = [0, 0, 0, 0, 0, 0, 0, 0, 0, 0, 1, 0, 0, 0, 0, 0, 0, 0, 0, 0, 0, 0, 0, 0, 0, 0, 0, 1, 0, 0, 0, 0, 0, 0, 0, 0, 0, 0, 0, 0, 0, 0, 0, 0, 0, 0, 0, 0, 0, 0, 0, 0, 0, 0, 0, 0, 0, 0, 0, 0, 0, 0, 0, 0, 0, 0, 0, 0, 0, 0, 0, 1, 0, 0, 0, 0, 0, 0, 0, 0, 0, 0, 0, 0, 0, 0, 0, 0, 0, 0, 0, 0, 0, 0, 0, 0, 0, 0, 0, 0, 1, 0, 0, 0, 0, 0, 0, 0, 0, 0, 0, 0, 0, 0, 0, 0, 0, 0, 0, 0, 0, 0, 0, 0, 0, 0, 0, 0, 0, 0, 0, 0, 0, 0, 0, 0, 1, 0, 0, 0, 0, 0, 0, 0, 0, 0, 0, 0, 0, 0, 0, 1, 0, 0, 0, 0, 0, 0, 0, 0, 0, 0, 0, 0, 0, 0, 0, 0, 0, 0, 0, 0, 0, 0, 0, 0, 0, 0, 0, 0, 0, 0, 0, 0, 0, 0, 0, 0, 0, 0, 0, 0, 0, 0, 0, 0, 0, 0, 0, 0, 0, 0, 0, 0, 0, 0, 0, 0, 0, 0, 0, 0, 0, 0, 1, 0, 0, 0, 0, 0, 0, 0, 0, 1, 0, 0, 0, 0, 0, 0, 0, 0, 0, 0, 0, 0, 0, 0, 0, 0, 0, 0, 0, 0, 0, 0, 0, 0, 0, 0, 0, 0, 0, 0, 0, 0, 0, 0, 1, 0, 0, 0, 0, 0, 0, 0, 0, 0, 0, 0, 0, 0, 0, 0, 0, 0, 0, 0, 0, 0, 0, 1, 0, 0, 0, 0, 0, 0, 0, 0, 0, 0, 0, 0, 0, 0, 0, 0, 0, 0, 0, 0, 0, 0, 0, 0, 1, 0, 0, 0, 0, 0, 0, 0, 0, 0, 0, 0, 0, 0, 0, 0, 0, 0, 0, 0, 0, 0, 0, 0, 0, 0, 0, 0, 0, 0, 0, 0, 0, 0, 0, 0, 0, 0, 0, 0, 0, 0, 0, 0, 0, 0, 0, 0, 0, 0, 0, 1, 0, 0, 0, 1, 0, 0, 0, 0, 0, 0, 0, 0, 0, 0, 0, 0, 0, 0, 0, 0, 0, 0, 0, 0, 0, 0, 0, 0, 0, 0, 0, 0, 0, 0, 0, 0, 0, 0, 0, 0, 0, 0, 0, 0, 0, 0, 0, 0, 0, 0, 0, 0, 0, 0, 0, 0, 0, 1, 0, 0, 0, 0, 0, 0, 0, 0, 0, 0, 1, 0, 0, 0, 0, 0, 0, 0, 0, 0, 0, 0, 0, 0, 0, 0, 0, 0, 0, 0, 0, 0, 0, 0, 0, 0]
E = [11, 11, 11, 28, 11, 11, 28, 11, 28, 259, 11, 11, 28, 28, 28, 28, 11, 11, 11, 11, 28, 28, 28, 28, 11, 259, 11, 28, 259, 11, 11, 28, 28, 11, 11, 28, 28, 28, 28, 137, 259, 28, 259, 28, 28, 28, 28, 259, 28, 28, 28, 101, 72, 28, 101, 152, 72, 152, 152, 72, 152, 72, 152, 152, 101, 72, 72, 72, 152, 152, 152, 72, 72, 152, 72, 152, 72, 72, 72, 152, 152, 101, 152, 152, 11, 11, 101, 101, 101, 101, 101, 101, 101, 101, 101, 101, 101, 259, 101, 101, 101, 101, 259, 101, 101, 101, 137, 137, 101, 101, 11, 259, 259, 259, 11, 11, 11, 11, 137, 11, 137, 101, 137, 137, 137, 137, 137, 137, 137, 137, 137, 137, 137, 137, 137, 137, 137, 137, 137, 137, 137, 152, 137, 137, 137, 152, 137, 137, 137, 152, 152, 152, 152, 152, 152, 152, 152, 282, 282, 259, 152, 152, 282, 152, 282, 72, 72, 72, 72, 72, 72, 72, 307, 259, 307, 259, 72, 72, 152, 152, 72, 152, 11, 72, 72, 72, 72, 72, 72, 72, 72, 224, 224, 28, 224, 215, 215, 215, 215, 224, 224, 215, 215, 224, 224, 215, 224, 224, 215, 215, 224, 224, 215, 215, 215, 215, 224, 224, 215, 215, 215, 215, 224, 224, 224, 224, 215, 215, 215, 215, 224, 224, 215, 224, 215, 215, 224, 224, 224, 215, 215, 215, 215, 215, 224, 224, 224, 28, 28, 224, 28, 28, 28, 259, 11, 259, 11, 72, 259, 259, 28, 101, 259, 259, 259, 259, 259, 259, 259, 259, 259, 259, 259, 259, 259, 282, 282, 282, 282, 282, 282, 282, 282, 307, 307, 307, 307, 307, 307, 307, 307, 282, 282, 282, 282, 282, 282, 282, 282, 307, 307, 307, 307, 307, 307, 307, 307, 307, 307, 307, 307, 307, 307, 307, 307, 307, 282, 282, 282, 282, 282, 358, 358, 358, 307, 307, 307, 307, 362, 362, 362, 362, 362, 362, 307, 358, 358, 358, 358, 358, 358, 358, 358, 358, 362, 362, 362, 362, 362, 362, 362, 362, 362, 362, 362, 358, 358, 358, 358, 358, 362, 362, 362, 362, 362, 362, 362, 362, 362, 362, 362, 358, 358, 358, 358, 358, 358, 358, 358, 416, 416, 416, 416, 362, 362, 416, 416, 416, 416, 416, 416, 416, 416, 416, 416, 416, 358, 427, 427, 358, 427, 427, 427, 358, 427, 427, 427, 427, 427, 427, 427, 427, 416, 416, 416, 416, 416, 416, 416, 416, 416, 416, 416, 427, 427, 427, 427, 427, 427, 427, 427, 427, 427, 427, 416, 416, 416, 416, 427, 427, 427, 427, 427, 427, 427, 427, 28, 101, 28, 259, 215, 224]
Objs= Any[317380.0, 312794, 302666, 294089, 294089, 287870, 284569, 282293, 280466, 279304, 274411, 274411, 272431, 270686, 270686, 270686, 270686, 270686, 270686, 270425, 270425, 269517, 268941, 268055, 268055, 268055, 268055, 268055, 267754, 267754, 267754, 267177, 267177, 267177, 267177, 267177, 267177, 267177, 267177, 267177, 267177, 266242, 266242, 266242, 266242, 266242, 265438, 265438, 265438, 265438, 265438, 265438, 265438, 265438, 265438, 264195, 264195, 264195, 264193, 264193]
current_obj = [312794.0, 302666.0, 294089.0, 294740.0, 287870.0, 284569.0, 282293.0, 280466.0, 279304.0, 274411.0, 274490.0, 272431.0, 270686.0, 271399.0, 272298.0, 273268.0, 271201.0, 272116.0, 270425.0, 271888.0, 269517.0, 268941.0, 268055.0, 268990.0, 268549.0, 270202.0, 270202.0, 267754.0, 269499.0, 270610.0, 267177.0, 267317.0, 268177.0, 267409.0, 267500.0, 268272.0, 267951.0, 268109.0, 268833.0, 267207.0, 266242.0, 266883.0, 267164.0, 269893.0, 267987.0, 265438.0, 265443.0, 265488.0, 266541.0, 265583.0, 267401.0, 265996.0, 266730.0, 266186.0, 264195.0, 269435.0, 265939.0, 264193.0, 267513.0, 265351.0]
cong_K= Any[1, 2, 1, 2, 1, 1, 1, 3, 2, 1, 1, 1, 1, 1, 1, 1, 1, 1, 1, 1, 1] 
obj_k= Any[312794, 302666, 294089, 287870, 284569, 282293, 280466, 279304, 274411, 272431, 270686, 270425, 269517, 268941, 268055, 267754, 267177, 266242, 265438, 264195, 264193] 
iter_obj = Any[1, 2, 3, 5, 6, 7, 8, 9, 10, 12, 13, 19, 21, 22, 23, 28, 31, 41, 46, 55, 58] 
