n° iter       = 600 
neighborhood_structure = [1] 
Prioridad     = 5 
balance       = 0.5 
Len_N         = 3 
N° clusters   = 7 
N° estaciones = 228 
N° mejoras    = 18
N° iter completadas  = 277
1° FO         = 214035.0
FO            = 167994
Centros       = [87, 133, 153, 263, 319, 377, 428]
Objs= Any[214035.0, 208221, 208221, 202972, 202972, 202972, 202972, 196022, 194997, 194997, 194997, 192829, 175628, 175628, 175628, 175628, 175628, 175628, 175628, 175628, 175628, 175380, 174279, 174279, 173387, 173340, 173340, 173119, 173119, 173119, 173119, 173119, 173119, 173119, 173119, 173119, 173119, 173119, 173119, 173119, 173119, 173119, 173119, 173119, 173119, 173119, 173119, 173119, 173119, 173119, 173119, 173119, 173119, 173119, 173119, 173119, 173119, 173119, 173119, 173119, 173119, 173119, 173119, 173119, 173119, 173119, 173119, 173119, 173119, 173119, 173119, 173119, 170940, 170940, 170940, 170940, 170940, 170222, 169036, 169036, 169036, 169036, 169036, 169036, 169036, 169036, 169036, 169036, 169036, 169036, 169036, 169036, 169036, 169036, 169036, 169036, 169036, 169036, 168790, 168790, 168601, 168601, 168601, 168601, 168601, 168601, 168601, 168601, 168601, 168601, 168601, 168601, 168601, 168601, 168601, 168601, 168601, 168601, 168601, 168601, 168601, 168601, 168601, 168601, 168601, 168420, 168420, 168420, 167994, 167994, 167994, 167994, 167994, 167994, 167994, 167994, 167994, 167994, 167994, 167994, 167994, 167994, 167994, 167994, 167994, 167994, 167994, 167994, 167994, 167994, 167994, 167994, 167994, 167994, 167994, 167994, 167994, 167994, 167994, 167994, 167994, 167994, 167994, 167994, 167994, 167994, 167994, 167994, 167994, 167994, 167994, 167994, 167994, 167994, 167994, 167994, 167994, 167994, 167994, 167994, 167994, 167994, 167994, 167994, 167994, 167994, 167994, 167994, 167994, 167994, 167994, 167994, 167994, 167994, 167994, 167994, 167994, 167994, 167994, 167994, 167994, 167994, 167994, 167994, 167994, 167994, 167994, 167994, 167994, 167994, 167994, 167994, 167994, 167994, 167994, 167994, 167994, 167994, 167994, 167994, 167994, 167994, 167994, 167994, 167994, 167994, 167994, 167994, 167994, 167994, 167994, 167994, 167994, 167994, 167994, 167994, 167994, 167994, 167994, 167994, 167994, 167994, 167994, 167994, 167994, 167994, 167994, 167994, 167994, 167994, 167994, 167994, 167994, 167994, 167994, 167994, 167994, 167994, 167994, 167994, 167994, 167994, 167994, 167994, 167994, 167994, 167994, 167994, 167994, 167994, 167994, 167994, 167994, 167994, 167994, 167994, 167994, 167994]
current_obj = [208221.0, 208624.0, 202972.0, 203488.0, 1.0e15, 205411.0, 196022.0, 194997.0, 1.0e15, 195539.0, 192829.0, 175628.0, 1.0e15, 178954.0, 1.0e15, 176898.0, 177716.0, 175980.0, 175724.0, 183075.0, 175380.0, 174279.0, 175380.0, 173387.0, 173340.0, 183882.0, 173119.0, 177177.0, 180259.0, 186402.0, 181374.0, 177370.0, 174928.0, 173166.0, 177463.0, 174604.0, 173166.0, 175885.0, 181361.0, 176328.0, 177463.0, 1.0e15, 176687.0, 174972.0, 174604.0, 175951.0, 178416.0, 173784.0, 188509.0, 175326.0, 175196.0, 173376.0, 179709.0, 194833.0, 178758.0, 174011.0, 1.0e15, 180385.0, 177370.0, 175951.0, 174928.0, 177370.0, 179323.0, 176192.0, 176464.0, 176549.0, 1.0e15, 173940.0, 174088.0, 179746.0, 174349.0, 170940.0, 180869.0, 171982.0, 177144.0, 172455.0, 170222.0, 169036.0, 1.0e15, 171047.0, 170423.0, 173375.0, 170728.0, 1.0e15, 1.0e15, 170336.0, 173187.0, 178464.0, 183253.0, 172075.0, 169332.0, 169754.0, 170648.0, 169332.0, 180144.0, 172203.0, 177120.0, 168790.0, 169147.0, 168601.0, 171471.0, 168790.0, 169623.0, 176265.0, 172163.0, 175961.0, 177788.0, 170362.0, 172931.0, 169046.0, 170924.0, 168790.0, 1.0e15, 169276.0, 169438.0, 170293.0, 173223.0, 168790.0, 170119.0, 169749.0, 174031.0, 169776.0, 168897.0, 173511.0, 168420.0, 171316.0, 177848.0, 167994.0, 168601.0, 168420.0, 170119.0, 180925.0, 172882.0, 169370.0, 168351.0, 171487.0, 172882.0, 171257.0, 169686.0, 170913.0, 172770.0, 170864.0, 169168.0, 171233.0, 170558.0, 169494.0, 168790.0, 169036.0, 172333.0, 169580.0, 168790.0, 1.0e15, 170500.0, 172287.0, 168290.0, 170199.0, 168831.0, 171257.0, 175132.0, 1.0e15, 169343.0, 168072.0, 168290.0, 170119.0, 1.0e15, 172882.0, 172302.0, 170173.0, 177045.0, 1.0e15, 168831.0, 174039.0, 172031.0, 170500.0, 168420.0, 172615.0, 171650.0, 173048.0, 168290.0, 169370.0, 171675.0, 1.0e15, 170976.0, 169355.0, 172402.0, 168831.0, 169494.0, 168550.0, 169370.0, 173048.0, 169181.0, 169036.0, 171010.0, 169381.0, 169181.0, 171936.0, 171257.0, 171142.0, 168420.0, 170005.0, 169168.0, 170119.0, 1.0e15, 170743.0, 176566.0, 174477.0, 169036.0, 172522.0, 170743.0, 1.0e15, 191029.0, 170913.0, 171257.0, 171536.0, 183696.0, 168601.0, 169580.0, 179192.0, 171170.0, 169343.0, 170602.0, 169343.0, 1.0e15, 176271.0, 169991.0, 1.0e15, 175645.0, 168439.0, 168790.0, 176056.0, 171439.0, 169168.0, 177023.0, 170173.0, 169872.0, 175132.0, 178237.0, 172979.0, 1.0e15, 172882.0, 170199.0, 169180.0, 172882.0, 169355.0, 173630.0, 168790.0, 170198.0, 169945.0, 170913.0, 168601.0, 178147.0, 168555.0, 171142.0, 172770.0, 169686.0, 168072.0, 168790.0, 172534.0, 168439.0, 1.0e15, 170913.0, 1.0e15, 182261.0, 172979.0, 169755.0, 169343.0, 178171.0, 168790.0, 171675.0, 178147.0, 169036.0, 168290.0, 1.0e15, 171257.0, 1.0e15, 171487.0, 170976.0, 169580.0, 0.0, 0.0, 0.0, 0.0, 0.0, 0.0, 0.0, 0.0, 0.0, 0.0, 0.0, 0.0, 0.0, 0.0, 0.0, 0.0, 0.0, 0.0, 0.0, 0.0, 0.0, 0.0, 0.0, 0.0, 0.0, 0.0, 0.0, 0.0, 0.0, 0.0, 0.0, 0.0, 0.0, 0.0, 0.0, 0.0, 0.0, 0.0, 0.0, 0.0, 0.0, 0.0, 0.0, 0.0, 0.0, 0.0, 0.0, 0.0, 0.0, 0.0, 0.0, 0.0, 0.0, 0.0, 0.0, 0.0, 0.0, 0.0, 0.0, 0.0, 0.0, 0.0, 0.0, 0.0, 0.0, 0.0, 0.0, 0.0, 0.0, 0.0, 0.0, 0.0, 0.0, 0.0, 0.0, 0.0, 0.0, 0.0, 0.0, 0.0, 0.0, 0.0, 0.0, 0.0, 0.0, 0.0, 0.0, 0.0, 0.0, 0.0, 0.0, 0.0, 0.0, 0.0, 0.0, 0.0, 0.0, 0.0, 0.0, 0.0, 0.0, 0.0, 0.0, 0.0, 0.0, 0.0, 0.0, 0.0, 0.0, 0.0, 0.0, 0.0, 0.0, 0.0, 0.0, 0.0, 0.0, 0.0, 0.0, 0.0, 0.0, 0.0, 0.0, 0.0, 0.0, 0.0, 0.0, 0.0, 0.0, 0.0, 0.0, 0.0, 0.0, 0.0, 0.0, 0.0, 0.0, 0.0, 0.0, 0.0, 0.0, 0.0, 0.0, 0.0, 0.0, 0.0, 0.0, 0.0, 0.0, 0.0, 0.0, 0.0, 0.0, 0.0, 0.0, 0.0, 0.0, 0.0, 0.0, 0.0, 0.0, 0.0, 0.0, 0.0, 0.0, 0.0, 0.0, 0.0, 0.0, 0.0, 0.0, 0.0, 0.0, 0.0, 0.0, 0.0, 0.0, 0.0, 0.0, 0.0, 0.0, 0.0, 0.0, 0.0, 0.0, 0.0, 0.0, 0.0, 0.0, 0.0, 0.0, 0.0, 0.0, 0.0, 0.0, 0.0, 0.0, 0.0, 0.0, 0.0, 0.0, 0.0, 0.0, 0.0, 0.0, 0.0, 0.0, 0.0, 0.0, 0.0, 0.0, 0.0, 0.0, 0.0, 0.0, 0.0, 0.0, 0.0, 0.0, 0.0, 0.0, 0.0, 0.0, 0.0, 0.0, 0.0, 0.0, 0.0, 0.0, 0.0, 0.0, 0.0, 0.0, 0.0, 0.0, 0.0, 0.0, 0.0, 0.0, 0.0, 0.0, 0.0, 0.0, 0.0, 0.0, 0.0, 0.0, 0.0, 0.0, 0.0, 0.0, 0.0, 0.0, 0.0, 0.0, 0.0, 0.0, 0.0, 0.0, 0.0, 0.0, 0.0, 0.0, 0.0, 0.0, 0.0, 0.0, 0.0, 0.0, 0.0, 0.0, 0.0, 0.0, 0.0, 0.0, 0.0, 0.0, 0.0, 0.0, 0.0, 0.0, 0.0, 0.0, 0.0, 0.0, 0.0, 0.0, 0.0, 0.0, 0.0, 0.0, 0.0, 0.0, 0.0, 0.0, 0.0, 0.0, 0.0, 0.0, 0.0, 0.0, 0.0, 0.0, 0.0, 0.0, 0.0, 0.0, 0.0, 0.0, 0.0, 0.0, 0.0, 0.0, 0.0, 0.0, 0.0, 0.0, 0.0, 0.0, 0.0, 0.0, 0.0]
cong_K= Any[1, 1, 1, 1, 1, 1, 1, 1, 1, 1, 1, 1, 1, 1, 1, 1, 1, 1] 
obj_k= Any[208221, 202972, 196022, 194997, 192829, 175628, 175380, 174279, 173387, 173340, 173119, 170940, 170222, 169036, 168790, 168601, 168420, 167994] 
iter_obj = Any[1, 3, 7, 8, 11, 12, 21, 22, 24, 25, 27, 72, 77, 78, 98, 100, 125, 128] 
avgClusterDiam = 2432.5714285714284 
maxClusterDiam = 4514.0 
clusterDiamete = [1999.0; 2163.0; 2257.0; 2334.0; 4514.0; 2080.0; 1681.0]   
C = [0, 0, 0, 0, 0, 0, 0, 0, 0, 0, 0, 0, 0, 0, 0, 0, 0, 0, 0, 0, 0, 0, 0, 0, 0, 0, 0, 0, 0, 0, 0, 0, 0, 0, 0, 0, 0, 0, 0, 0, 0, 0, 0, 0, 1, 0, 0, 0, 0, 0, 0, 0, 0, 0, 0, 0, 0, 0, 0, 0, 0, 0, 0, 0, 0, 0, 0, 0, 0, 0, 0, 0, 0, 0, 0, 0, 0, 0, 0, 0, 0, 0, 0, 0, 0, 0, 0, 0, 0, 0, 1, 0, 0, 0, 0, 0, 0, 0, 0, 0, 0, 0, 0, 0, 0, 0, 0, 0, 0, 0, 1, 0, 0, 0, 0, 0, 0, 0, 0, 0, 0, 0, 0, 0, 0, 0, 0, 0, 0, 0, 0, 0, 0, 0, 0, 0, 1, 0, 0, 0, 0, 0, 0, 0, 0, 0, 0, 0, 0, 0, 0, 0, 0, 0, 0, 0, 0, 0, 0, 0, 0, 0, 0, 0, 0, 0, 0, 0, 1, 0, 0, 0, 0, 0, 0, 0, 0, 0, 0, 0, 0, 0, 0, 0, 0, 0, 0, 0, 0, 0, 0, 0, 0, 1, 0, 0, 0, 0, 0, 0, 0, 0, 0, 0, 0, 0, 0, 0, 0, 0, 0, 0, 0, 0, 1, 0, 0, 0, 0, 0, 0, 0, 0, 0, 0, 0, 0, 0]
E = [263, 263, 263, 263, 263, 263, 263, 133, 133, 133, 263, 263, 87, 263, 263, 133, 133, 133, 263, 87, 133, 87, 87, 153, 87, 153, 153, 153, 153, 153, 153, 87, 319, 153, 153, 319, 153, 153, 153, 87, 153, 153, 263, 263, 87, 87, 87, 87, 87, 87, 87, 87, 87, 87, 87, 87, 87, 87, 87, 87, 263, 87, 87, 87, 133, 133, 87, 87, 263, 263, 263, 133, 263, 133, 263, 133, 133, 133, 133, 87, 133, 133, 133, 133, 133, 133, 133, 133, 133, 133, 133, 133, 133, 133, 133, 133, 153, 133, 133, 319, 133, 133, 153, 153, 153, 133, 133, 153, 153, 153, 153, 153, 153, 153, 319, 153, 153, 263, 153, 153, 153, 153, 153, 263, 263, 153, 153, 319, 263, 263, 263, 263, 263, 263, 87, 87, 263, 263, 263, 263, 263, 263, 263, 263, 263, 263, 263, 263, 263, 153, 153, 153, 153, 153, 319, 319, 153, 319, 319, 319, 319, 319, 319, 319, 319, 319, 319, 319, 319, 319, 319, 319, 319, 319, 377, 319, 319, 319, 319, 319, 377, 319, 377, 377, 319, 377, 319, 319, 319, 319, 377, 377, 377, 377, 377, 377, 377, 377, 319, 377, 377, 428, 319, 428, 377, 428, 428, 428, 428, 428, 377, 428, 428, 428, 428, 428, 428, 428, 428, 428, 428, 428, 428, 428, 428, 428, 87, 263]
