n° iter       = 600 
neighborhood_structure = [1] 
Prioridad     = 5 
balance       = 0.5 
Len_N         = 9 
N° clusters   = 15 
N° estaciones = 452 
N° mejoras    = 39
N° iter completadas  = 188
1° FO         = 325690.0
FO            = 268992
Centros       = [12, 28, 72, 87, 134, 153, 215, 225, 275, 299, 308, 358, 362, 415, 427]
Objs= Any[325690.0, 319012, 313385, 307993, 307025, 304159, 297304, 297304, 291420, 286111, 286111, 284937, 283348, 282904, 282733, 282733, 282533, 281763, 281486, 281486, 280764, 280764, 279951, 279937, 278296, 277577, 277577, 277577, 276982, 275577, 275577, 274113, 274113, 274113, 274113, 272394, 272394, 272394, 272394, 272394, 272394, 272345, 272345, 272345, 272345, 272345, 272345, 272345, 271954, 271020, 271020, 271020, 271020, 271020, 271020, 271020, 271020, 270668, 270668, 270253, 270253, 270253, 270253, 270253, 270253, 270253, 270253, 270253, 270253, 270253, 270253, 270253, 270253, 270253, 270253, 270253, 270253, 270197, 270197, 270197, 270197, 270197, 270197, 270197, 270197, 270197, 269983, 269983, 269983, 269983, 269983, 269983, 269983, 269960, 269960, 269960, 269960, 269960, 269803, 269803, 269803, 269803, 269803, 269803, 269803, 269803, 269803, 269803, 269803, 269803, 269803, 269803, 269803, 269803, 269803, 269803, 269803, 269803, 269803, 269803, 269803, 269803, 269803, 269803, 269803, 269803, 269803, 269803, 269803, 269803, 269803, 269803, 269803, 269803, 269803, 269803, 269803, 269803, 269788, 269788, 269788, 269788, 269788, 269788, 269788, 269758, 269758, 269758, 269758, 269758, 269758, 269584, 269584, 269584, 269584, 269584, 269584, 269584, 269584, 269584, 269584, 269584, 269584, 269584, 269584, 269287, 269287, 269287, 269287, 269287, 269287, 269287, 269287, 269287, 269287, 269287, 269287, 269287, 269287, 269287, 269287, 269287, 269058, 269058, 269058, 269058, 268992, 268992, 268992]
current_obj = [319012.0, 313385.0, 307993.0, 307025.0, 304159.0, 297304.0, 299253.0, 291420.0, 286111.0, 286262.0, 284937.0, 283348.0, 282904.0, 282733.0, 283265.0, 282533.0, 281763.0, 281486.0, 283670.0, 280764.0, 281144.0, 279951.0, 279937.0, 278296.0, 277577.0, 279013.0, 278406.0, 276982.0, 275577.0, 275725.0, 274113.0, 274208.0, 275494.0, 274335.0, 272394.0, 273241.0, 273433.0, 272943.0, 272411.0, 273433.0, 272345.0, 273177.0, 273612.0, 272526.0, 272657.0, 272394.0, 273117.0, 271954.0, 271020.0, 272260.0, 271297.0, 271707.0, 271495.0, 271534.0, 272246.0, 272731.0, 270668.0, 271020.0, 270253.0, 270435.0, 271349.0, 270417.0, 271248.0, 270383.0, 272407.0, 270435.0, 271296.0, 271831.0, 271777.0, 270516.0, 271919.0, 270290.0, 270435.0, 270596.0, 270966.0, 270956.0, 270197.0, 270386.0, 270869.0, 272239.0, 270319.0, 272397.0, 271293.0, 270739.0, 270276.0, 269983.0, 271305.0, 270207.0, 270032.0, 270468.0, 271694.0, 270755.0, 269960.0, 271434.0, 270301.0, 270230.0, 270814.0, 269803.0, 271983.0, 270092.0, 269814.0, 270079.0, 270003.0, 270163.0, 269927.0, 270650.0, 270546.0, 269985.0, 271313.0, 270073.0, 270749.0, 270023.0, 269814.0, 271693.0, 271645.0, 273016.0, 270023.0, 269863.0, 269863.0, 269972.0, 270092.0, 269820.0, 269820.0, 270073.0, 270571.0, 269875.0, 270865.0, 271395.0, 271248.0, 269814.0, 270546.0, 269820.0, 270301.0, 271157.0, 270865.0, 271344.0, 271313.0, 269788.0, 271024.0, 270373.0, 270734.0, 269804.0, 271574.0, 269804.0, 269758.0, 271404.0, 270203.0, 271232.0, 270858.0, 271381.0, 269584.0, 271609.0, 269754.0, 270542.0, 270697.0, 269758.0, 269619.0, 270561.0, 269666.0, 271019.0, 270386.0, 269690.0, 272340.0, 271473.0, 269287.0, 269458.0, 270464.0, 270213.0, 269758.0, 269364.0, 269444.0, 272979.0, 270264.0, 269758.0, 270358.0, 271376.0, 270050.0, 270578.0, 269584.0, 269458.0, 269584.0, 269058.0, 269572.0, 269287.0, 269088.0, 268992.0, 269022.0, 271064.0, 270104.0, 0.0, 0.0, 0.0, 0.0, 0.0, 0.0, 0.0, 0.0, 0.0, 0.0, 0.0, 0.0, 0.0, 0.0, 0.0, 0.0, 0.0, 0.0, 0.0, 0.0, 0.0, 0.0, 0.0, 0.0, 0.0, 0.0, 0.0, 0.0, 0.0, 0.0, 0.0, 0.0, 0.0, 0.0, 0.0, 0.0, 0.0, 0.0, 0.0, 0.0, 0.0, 0.0, 0.0, 0.0, 0.0, 0.0, 0.0, 0.0, 0.0, 0.0, 0.0, 0.0, 0.0, 0.0, 0.0, 0.0, 0.0, 0.0, 0.0, 0.0, 0.0, 0.0, 0.0, 0.0, 0.0, 0.0, 0.0, 0.0, 0.0, 0.0, 0.0, 0.0, 0.0, 0.0, 0.0, 0.0, 0.0, 0.0, 0.0, 0.0, 0.0, 0.0, 0.0, 0.0, 0.0, 0.0, 0.0, 0.0, 0.0, 0.0, 0.0, 0.0, 0.0, 0.0, 0.0, 0.0, 0.0, 0.0, 0.0, 0.0, 0.0, 0.0, 0.0, 0.0, 0.0, 0.0, 0.0, 0.0, 0.0, 0.0, 0.0, 0.0, 0.0, 0.0, 0.0, 0.0, 0.0, 0.0, 0.0, 0.0, 0.0, 0.0, 0.0, 0.0, 0.0, 0.0, 0.0, 0.0, 0.0, 0.0, 0.0, 0.0, 0.0, 0.0, 0.0, 0.0, 0.0, 0.0, 0.0, 0.0, 0.0, 0.0, 0.0, 0.0, 0.0, 0.0, 0.0, 0.0, 0.0, 0.0, 0.0, 0.0, 0.0, 0.0, 0.0, 0.0, 0.0, 0.0, 0.0, 0.0, 0.0, 0.0, 0.0, 0.0, 0.0, 0.0, 0.0, 0.0, 0.0, 0.0, 0.0, 0.0, 0.0, 0.0, 0.0, 0.0, 0.0, 0.0, 0.0, 0.0, 0.0, 0.0, 0.0, 0.0, 0.0, 0.0, 0.0, 0.0, 0.0, 0.0, 0.0, 0.0, 0.0, 0.0, 0.0, 0.0, 0.0, 0.0, 0.0, 0.0, 0.0, 0.0, 0.0, 0.0, 0.0, 0.0, 0.0, 0.0, 0.0, 0.0, 0.0, 0.0, 0.0, 0.0, 0.0, 0.0, 0.0, 0.0, 0.0, 0.0, 0.0, 0.0, 0.0, 0.0, 0.0, 0.0, 0.0, 0.0, 0.0, 0.0, 0.0, 0.0, 0.0, 0.0, 0.0, 0.0, 0.0, 0.0, 0.0, 0.0, 0.0, 0.0, 0.0, 0.0, 0.0, 0.0, 0.0, 0.0, 0.0, 0.0, 0.0, 0.0, 0.0, 0.0, 0.0, 0.0, 0.0, 0.0, 0.0, 0.0, 0.0, 0.0, 0.0, 0.0, 0.0, 0.0, 0.0, 0.0, 0.0, 0.0, 0.0, 0.0, 0.0, 0.0, 0.0, 0.0, 0.0, 0.0, 0.0, 0.0, 0.0, 0.0, 0.0, 0.0, 0.0, 0.0, 0.0, 0.0, 0.0, 0.0, 0.0, 0.0, 0.0, 0.0, 0.0, 0.0, 0.0, 0.0, 0.0, 0.0, 0.0, 0.0, 0.0, 0.0, 0.0, 0.0, 0.0, 0.0, 0.0, 0.0, 0.0, 0.0, 0.0, 0.0, 0.0, 0.0, 0.0, 0.0, 0.0, 0.0, 0.0, 0.0, 0.0, 0.0, 0.0, 0.0, 0.0, 0.0, 0.0, 0.0, 0.0, 0.0, 0.0, 0.0, 0.0, 0.0, 0.0, 0.0, 0.0, 0.0, 0.0, 0.0, 0.0, 0.0, 0.0, 0.0, 0.0, 0.0, 0.0, 0.0, 0.0, 0.0, 0.0, 0.0, 0.0, 0.0, 0.0, 0.0, 0.0, 0.0, 0.0, 0.0, 0.0, 0.0, 0.0, 0.0, 0.0, 0.0, 0.0, 0.0, 0.0, 0.0, 0.0, 0.0, 0.0, 0.0, 0.0, 0.0, 0.0, 0.0, 0.0, 0.0, 0.0, 0.0, 0.0, 0.0, 0.0, 0.0, 0.0, 0.0, 0.0, 0.0, 0.0, 0.0, 0.0, 0.0, 0.0, 0.0, 0.0, 0.0, 0.0, 0.0, 0.0, 0.0, 0.0, 0.0, 0.0, 0.0, 0.0, 0.0, 0.0]
cong_K= Any[1, 1, 1, 1, 1, 1, 1, 1, 1, 1, 1, 1, 1, 1, 1, 1, 1, 1, 1, 1, 1, 1, 1, 1, 1, 1, 1, 1, 1, 1, 1, 1, 1, 1, 1, 1, 1, 1, 1] 
obj_k= Any[319012, 313385, 307993, 307025, 304159, 297304, 291420, 286111, 284937, 283348, 282904, 282733, 282533, 281763, 281486, 280764, 279951, 279937, 278296, 277577, 276982, 275577, 274113, 272394, 272345, 271954, 271020, 270668, 270253, 270197, 269983, 269960, 269803, 269788, 269758, 269584, 269287, 269058, 268992] 
iter_obj = Any[1, 2, 3, 4, 5, 6, 8, 9, 11, 12, 13, 14, 16, 17, 18, 20, 22, 23, 24, 25, 28, 29, 31, 35, 41, 48, 49, 57, 59, 77, 86, 93, 98, 138, 145, 151, 165, 182, 186] 
avgClusterDiam = 1923.3333333333333 
maxClusterDiam = 2239.0 
clusterDiamete = [1941.0; 1854.0; 2087.0; 2191.0; 1719.0; 1936.0; 1960.0; 2130.0; 2034.0; 1736.0; 1730.0; 2239.0; 1788.0; 1597.0; 1908.0]   
C = [0, 0, 0, 0, 0, 0, 0, 0, 0, 0, 0, 1, 0, 0, 0, 0, 0, 0, 0, 0, 0, 0, 0, 0, 0, 0, 0, 1, 0, 0, 0, 0, 0, 0, 0, 0, 0, 0, 0, 0, 0, 0, 0, 0, 0, 0, 0, 0, 0, 0, 0, 0, 0, 0, 0, 0, 0, 0, 0, 0, 0, 0, 0, 0, 0, 0, 0, 0, 0, 0, 0, 1, 0, 0, 0, 0, 0, 0, 0, 0, 0, 0, 0, 0, 0, 0, 1, 0, 0, 0, 0, 0, 0, 0, 0, 0, 0, 0, 0, 0, 0, 0, 0, 0, 0, 0, 0, 0, 0, 0, 0, 0, 0, 0, 0, 0, 0, 0, 0, 0, 0, 0, 0, 0, 0, 0, 0, 0, 0, 0, 0, 0, 0, 1, 0, 0, 0, 0, 0, 0, 0, 0, 0, 0, 0, 0, 0, 0, 0, 0, 0, 0, 1, 0, 0, 0, 0, 0, 0, 0, 0, 0, 0, 0, 0, 0, 0, 0, 0, 0, 0, 0, 0, 0, 0, 0, 0, 0, 0, 0, 0, 0, 0, 0, 0, 0, 0, 0, 0, 0, 0, 0, 0, 0, 0, 0, 0, 0, 0, 0, 0, 0, 0, 0, 0, 0, 0, 0, 0, 0, 0, 0, 0, 0, 1, 0, 0, 0, 0, 0, 0, 0, 0, 0, 1, 0, 0, 0, 0, 0, 0, 0, 0, 0, 0, 0, 0, 0, 0, 0, 0, 0, 0, 0, 0, 0, 0, 0, 0, 0, 0, 0, 0, 0, 0, 0, 0, 0, 0, 0, 0, 0, 0, 0, 0, 0, 0, 0, 0, 0, 0, 0, 0, 0, 1, 0, 0, 0, 0, 0, 0, 0, 0, 0, 0, 0, 0, 0, 0, 0, 0, 0, 0, 0, 0, 0, 0, 0, 1, 0, 0, 0, 0, 0, 0, 0, 0, 1, 0, 0, 0, 0, 0, 0, 0, 0, 0, 0, 0, 0, 0, 0, 0, 0, 0, 0, 0, 0, 0, 0, 0, 0, 0, 0, 0, 0, 0, 0, 0, 0, 0, 0, 0, 0, 0, 0, 0, 0, 0, 0, 0, 0, 0, 0, 0, 0, 0, 1, 0, 0, 0, 1, 0, 0, 0, 0, 0, 0, 0, 0, 0, 0, 0, 0, 0, 0, 0, 0, 0, 0, 0, 0, 0, 0, 0, 0, 0, 0, 0, 0, 0, 0, 0, 0, 0, 0, 0, 0, 0, 0, 0, 0, 0, 0, 0, 0, 0, 0, 0, 0, 0, 0, 0, 0, 1, 0, 0, 0, 0, 0, 0, 0, 0, 0, 0, 0, 1, 0, 0, 0, 0, 0, 0, 0, 0, 0, 0, 0, 0, 0, 0, 0, 0, 0, 0, 0, 0, 0, 0, 0, 0, 0]
E = [12, 28, 12, 28, 28, 12, 225, 12, 28, 275, 12, 12, 28, 28, 28, 12, 12, 12, 12, 12, 28, 28, 28, 28, 12, 275, 12, 28, 275, 12, 275, 28, 28, 28, 134, 28, 28, 28, 28, 134, 275, 28, 87, 28, 72, 28, 134, 87, 28, 28, 28, 87, 72, 72, 87, 134, 72, 28, 153, 72, 153, 72, 72, 153, 87, 72, 72, 72, 153, 153, 153, 72, 72, 72, 72, 153, 72, 72, 72, 72, 153, 87, 153, 153, 12, 12, 87, 87, 87, 87, 87, 87, 87, 87, 87, 87, 87, 87, 87, 87, 87, 87, 12, 87, 87, 87, 87, 87, 87, 87, 12, 275, 12, 12, 12, 275, 12, 12, 12, 134, 134, 87, 134, 134, 134, 134, 134, 134, 134, 134, 134, 134, 134, 134, 134, 134, 134, 134, 134, 134, 134, 153, 134, 134, 134, 153, 134, 134, 134, 153, 153, 153, 153, 153, 153, 153, 153, 153, 153, 12, 153, 153, 153, 153, 153, 72, 72, 72, 72, 72, 308, 72, 308, 275, 308, 275, 72, 72, 153, 153, 72, 153, 12, 72, 72, 72, 72, 72, 72, 72, 72, 225, 225, 28, 225, 215, 215, 215, 215, 225, 225, 215, 215, 215, 225, 215, 225, 225, 215, 215, 225, 225, 215, 215, 215, 215, 225, 225, 215, 215, 215, 215, 225, 225, 225, 225, 215, 215, 215, 215, 225, 225, 215, 225, 215, 215, 215, 215, 225, 215, 215, 215, 215, 215, 225, 225, 225, 225, 225, 225, 28, 28, 28, 12, 12, 12, 12, 28, 275, 87, 28, 87, 12, 275, 275, 275, 275, 275, 275, 275, 275, 275, 275, 275, 275, 153, 153, 153, 299, 153, 299, 299, 299, 308, 308, 308, 308, 308, 308, 308, 299, 299, 299, 299, 299, 299, 299, 299, 299, 299, 299, 299, 308, 308, 308, 308, 308, 308, 308, 308, 308, 308, 308, 308, 308, 299, 299, 299, 299, 299, 299, 299, 299, 358, 299, 308, 308, 308, 308, 308, 362, 362, 362, 362, 358, 358, 358, 358, 358, 358, 358, 358, 358, 358, 362, 358, 362, 362, 362, 362, 362, 362, 362, 362, 362, 358, 358, 358, 358, 358, 362, 362, 362, 362, 362, 362, 362, 362, 362, 362, 362, 358, 358, 358, 358, 358, 358, 358, 415, 415, 415, 415, 362, 362, 362, 362, 415, 415, 415, 415, 415, 415, 415, 415, 415, 415, 358, 427, 427, 427, 427, 427, 427, 358, 427, 427, 427, 427, 427, 427, 427, 427, 415, 415, 415, 415, 415, 415, 415, 415, 415, 415, 415, 415, 427, 427, 427, 427, 427, 427, 427, 427, 427, 427, 415, 415, 415, 415, 427, 427, 427, 427, 427, 427, 427, 427, 28, 87, 28, 275, 215, 225]
