n° iter       = 600 
neighborhood_structure = [2] 
Prioridad     = 5 
balance       = 0.5 
Len_N         = 9 
N° clusters   = 15 
N° estaciones = 452 
N° mejoras    = 29
N° iter completadas  = 178
1° FO         = 338114.0
FO            = 271301
Centros       = [20, 72, 87, 131, 152, 215, 217, 261, 264, 298, 309, 353, 360, 415, 428]
Objs= Any[338114.0, 332082, 318603, 314624, 308724, 304420, 300500, 299405, 296203, 296203, 294222, 289330, 288162, 288162, 286714, 286714, 286714, 285368, 285004, 285004, 285004, 285004, 285004, 285004, 285004, 284141, 280771, 280771, 280252, 280252, 278482, 278476, 278476, 278476, 277480, 277175, 277175, 277175, 277175, 277175, 277175, 277175, 277175, 274550, 274550, 274228, 274228, 274228, 273277, 273277, 273277, 273277, 273277, 273277, 273277, 273277, 273277, 273277, 273277, 273277, 273277, 273277, 273277, 273277, 273277, 273277, 273277, 273277, 273277, 273277, 273277, 273277, 273277, 273277, 273277, 273277, 273277, 273277, 273277, 273277, 273277, 273277, 273277, 273277, 273277, 273277, 273277, 271945, 271945, 271945, 271945, 271945, 271945, 271945, 271747, 271747, 271747, 271747, 271747, 271747, 271747, 271747, 271747, 271543, 271543, 271543, 271543, 271543, 271543, 271543, 271543, 271543, 271543, 271543, 271543, 271543, 271543, 271543, 271543, 271543, 271543, 271543, 271543, 271543, 271543, 271543, 271543, 271543, 271543, 271543, 271543, 271543, 271543, 271543, 271543, 271543, 271543, 271543, 271543, 271543, 271543, 271543, 271543, 271543, 271543, 271543, 271543, 271543, 271492, 271492, 271492, 271492, 271492, 271492, 271301, 271301, 271301, 271301, 271301, 271301, 271301, 271301, 271301, 271301, 271301, 271301, 271301, 271301, 271301, 271301, 271301, 271301, 271301, 271301, 271301, 271301, 271301, 271301, 271301]
current_obj = [332082.0, 318603.0, 314624.0, 308724.0, 304420.0, 300500.0, 299405.0, 296203.0, 300082.0, 294222.0, 289330.0, 288162.0, 288528.0, 286714.0, 287234.0, 292708.0, 285368.0, 285004.0, 287218.0, 286762.0, 286019.0, 288044.0, 288705.0, 286867.0, 284141.0, 280771.0, 281071.0, 280252.0, 280689.0, 278482.0, 278476.0, 279962.0, 282085.0, 277480.0, 277175.0, 279761.0, 278094.0, 279652.0, 277392.0, 279596.0, 278416.0, 278770.0, 274550.0, 278026.0, 274228.0, 279828.0, 275399.0, 273277.0, 276049.0, 273773.0, 273962.0, 273888.0, 275478.0, 274524.0, 274147.0, 276553.0, 275742.0, 279804.0, 274697.0, 277081.0, 278868.0, 274813.0, 274481.0, 277620.0, 274985.0, 275203.0, 275232.0, 274474.0, 273538.0, 275406.0, 276875.0, 274625.0, 280406.0, 275880.0, 274050.0, 275387.0, 274558.0, 274219.0, 276519.0, 275148.0, 276667.0, 277576.0, 274366.0, 274265.0, 273434.0, 274399.0, 271945.0, 274173.0, 276429.0, 274932.0, 273809.0, 273025.0, 276472.0, 271747.0, 271776.0, 273768.0, 275525.0, 273674.0, 273794.0, 276602.0, 272443.0, 272623.0, 271543.0, 272841.0, 272192.0, 272528.0, 273199.0, 274735.0, 274200.0, 272620.0, 272538.0, 272325.0, 273360.0, 272747.0, 278383.0, 274112.0, 275101.0, 276382.0, 272861.0, 272628.0, 275533.0, 272817.0, 277987.0, 274209.0, 275191.0, 274469.0, 276458.0, 278399.0, 273687.0, 275531.0, 276334.0, 277748.0, 277447.0, 273161.0, 275307.0, 272709.0, 272147.0, 276473.0, 275809.0, 276393.0, 277208.0, 275575.0, 272507.0, 272306.0, 273576.0, 274901.0, 271715.0, 271492.0, 274068.0, 271877.0, 271798.0, 276304.0, 275569.0, 271301.0, 272820.0, 274057.0, 272969.0, 275579.0, 273359.0, 272045.0, 275410.0, 276585.0, 276994.0, 273811.0, 273595.0, 277771.0, 274342.0, 274204.0, 272190.0, 274447.0, 273675.0, 274757.0, 272727.0, 272702.0, 272973.0, 272466.0, 271921.0, 272555.0, 276223.0, 0.0, 0.0, 0.0, 0.0, 0.0, 0.0, 0.0, 0.0, 0.0, 0.0, 0.0, 0.0, 0.0, 0.0, 0.0, 0.0, 0.0, 0.0, 0.0, 0.0, 0.0, 0.0, 0.0, 0.0, 0.0, 0.0, 0.0, 0.0, 0.0, 0.0, 0.0, 0.0, 0.0, 0.0, 0.0, 0.0, 0.0, 0.0, 0.0, 0.0, 0.0, 0.0, 0.0, 0.0, 0.0, 0.0, 0.0, 0.0, 0.0, 0.0, 0.0, 0.0, 0.0, 0.0, 0.0, 0.0, 0.0, 0.0, 0.0, 0.0, 0.0, 0.0, 0.0, 0.0, 0.0, 0.0, 0.0, 0.0, 0.0, 0.0, 0.0, 0.0, 0.0, 0.0, 0.0, 0.0, 0.0, 0.0, 0.0, 0.0, 0.0, 0.0, 0.0, 0.0, 0.0, 0.0, 0.0, 0.0, 0.0, 0.0, 0.0, 0.0, 0.0, 0.0, 0.0, 0.0, 0.0, 0.0, 0.0, 0.0, 0.0, 0.0, 0.0, 0.0, 0.0, 0.0, 0.0, 0.0, 0.0, 0.0, 0.0, 0.0, 0.0, 0.0, 0.0, 0.0, 0.0, 0.0, 0.0, 0.0, 0.0, 0.0, 0.0, 0.0, 0.0, 0.0, 0.0, 0.0, 0.0, 0.0, 0.0, 0.0, 0.0, 0.0, 0.0, 0.0, 0.0, 0.0, 0.0, 0.0, 0.0, 0.0, 0.0, 0.0, 0.0, 0.0, 0.0, 0.0, 0.0, 0.0, 0.0, 0.0, 0.0, 0.0, 0.0, 0.0, 0.0, 0.0, 0.0, 0.0, 0.0, 0.0, 0.0, 0.0, 0.0, 0.0, 0.0, 0.0, 0.0, 0.0, 0.0, 0.0, 0.0, 0.0, 0.0, 0.0, 0.0, 0.0, 0.0, 0.0, 0.0, 0.0, 0.0, 0.0, 0.0, 0.0, 0.0, 0.0, 0.0, 0.0, 0.0, 0.0, 0.0, 0.0, 0.0, 0.0, 0.0, 0.0, 0.0, 0.0, 0.0, 0.0, 0.0, 0.0, 0.0, 0.0, 0.0, 0.0, 0.0, 0.0, 0.0, 0.0, 0.0, 0.0, 0.0, 0.0, 0.0, 0.0, 0.0, 0.0, 0.0, 0.0, 0.0, 0.0, 0.0, 0.0, 0.0, 0.0, 0.0, 0.0, 0.0, 0.0, 0.0, 0.0, 0.0, 0.0, 0.0, 0.0, 0.0, 0.0, 0.0, 0.0, 0.0, 0.0, 0.0, 0.0, 0.0, 0.0, 0.0, 0.0, 0.0, 0.0, 0.0, 0.0, 0.0, 0.0, 0.0, 0.0, 0.0, 0.0, 0.0, 0.0, 0.0, 0.0, 0.0, 0.0, 0.0, 0.0, 0.0, 0.0, 0.0, 0.0, 0.0, 0.0, 0.0, 0.0, 0.0, 0.0, 0.0, 0.0, 0.0, 0.0, 0.0, 0.0, 0.0, 0.0, 0.0, 0.0, 0.0, 0.0, 0.0, 0.0, 0.0, 0.0, 0.0, 0.0, 0.0, 0.0, 0.0, 0.0, 0.0, 0.0, 0.0, 0.0, 0.0, 0.0, 0.0, 0.0, 0.0, 0.0, 0.0, 0.0, 0.0, 0.0, 0.0, 0.0, 0.0, 0.0, 0.0, 0.0, 0.0, 0.0, 0.0, 0.0, 0.0, 0.0, 0.0, 0.0, 0.0, 0.0, 0.0, 0.0, 0.0, 0.0, 0.0, 0.0, 0.0, 0.0, 0.0, 0.0, 0.0, 0.0, 0.0, 0.0, 0.0, 0.0, 0.0, 0.0, 0.0, 0.0, 0.0, 0.0, 0.0, 0.0, 0.0, 0.0, 0.0, 0.0, 0.0, 0.0, 0.0, 0.0, 0.0, 0.0, 0.0, 0.0, 0.0, 0.0, 0.0, 0.0, 0.0, 0.0, 0.0, 0.0, 0.0, 0.0, 0.0, 0.0, 0.0, 0.0, 0.0, 0.0, 0.0, 0.0, 0.0, 0.0, 0.0, 0.0, 0.0, 0.0, 0.0, 0.0, 0.0, 0.0, 0.0, 0.0, 0.0, 0.0, 0.0, 0.0, 0.0, 0.0, 0.0, 0.0, 0.0, 0.0, 0.0, 0.0, 0.0, 0.0, 0.0, 0.0, 0.0, 0.0, 0.0, 0.0, 0.0, 0.0, 0.0, 0.0, 0.0]
cong_K= Any[2, 2, 2, 2, 2, 2, 2, 2, 2, 2, 2, 2, 2, 2, 2, 2, 2, 2, 2, 2, 2, 2, 2, 2, 2, 2, 2, 2, 2] 
obj_k= Any[332082, 318603, 314624, 308724, 304420, 300500, 299405, 296203, 294222, 289330, 288162, 286714, 285368, 285004, 284141, 280771, 280252, 278482, 278476, 277480, 277175, 274550, 274228, 273277, 271945, 271747, 271543, 271492, 271301] 
iter_obj = Any[1, 2, 3, 4, 5, 6, 7, 8, 10, 11, 12, 14, 17, 18, 25, 26, 28, 30, 31, 34, 35, 43, 45, 48, 87, 94, 103, 148, 154] 
avgClusterDiam = 1988.8666666666666 
maxClusterDiam = 2321.0 
clusterDiamete = [2259.0; 2239.0; 2152.0; 2321.0; 1986.0; 1960.0; 1629.0; 1809.0; 2034.0; 2077.0; 1663.0; 1712.0; 2239.0; 2015.0; 1738.0]   
C = [0, 0, 0, 0, 0, 0, 0, 0, 0, 0, 0, 0, 0, 0, 0, 0, 0, 0, 0, 1, 0, 0, 0, 0, 0, 0, 0, 0, 0, 0, 0, 0, 0, 0, 0, 0, 0, 0, 0, 0, 0, 0, 0, 0, 0, 0, 0, 0, 0, 0, 0, 0, 0, 0, 0, 0, 0, 0, 0, 0, 0, 0, 0, 0, 0, 0, 0, 0, 0, 0, 0, 1, 0, 0, 0, 0, 0, 0, 0, 0, 0, 0, 0, 0, 0, 0, 1, 0, 0, 0, 0, 0, 0, 0, 0, 0, 0, 0, 0, 0, 0, 0, 0, 0, 0, 0, 0, 0, 0, 0, 0, 0, 0, 0, 0, 0, 0, 0, 0, 0, 0, 0, 0, 0, 0, 0, 0, 0, 0, 0, 1, 0, 0, 0, 0, 0, 0, 0, 0, 0, 0, 0, 0, 0, 0, 0, 0, 0, 0, 0, 0, 1, 0, 0, 0, 0, 0, 0, 0, 0, 0, 0, 0, 0, 0, 0, 0, 0, 0, 0, 0, 0, 0, 0, 0, 0, 0, 0, 0, 0, 0, 0, 0, 0, 0, 0, 0, 0, 0, 0, 0, 0, 0, 0, 0, 0, 0, 0, 0, 0, 0, 0, 0, 0, 0, 0, 0, 0, 0, 0, 0, 0, 0, 0, 1, 0, 1, 0, 0, 0, 0, 0, 0, 0, 0, 0, 0, 0, 0, 0, 0, 0, 0, 0, 0, 0, 0, 0, 0, 0, 0, 0, 0, 0, 0, 0, 0, 0, 0, 0, 0, 0, 0, 0, 0, 0, 0, 0, 0, 0, 1, 0, 0, 1, 0, 0, 0, 0, 0, 0, 0, 0, 0, 0, 0, 0, 0, 0, 0, 0, 0, 0, 0, 0, 0, 0, 0, 0, 0, 0, 0, 0, 0, 0, 0, 0, 0, 1, 0, 0, 0, 0, 0, 0, 0, 0, 0, 0, 1, 0, 0, 0, 0, 0, 0, 0, 0, 0, 0, 0, 0, 0, 0, 0, 0, 0, 0, 0, 0, 0, 0, 0, 0, 0, 0, 0, 0, 0, 0, 0, 0, 0, 0, 0, 0, 0, 0, 0, 0, 0, 0, 0, 1, 0, 0, 0, 0, 0, 0, 1, 0, 0, 0, 0, 0, 0, 0, 0, 0, 0, 0, 0, 0, 0, 0, 0, 0, 0, 0, 0, 0, 0, 0, 0, 0, 0, 0, 0, 0, 0, 0, 0, 0, 0, 0, 0, 0, 0, 0, 0, 0, 0, 0, 0, 0, 0, 0, 0, 0, 0, 0, 0, 0, 0, 1, 0, 0, 0, 0, 0, 0, 0, 0, 0, 0, 0, 0, 1, 0, 0, 0, 0, 0, 0, 0, 0, 0, 0, 0, 0, 0, 0, 0, 0, 0, 0, 0, 0, 0, 0, 0, 0]
E = [20, 261, 20, 261, 261, 20, 261, 20, 261, 264, 20, 20, 261, 261, 261, 20, 20, 20, 20, 20, 261, 261, 261, 20, 131, 264, 20, 261, 264, 20, 264, 261, 131, 131, 131, 261, 261, 261, 131, 131, 264, 131, 87, 261, 131, 261, 131, 87, 261, 261, 131, 87, 72, 72, 87, 131, 72, 152, 152, 72, 152, 72, 72, 152, 87, 72, 72, 72, 152, 152, 152, 72, 72, 72, 72, 152, 72, 72, 72, 152, 152, 87, 152, 152, 20, 20, 87, 87, 87, 87, 87, 87, 87, 87, 87, 87, 87, 87, 87, 87, 87, 87, 20, 87, 87, 87, 20, 87, 87, 87, 20, 20, 20, 20, 20, 264, 20, 20, 20, 20, 131, 87, 131, 131, 131, 131, 131, 131, 131, 131, 131, 131, 131, 131, 131, 131, 131, 131, 131, 131, 131, 152, 131, 131, 131, 152, 131, 131, 131, 152, 152, 152, 152, 152, 152, 152, 152, 152, 152, 20, 152, 152, 152, 152, 152, 72, 72, 72, 72, 72, 72, 72, 309, 264, 152, 264, 72, 72, 152, 152, 72, 72, 20, 72, 72, 72, 72, 72, 72, 72, 72, 217, 217, 261, 217, 215, 215, 215, 215, 217, 217, 215, 215, 215, 217, 215, 217, 217, 215, 215, 217, 217, 215, 215, 215, 215, 217, 217, 215, 215, 215, 215, 215, 217, 217, 217, 215, 215, 215, 215, 215, 217, 215, 217, 215, 215, 215, 215, 217, 215, 215, 215, 215, 215, 217, 217, 217, 217, 217, 217, 261, 261, 261, 264, 20, 20, 20, 261, 264, 87, 261, 87, 20, 264, 264, 264, 264, 264, 264, 264, 264, 264, 264, 264, 264, 298, 298, 298, 298, 298, 298, 298, 298, 309, 309, 309, 309, 309, 309, 298, 298, 298, 298, 298, 298, 298, 298, 298, 298, 298, 298, 298, 309, 309, 309, 309, 309, 309, 309, 309, 309, 309, 309, 309, 309, 298, 298, 298, 298, 298, 298, 298, 298, 298, 298, 309, 309, 309, 309, 309, 309, 353, 309, 353, 360, 360, 360, 360, 360, 360, 360, 360, 360, 360, 353, 360, 353, 353, 353, 353, 353, 353, 353, 353, 353, 360, 360, 360, 360, 360, 353, 353, 353, 353, 353, 353, 353, 353, 353, 353, 353, 360, 360, 360, 360, 360, 360, 360, 415, 415, 415, 415, 415, 353, 353, 415, 415, 415, 415, 415, 415, 415, 415, 415, 415, 415, 360, 428, 360, 360, 360, 428, 428, 360, 428, 428, 428, 428, 428, 428, 428, 428, 415, 415, 415, 415, 415, 415, 415, 415, 415, 415, 415, 415, 428, 428, 428, 428, 428, 428, 428, 428, 415, 415, 415, 415, 415, 415, 415, 428, 428, 428, 428, 428, 428, 428, 261, 87, 261, 264, 215, 217]
