n° iter       = 600 
neighborhood_structure = [1] 
Prioridad     = 5 
balance       = 0.5 
Len_N         = 3 
N° clusters   = 15 
N° estaciones = 452 
N° mejoras    = 43
N° iter completadas  = 192
1° FO         = 337773.0
FO            = 274165
Centros       = [8, 16, 44, 78, 95, 141, 212, 221, 264, 293, 309, 358, 362, 415, 428]
Objs= Any[337773.0, 335711, 331046, 330532, 329697, 321299, 319048, 319048, 315947, 313984, 312351, 308271, 304788, 304788, 304788, 303561, 303561, 303561, 301403, 301235, 301235, 297148, 294201, 294201, 292044, 291567, 291567, 291567, 291567, 291567, 291567, 291567, 291567, 291414, 291414, 288807, 288807, 287993, 286423, 286423, 286423, 285085, 285085, 285085, 285085, 283486, 283486, 283486, 283486, 283486, 282794, 282794, 282794, 282794, 281851, 281400, 280208, 280208, 279529, 279529, 279529, 279052, 279052, 279052, 279052, 279052, 279052, 279052, 279052, 279052, 278284, 278284, 278284, 278284, 278284, 278284, 278284, 278078, 278078, 278078, 278078, 278078, 277788, 277788, 277788, 277788, 277788, 277788, 277788, 277788, 277788, 277788, 277788, 277788, 276647, 276647, 276647, 276647, 276647, 276647, 276647, 276033, 276033, 276033, 276033, 276033, 276033, 276033, 276033, 275784, 275784, 275784, 275688, 275688, 275688, 275688, 275688, 275688, 275688, 275616, 275616, 275616, 275616, 274820, 274820, 274820, 274820, 274820, 274820, 274820, 274820, 274396, 274396, 274396, 274396, 274396, 274396, 274348, 274348, 274348, 274348, 274348, 274348, 274348, 274348, 274348, 274348, 274348, 274348, 274348, 274348, 274348, 274348, 274348, 274348, 274186, 274186, 274186, 274186, 274186, 274186, 274186, 274186, 274186, 274186, 274186, 274186, 274165, 274165, 274165, 274165, 274165, 274165, 274165, 274165, 274165, 274165, 274165, 274165, 274165, 274165, 274165, 274165, 274165, 274165, 274165, 274165, 274165, 274165, 274165, 274165, 274165, 274165]
current_obj = [335711.0, 331046.0, 330532.0, 329697.0, 321299.0, 319048.0, 321078.0, 315947.0, 313984.0, 312351.0, 308271.0, 304788.0, 305518.0, 307860.0, 303561.0, 304369.0, 304198.0, 301403.0, 301235.0, 301627.0, 297148.0, 294201.0, 297593.0, 292044.0, 291567.0, 291970.0, 292621.0, 292361.0, 293180.0, 292306.0, 292178.0, 293815.0, 291414.0, 294618.0, 288807.0, 291593.0, 287993.0, 286423.0, 290203.0, 288235.0, 285085.0, 289791.0, 288357.0, 285380.0, 283486.0, 284594.0, 283521.0, 284981.0, 285567.0, 282794.0, 283646.0, 284142.0, 284257.0, 281851.0, 281400.0, 280208.0, 280470.0, 279529.0, 281681.0, 280779.0, 279052.0, 279273.0, 279835.0, 280622.0, 280226.0, 281982.0, 282417.0, 280288.0, 279261.0, 278284.0, 282528.0, 278352.0, 279458.0, 280324.0, 280425.0, 278312.0, 278078.0, 279931.0, 278974.0, 279404.0, 278695.0, 277788.0, 280504.0, 283000.0, 278141.0, 278549.0, 277867.0, 277848.0, 278063.0, 279602.0, 277980.0, 278228.0, 284361.0, 276647.0, 277867.0, 276653.0, 277339.0, 277166.0, 277867.0, 277522.0, 276033.0, 276314.0, 278421.0, 277450.0, 277186.0, 278141.0, 277413.0, 276041.0, 275784.0, 276295.0, 278998.0, 275688.0, 281115.0, 276460.0, 278801.0, 279286.0, 277415.0, 279522.0, 275616.0, 276930.0, 276246.0, 275663.0, 274820.0, 275314.0, 275306.0, 278318.0, 275690.0, 275569.0, 278358.0, 275837.0, 274396.0, 275849.0, 277590.0, 279875.0, 277595.0, 276906.0, 274348.0, 278158.0, 275915.0, 274655.0, 274908.0, 275801.0, 275310.0, 274773.0, 274376.0, 278509.0, 276597.0, 275553.0, 275071.0, 276469.0, 276347.0, 275553.0, 274908.0, 275071.0, 274186.0, 280795.0, 279328.0, 277389.0, 281620.0, 281565.0, 274869.0, 279395.0, 279846.0, 276835.0, 276111.0, 274611.0, 274165.0, 275044.0, 274625.0, 275875.0, 277089.0, 274452.0, 277368.0, 274933.0, 276930.0, 275224.0, 274503.0, 276110.0, 274666.0, 275281.0, 274193.0, 275806.0, 278780.0, 275044.0, 275770.0, 277742.0, 274589.0, 274642.0, 276239.0, 277364.0, 278063.0, 275924.0, 275140.0, 0.0, 0.0, 0.0, 0.0, 0.0, 0.0, 0.0, 0.0, 0.0, 0.0, 0.0, 0.0, 0.0, 0.0, 0.0, 0.0, 0.0, 0.0, 0.0, 0.0, 0.0, 0.0, 0.0, 0.0, 0.0, 0.0, 0.0, 0.0, 0.0, 0.0, 0.0, 0.0, 0.0, 0.0, 0.0, 0.0, 0.0, 0.0, 0.0, 0.0, 0.0, 0.0, 0.0, 0.0, 0.0, 0.0, 0.0, 0.0, 0.0, 0.0, 0.0, 0.0, 0.0, 0.0, 0.0, 0.0, 0.0, 0.0, 0.0, 0.0, 0.0, 0.0, 0.0, 0.0, 0.0, 0.0, 0.0, 0.0, 0.0, 0.0, 0.0, 0.0, 0.0, 0.0, 0.0, 0.0, 0.0, 0.0, 0.0, 0.0, 0.0, 0.0, 0.0, 0.0, 0.0, 0.0, 0.0, 0.0, 0.0, 0.0, 0.0, 0.0, 0.0, 0.0, 0.0, 0.0, 0.0, 0.0, 0.0, 0.0, 0.0, 0.0, 0.0, 0.0, 0.0, 0.0, 0.0, 0.0, 0.0, 0.0, 0.0, 0.0, 0.0, 0.0, 0.0, 0.0, 0.0, 0.0, 0.0, 0.0, 0.0, 0.0, 0.0, 0.0, 0.0, 0.0, 0.0, 0.0, 0.0, 0.0, 0.0, 0.0, 0.0, 0.0, 0.0, 0.0, 0.0, 0.0, 0.0, 0.0, 0.0, 0.0, 0.0, 0.0, 0.0, 0.0, 0.0, 0.0, 0.0, 0.0, 0.0, 0.0, 0.0, 0.0, 0.0, 0.0, 0.0, 0.0, 0.0, 0.0, 0.0, 0.0, 0.0, 0.0, 0.0, 0.0, 0.0, 0.0, 0.0, 0.0, 0.0, 0.0, 0.0, 0.0, 0.0, 0.0, 0.0, 0.0, 0.0, 0.0, 0.0, 0.0, 0.0, 0.0, 0.0, 0.0, 0.0, 0.0, 0.0, 0.0, 0.0, 0.0, 0.0, 0.0, 0.0, 0.0, 0.0, 0.0, 0.0, 0.0, 0.0, 0.0, 0.0, 0.0, 0.0, 0.0, 0.0, 0.0, 0.0, 0.0, 0.0, 0.0, 0.0, 0.0, 0.0, 0.0, 0.0, 0.0, 0.0, 0.0, 0.0, 0.0, 0.0, 0.0, 0.0, 0.0, 0.0, 0.0, 0.0, 0.0, 0.0, 0.0, 0.0, 0.0, 0.0, 0.0, 0.0, 0.0, 0.0, 0.0, 0.0, 0.0, 0.0, 0.0, 0.0, 0.0, 0.0, 0.0, 0.0, 0.0, 0.0, 0.0, 0.0, 0.0, 0.0, 0.0, 0.0, 0.0, 0.0, 0.0, 0.0, 0.0, 0.0, 0.0, 0.0, 0.0, 0.0, 0.0, 0.0, 0.0, 0.0, 0.0, 0.0, 0.0, 0.0, 0.0, 0.0, 0.0, 0.0, 0.0, 0.0, 0.0, 0.0, 0.0, 0.0, 0.0, 0.0, 0.0, 0.0, 0.0, 0.0, 0.0, 0.0, 0.0, 0.0, 0.0, 0.0, 0.0, 0.0, 0.0, 0.0, 0.0, 0.0, 0.0, 0.0, 0.0, 0.0, 0.0, 0.0, 0.0, 0.0, 0.0, 0.0, 0.0, 0.0, 0.0, 0.0, 0.0, 0.0, 0.0, 0.0, 0.0, 0.0, 0.0, 0.0, 0.0, 0.0, 0.0, 0.0, 0.0, 0.0, 0.0, 0.0, 0.0, 0.0, 0.0, 0.0, 0.0, 0.0, 0.0, 0.0, 0.0, 0.0, 0.0, 0.0, 0.0, 0.0, 0.0, 0.0, 0.0, 0.0, 0.0, 0.0, 0.0, 0.0, 0.0, 0.0, 0.0, 0.0, 0.0, 0.0, 0.0, 0.0, 0.0, 0.0, 0.0, 0.0, 0.0, 0.0, 0.0, 0.0, 0.0, 0.0, 0.0, 0.0, 0.0, 0.0, 0.0, 0.0, 0.0, 0.0, 0.0, 0.0, 0.0, 0.0, 0.0, 0.0, 0.0, 0.0, 0.0, 0.0, 0.0, 0.0, 0.0, 0.0, 0.0, 0.0, 0.0, 0.0, 0.0, 0.0, 0.0, 0.0, 0.0, 0.0, 0.0, 0.0]
cong_K= Any[1, 1, 1, 1, 1, 1, 1, 1, 1, 1, 1, 1, 1, 1, 1, 1, 1, 1, 1, 1, 1, 1, 1, 1, 1, 1, 1, 1, 1, 1, 1, 1, 1, 1, 1, 1, 1, 1, 1, 1, 1, 1, 1] 
obj_k= Any[335711, 331046, 330532, 329697, 321299, 319048, 315947, 313984, 312351, 308271, 304788, 303561, 301403, 301235, 297148, 294201, 292044, 291567, 291414, 288807, 287993, 286423, 285085, 283486, 282794, 281851, 281400, 280208, 279529, 279052, 278284, 278078, 277788, 276647, 276033, 275784, 275688, 275616, 274820, 274396, 274348, 274186, 274165] 
iter_obj = Any[1, 2, 3, 4, 5, 6, 8, 9, 10, 11, 12, 15, 18, 19, 21, 22, 24, 25, 33, 35, 37, 38, 41, 45, 50, 54, 55, 56, 58, 61, 70, 77, 82, 94, 101, 109, 112, 119, 123, 131, 137, 155, 167] 
avgClusterDiam = 2036.7333333333333 
maxClusterDiam = 2675.0 
clusterDiamete = [2675.0; 1820.0; 1801.0; 2542.0; 1779.0; 2302.0; 1971.0; 2263.0; 2291.0; 1975.0; 1538.0; 2239.0; 1788.0; 1829.0; 1738.0]   
C = [0, 0, 0, 0, 0, 0, 0, 1, 0, 0, 0, 0, 0, 0, 0, 1, 0, 0, 0, 0, 0, 0, 0, 0, 0, 0, 0, 0, 0, 0, 0, 0, 0, 0, 0, 0, 0, 0, 0, 0, 0, 0, 0, 1, 0, 0, 0, 0, 0, 0, 0, 0, 0, 0, 0, 0, 0, 0, 0, 0, 0, 0, 0, 0, 0, 0, 0, 0, 0, 0, 0, 0, 0, 0, 0, 0, 0, 1, 0, 0, 0, 0, 0, 0, 0, 0, 0, 0, 0, 0, 0, 0, 0, 0, 1, 0, 0, 0, 0, 0, 0, 0, 0, 0, 0, 0, 0, 0, 0, 0, 0, 0, 0, 0, 0, 0, 0, 0, 0, 0, 0, 0, 0, 0, 0, 0, 0, 0, 0, 0, 0, 0, 0, 0, 0, 0, 0, 0, 0, 0, 1, 0, 0, 0, 0, 0, 0, 0, 0, 0, 0, 0, 0, 0, 0, 0, 0, 0, 0, 0, 0, 0, 0, 0, 0, 0, 0, 0, 0, 0, 0, 0, 0, 0, 0, 0, 0, 0, 0, 0, 0, 0, 0, 0, 0, 0, 0, 0, 0, 0, 0, 0, 0, 0, 0, 0, 0, 0, 0, 0, 0, 0, 0, 0, 0, 0, 0, 0, 0, 0, 0, 1, 0, 0, 0, 0, 0, 0, 0, 0, 1, 0, 0, 0, 0, 0, 0, 0, 0, 0, 0, 0, 0, 0, 0, 0, 0, 0, 0, 0, 0, 0, 0, 0, 0, 0, 0, 0, 0, 0, 0, 0, 0, 0, 0, 0, 0, 0, 0, 0, 0, 0, 0, 1, 0, 0, 0, 0, 0, 0, 0, 0, 0, 0, 0, 0, 0, 0, 0, 0, 0, 0, 0, 0, 0, 0, 0, 0, 0, 0, 0, 0, 1, 0, 0, 0, 0, 0, 0, 0, 0, 0, 0, 0, 0, 0, 0, 0, 1, 0, 0, 0, 0, 0, 0, 0, 0, 0, 0, 0, 0, 0, 0, 0, 0, 0, 0, 0, 0, 0, 0, 0, 0, 0, 0, 0, 0, 0, 0, 0, 0, 0, 0, 0, 0, 0, 0, 0, 0, 0, 0, 0, 0, 0, 0, 0, 0, 1, 0, 0, 0, 1, 0, 0, 0, 0, 0, 0, 0, 0, 0, 0, 0, 0, 0, 0, 0, 0, 0, 0, 0, 0, 0, 0, 0, 0, 0, 0, 0, 0, 0, 0, 0, 0, 0, 0, 0, 0, 0, 0, 0, 0, 0, 0, 0, 0, 0, 0, 0, 0, 0, 0, 0, 0, 1, 0, 0, 0, 0, 0, 0, 0, 0, 0, 0, 0, 0, 1, 0, 0, 0, 0, 0, 0, 0, 0, 0, 0, 0, 0, 0, 0, 0, 0, 0, 0, 0, 0, 0, 0, 0, 0]
E = [16, 16, 8, 16, 16, 16, 44, 8, 16, 264, 8, 8, 44, 44, 16, 16, 16, 16, 8, 8, 44, 16, 16, 16, 16, 8, 8, 44, 264, 16, 8, 16, 16, 16, 16, 44, 44, 44, 16, 16, 264, 16, 264, 44, 44, 44, 141, 264, 44, 44, 44, 95, 44, 44, 95, 141, 44, 44, 141, 44, 44, 44, 78, 141, 264, 78, 78, 78, 78, 78, 78, 78, 78, 78, 78, 78, 78, 78, 78, 78, 78, 264, 78, 78, 8, 8, 264, 95, 95, 95, 95, 95, 95, 95, 95, 95, 95, 8, 264, 95, 95, 95, 8, 95, 95, 95, 8, 8, 95, 95, 8, 8, 8, 8, 8, 8, 8, 8, 8, 8, 8, 8, 8, 141, 8, 141, 141, 141, 141, 141, 141, 141, 141, 141, 141, 141, 141, 141, 141, 141, 141, 141, 141, 141, 141, 141, 141, 141, 141, 141, 141, 141, 141, 78, 141, 141, 78, 141, 141, 8, 293, 293, 141, 293, 293, 78, 78, 78, 78, 78, 78, 78, 78, 8, 78, 264, 78, 78, 78, 78, 78, 78, 8, 44, 78, 78, 78, 78, 78, 78, 78, 212, 221, 16, 212, 212, 221, 221, 221, 212, 212, 221, 221, 212, 212, 221, 212, 212, 221, 221, 212, 212, 221, 221, 221, 221, 212, 212, 221, 221, 221, 221, 212, 212, 212, 212, 221, 221, 221, 221, 212, 212, 221, 212, 221, 221, 221, 221, 212, 221, 221, 221, 221, 212, 212, 212, 212, 16, 16, 212, 16, 16, 16, 264, 8, 8, 16, 44, 264, 264, 44, 95, 8, 264, 264, 264, 264, 264, 264, 264, 264, 264, 264, 264, 264, 293, 293, 293, 293, 293, 293, 293, 293, 309, 309, 309, 309, 309, 309, 293, 293, 293, 293, 293, 293, 293, 293, 293, 293, 293, 293, 293, 293, 309, 309, 309, 309, 309, 309, 309, 309, 309, 309, 309, 309, 293, 293, 293, 293, 293, 293, 293, 293, 358, 358, 309, 309, 309, 309, 309, 309, 362, 362, 362, 358, 358, 358, 358, 358, 358, 358, 358, 358, 358, 362, 358, 362, 362, 362, 362, 362, 362, 362, 362, 362, 358, 358, 358, 358, 358, 362, 362, 362, 362, 362, 362, 362, 362, 362, 362, 415, 358, 358, 358, 358, 358, 358, 358, 415, 415, 415, 415, 362, 362, 362, 362, 415, 415, 415, 415, 415, 415, 415, 415, 415, 415, 358, 428, 358, 358, 358, 428, 428, 358, 428, 428, 428, 428, 428, 428, 428, 428, 415, 415, 415, 415, 415, 415, 415, 415, 415, 415, 415, 415, 428, 428, 428, 428, 428, 428, 428, 428, 415, 415, 415, 415, 415, 415, 415, 428, 428, 428, 428, 428, 428, 428, 44, 95, 44, 264, 221, 212]
