n° iter       = 600 
neighborhood_structure = [3] 
Prioridad     = 5 
balance       = 0.5 
Len_N         = 9 
N° clusters   = 15 
N° estaciones = 452 
N° mejoras    = 25
N° iter completadas  = 174
1° FO         = 319330.0
FO            = 274778
Centros       = [19, 38, 72, 87, 138, 153, 215, 232, 275, 298, 308, 362, 377, 422, 428]
Objs= Any[319330.0, 311067, 311067, 307742, 303302, 298752, 296529, 296529, 296529, 296529, 296529, 294394, 294186, 292448, 290558, 289895, 289895, 288694, 288694, 288694, 288336, 288336, 288336, 288336, 288336, 288336, 286913, 286913, 286913, 286913, 286913, 286913, 286913, 286913, 286913, 286913, 286913, 286913, 286913, 286913, 286913, 286913, 286913, 286386, 286386, 286386, 286386, 286386, 286112, 286112, 286112, 286112, 286112, 286112, 286112, 286112, 286112, 286112, 286112, 286112, 286112, 286112, 286112, 284981, 284981, 284981, 284981, 284981, 283447, 283447, 280141, 280141, 280141, 280141, 280141, 280141, 280141, 280068, 280068, 280068, 280068, 280068, 280068, 280068, 280068, 280068, 280068, 280068, 280068, 280068, 280068, 280068, 280068, 280068, 280068, 279727, 279727, 279727, 279727, 279727, 279727, 279727, 279727, 279727, 279727, 279727, 279727, 279727, 279727, 279727, 279727, 279727, 279727, 279727, 278875, 278875, 278875, 278875, 278875, 278875, 277403, 277403, 277403, 277403, 277403, 277113, 277113, 277113, 277113, 277113, 277113, 277113, 277113, 277113, 277113, 277113, 277113, 277113, 277113, 277113, 277113, 277113, 276531, 276531, 276531, 276531, 276531, 276531, 274778, 274778, 274778, 274778, 274778, 274778, 274778, 274778, 274778, 274778, 274778, 274778, 274778, 274778, 274778, 274778, 274778, 274778, 274778, 274778, 274778, 274778, 274778, 274778, 274778, 274778, 274778]
current_obj = [311067.0, 312599.0, 307742.0, 303302.0, 298752.0, 296529.0, 297890.0, 299130.0, 298024.0, 298326.0, 294394.0, 294186.0, 292448.0, 290558.0, 289895.0, 292343.0, 288694.0, 293121.0, 294458.0, 288336.0, 289339.0, 292660.0, 292890.0, 294525.0, 290335.0, 286913.0, 290101.0, 290915.0, 290992.0, 287000.0, 287327.0, 290878.0, 293596.0, 287729.0, 288850.0, 288919.0, 291678.0, 288398.0, 288057.0, 289994.0, 288010.0, 288422.0, 286386.0, 286898.0, 288121.0, 289073.0, 286961.0, 286112.0, 290663.0, 293127.0, 290972.0, 287234.0, 288751.0, 289290.0, 290247.0, 287018.0, 288990.0, 289445.0, 291006.0, 288711.0, 290145.0, 290485.0, 284981.0, 285171.0, 293535.0, 291782.0, 286604.0, 283447.0, 289789.0, 280141.0, 283446.0, 282244.0, 283268.0, 283933.0, 290477.0, 283439.0, 280068.0, 285279.0, 284967.0, 284717.0, 283878.0, 286937.0, 287170.0, 283482.0, 282357.0, 281453.0, 283467.0, 282980.0, 285993.0, 280763.0, 280707.0, 286540.0, 288583.0, 286246.0, 279727.0, 285736.0, 282264.0, 284979.0, 280172.0, 282777.0, 283560.0, 280935.0, 283383.0, 283794.0, 285826.0, 280203.0, 284368.0, 282026.0, 280853.0, 283674.0, 282109.0, 282879.0, 284234.0, 278875.0, 281115.0, 285542.0, 284844.0, 278903.0, 283109.0, 277403.0, 278676.0, 281837.0, 282388.0, 286415.0, 277113.0, 278621.0, 284406.0, 280343.0, 278448.0, 281633.0, 279246.0, 280017.0, 285453.0, 283394.0, 283335.0, 278575.0, 282810.0, 278553.0, 281692.0, 287387.0, 281647.0, 276531.0, 281726.0, 278832.0, 282450.0, 281187.0, 282544.0, 274778.0, 278316.0, 276793.0, 275830.0, 281511.0, 274973.0, 279637.0, 279258.0, 278444.0, 282196.0, 281015.0, 278872.0, 283065.0, 277226.0, 277898.0, 279514.0, 280220.0, 276198.0, 278651.0, 281195.0, 280792.0, 277705.0, 282799.0, 280936.0, 276510.0, 279368.0, 279073.0, 279253.0, 0.0, 0.0, 0.0, 0.0, 0.0, 0.0, 0.0, 0.0, 0.0, 0.0, 0.0, 0.0, 0.0, 0.0, 0.0, 0.0, 0.0, 0.0, 0.0, 0.0, 0.0, 0.0, 0.0, 0.0, 0.0, 0.0, 0.0, 0.0, 0.0, 0.0, 0.0, 0.0, 0.0, 0.0, 0.0, 0.0, 0.0, 0.0, 0.0, 0.0, 0.0, 0.0, 0.0, 0.0, 0.0, 0.0, 0.0, 0.0, 0.0, 0.0, 0.0, 0.0, 0.0, 0.0, 0.0, 0.0, 0.0, 0.0, 0.0, 0.0, 0.0, 0.0, 0.0, 0.0, 0.0, 0.0, 0.0, 0.0, 0.0, 0.0, 0.0, 0.0, 0.0, 0.0, 0.0, 0.0, 0.0, 0.0, 0.0, 0.0, 0.0, 0.0, 0.0, 0.0, 0.0, 0.0, 0.0, 0.0, 0.0, 0.0, 0.0, 0.0, 0.0, 0.0, 0.0, 0.0, 0.0, 0.0, 0.0, 0.0, 0.0, 0.0, 0.0, 0.0, 0.0, 0.0, 0.0, 0.0, 0.0, 0.0, 0.0, 0.0, 0.0, 0.0, 0.0, 0.0, 0.0, 0.0, 0.0, 0.0, 0.0, 0.0, 0.0, 0.0, 0.0, 0.0, 0.0, 0.0, 0.0, 0.0, 0.0, 0.0, 0.0, 0.0, 0.0, 0.0, 0.0, 0.0, 0.0, 0.0, 0.0, 0.0, 0.0, 0.0, 0.0, 0.0, 0.0, 0.0, 0.0, 0.0, 0.0, 0.0, 0.0, 0.0, 0.0, 0.0, 0.0, 0.0, 0.0, 0.0, 0.0, 0.0, 0.0, 0.0, 0.0, 0.0, 0.0, 0.0, 0.0, 0.0, 0.0, 0.0, 0.0, 0.0, 0.0, 0.0, 0.0, 0.0, 0.0, 0.0, 0.0, 0.0, 0.0, 0.0, 0.0, 0.0, 0.0, 0.0, 0.0, 0.0, 0.0, 0.0, 0.0, 0.0, 0.0, 0.0, 0.0, 0.0, 0.0, 0.0, 0.0, 0.0, 0.0, 0.0, 0.0, 0.0, 0.0, 0.0, 0.0, 0.0, 0.0, 0.0, 0.0, 0.0, 0.0, 0.0, 0.0, 0.0, 0.0, 0.0, 0.0, 0.0, 0.0, 0.0, 0.0, 0.0, 0.0, 0.0, 0.0, 0.0, 0.0, 0.0, 0.0, 0.0, 0.0, 0.0, 0.0, 0.0, 0.0, 0.0, 0.0, 0.0, 0.0, 0.0, 0.0, 0.0, 0.0, 0.0, 0.0, 0.0, 0.0, 0.0, 0.0, 0.0, 0.0, 0.0, 0.0, 0.0, 0.0, 0.0, 0.0, 0.0, 0.0, 0.0, 0.0, 0.0, 0.0, 0.0, 0.0, 0.0, 0.0, 0.0, 0.0, 0.0, 0.0, 0.0, 0.0, 0.0, 0.0, 0.0, 0.0, 0.0, 0.0, 0.0, 0.0, 0.0, 0.0, 0.0, 0.0, 0.0, 0.0, 0.0, 0.0, 0.0, 0.0, 0.0, 0.0, 0.0, 0.0, 0.0, 0.0, 0.0, 0.0, 0.0, 0.0, 0.0, 0.0, 0.0, 0.0, 0.0, 0.0, 0.0, 0.0, 0.0, 0.0, 0.0, 0.0, 0.0, 0.0, 0.0, 0.0, 0.0, 0.0, 0.0, 0.0, 0.0, 0.0, 0.0, 0.0, 0.0, 0.0, 0.0, 0.0, 0.0, 0.0, 0.0, 0.0, 0.0, 0.0, 0.0, 0.0, 0.0, 0.0, 0.0, 0.0, 0.0, 0.0, 0.0, 0.0, 0.0, 0.0, 0.0, 0.0, 0.0, 0.0, 0.0, 0.0, 0.0, 0.0, 0.0, 0.0, 0.0, 0.0, 0.0, 0.0, 0.0, 0.0, 0.0, 0.0, 0.0, 0.0, 0.0, 0.0, 0.0, 0.0, 0.0, 0.0, 0.0, 0.0, 0.0, 0.0, 0.0, 0.0, 0.0, 0.0, 0.0, 0.0, 0.0, 0.0, 0.0, 0.0, 0.0, 0.0, 0.0, 0.0, 0.0, 0.0, 0.0, 0.0, 0.0, 0.0, 0.0, 0.0, 0.0, 0.0, 0.0, 0.0, 0.0, 0.0, 0.0, 0.0, 0.0, 0.0, 0.0, 0.0, 0.0, 0.0, 0.0, 0.0, 0.0, 0.0, 0.0, 0.0, 0.0, 0.0]
cong_K= Any[3, 3, 3, 3, 3, 3, 3, 3, 3, 3, 3, 3, 3, 3, 3, 3, 3, 3, 3, 3, 3, 3, 3, 3, 3] 
obj_k= Any[311067, 307742, 303302, 298752, 296529, 294394, 294186, 292448, 290558, 289895, 288694, 288336, 286913, 286386, 286112, 284981, 283447, 280141, 280068, 279727, 278875, 277403, 277113, 276531, 274778] 
iter_obj = Any[1, 3, 4, 5, 6, 11, 12, 13, 14, 15, 17, 20, 26, 43, 48, 63, 68, 70, 77, 95, 114, 120, 125, 142, 148] 
avgClusterDiam = 1960.1333333333334 
maxClusterDiam = 2365.0 
clusterDiamete = [2180.0; 1713.0; 2174.0; 2191.0; 1514.0; 1917.0; 1960.0; 2071.0; 2034.0; 2302.0; 1730.0; 1788.0; 2365.0; 1782.0; 1681.0]   
C = [0, 0, 0, 0, 0, 0, 0, 0, 0, 0, 0, 0, 0, 0, 0, 0, 0, 0, 1, 0, 0, 0, 0, 0, 0, 0, 0, 0, 0, 0, 0, 0, 0, 0, 0, 0, 0, 1, 0, 0, 0, 0, 0, 0, 0, 0, 0, 0, 0, 0, 0, 0, 0, 0, 0, 0, 0, 0, 0, 0, 0, 0, 0, 0, 0, 0, 0, 0, 0, 0, 0, 1, 0, 0, 0, 0, 0, 0, 0, 0, 0, 0, 0, 0, 0, 0, 1, 0, 0, 0, 0, 0, 0, 0, 0, 0, 0, 0, 0, 0, 0, 0, 0, 0, 0, 0, 0, 0, 0, 0, 0, 0, 0, 0, 0, 0, 0, 0, 0, 0, 0, 0, 0, 0, 0, 0, 0, 0, 0, 0, 0, 0, 0, 0, 0, 0, 0, 1, 0, 0, 0, 0, 0, 0, 0, 0, 0, 0, 0, 0, 0, 0, 1, 0, 0, 0, 0, 0, 0, 0, 0, 0, 0, 0, 0, 0, 0, 0, 0, 0, 0, 0, 0, 0, 0, 0, 0, 0, 0, 0, 0, 0, 0, 0, 0, 0, 0, 0, 0, 0, 0, 0, 0, 0, 0, 0, 0, 0, 0, 0, 0, 0, 0, 0, 0, 0, 0, 0, 0, 0, 0, 0, 0, 0, 1, 0, 0, 0, 0, 0, 0, 0, 0, 0, 0, 0, 0, 0, 0, 0, 0, 1, 0, 0, 0, 0, 0, 0, 0, 0, 0, 0, 0, 0, 0, 0, 0, 0, 0, 0, 0, 0, 0, 0, 0, 0, 0, 0, 0, 0, 0, 0, 0, 0, 0, 0, 0, 0, 0, 0, 0, 0, 0, 0, 1, 0, 0, 0, 0, 0, 0, 0, 0, 0, 0, 0, 0, 0, 0, 0, 0, 0, 0, 0, 0, 0, 0, 1, 0, 0, 0, 0, 0, 0, 0, 0, 0, 1, 0, 0, 0, 0, 0, 0, 0, 0, 0, 0, 0, 0, 0, 0, 0, 0, 0, 0, 0, 0, 0, 0, 0, 0, 0, 0, 0, 0, 0, 0, 0, 0, 0, 0, 0, 0, 0, 0, 0, 0, 0, 0, 0, 0, 0, 0, 0, 0, 0, 0, 0, 0, 0, 1, 0, 0, 0, 0, 0, 0, 0, 0, 0, 0, 0, 0, 0, 0, 1, 0, 0, 0, 0, 0, 0, 0, 0, 0, 0, 0, 0, 0, 0, 0, 0, 0, 0, 0, 0, 0, 0, 0, 0, 0, 0, 0, 0, 0, 0, 0, 0, 0, 0, 0, 0, 0, 0, 0, 0, 0, 0, 0, 0, 1, 0, 0, 0, 0, 0, 1, 0, 0, 0, 0, 0, 0, 0, 0, 0, 0, 0, 0, 0, 0, 0, 0, 0, 0, 0, 0, 0, 0, 0, 0]
E = [19, 19, 19, 38, 19, 19, 232, 19, 38, 275, 19, 19, 232, 38, 38, 19, 19, 19, 19, 19, 38, 38, 38, 38, 19, 275, 19, 38, 275, 19, 275, 38, 38, 19, 19, 38, 38, 38, 38, 38, 275, 38, 87, 38, 38, 38, 38, 87, 38, 38, 38, 87, 72, 38, 87, 38, 72, 38, 153, 38, 72, 72, 72, 153, 87, 72, 72, 72, 153, 153, 153, 72, 72, 72, 72, 153, 72, 72, 72, 153, 153, 87, 153, 153, 19, 19, 87, 87, 87, 87, 87, 87, 87, 87, 87, 87, 87, 87, 87, 87, 87, 87, 19, 87, 87, 87, 87, 87, 87, 87, 19, 19, 19, 19, 19, 275, 19, 19, 19, 19, 19, 87, 138, 138, 138, 19, 138, 138, 138, 138, 138, 138, 138, 138, 138, 138, 138, 138, 138, 138, 138, 153, 138, 138, 138, 153, 138, 138, 138, 153, 153, 153, 153, 153, 153, 153, 153, 153, 153, 19, 153, 153, 153, 153, 153, 72, 72, 72, 72, 72, 308, 72, 308, 275, 308, 275, 72, 72, 153, 153, 72, 153, 19, 72, 72, 72, 72, 72, 72, 72, 72, 232, 232, 232, 232, 215, 215, 215, 215, 232, 232, 215, 215, 215, 232, 215, 232, 232, 215, 215, 232, 232, 215, 215, 215, 215, 232, 232, 215, 215, 215, 215, 232, 232, 232, 232, 215, 215, 215, 215, 232, 232, 215, 232, 215, 215, 215, 215, 232, 215, 215, 215, 215, 215, 215, 232, 232, 232, 232, 232, 38, 232, 232, 275, 19, 19, 19, 38, 275, 87, 38, 87, 19, 275, 275, 275, 275, 275, 275, 275, 275, 275, 275, 275, 275, 298, 153, 153, 298, 153, 298, 298, 298, 308, 308, 308, 308, 308, 308, 298, 298, 298, 298, 298, 298, 298, 298, 298, 298, 298, 298, 298, 308, 308, 308, 308, 308, 308, 308, 308, 308, 308, 308, 308, 308, 308, 298, 298, 298, 298, 298, 298, 298, 298, 298, 308, 308, 308, 308, 308, 362, 362, 362, 362, 377, 298, 298, 377, 298, 298, 377, 377, 377, 377, 362, 362, 362, 362, 362, 362, 362, 362, 362, 362, 362, 377, 377, 377, 377, 377, 362, 362, 362, 362, 362, 362, 362, 362, 362, 362, 377, 377, 377, 377, 377, 377, 377, 377, 377, 422, 422, 362, 362, 362, 362, 362, 422, 422, 422, 422, 422, 422, 422, 422, 377, 422, 377, 377, 377, 377, 377, 377, 377, 377, 428, 428, 428, 428, 428, 428, 428, 377, 422, 422, 422, 422, 422, 422, 422, 422, 422, 422, 422, 422, 428, 428, 428, 428, 428, 428, 428, 428, 422, 422, 422, 422, 422, 422, 422, 428, 428, 428, 428, 428, 428, 428, 38, 87, 38, 275, 215, 232]
