n° iter       = 600 
neighborhood_structure = [1 2 3] 
Prioridad     = 5 
balance       = 0.5 
Len_N         = 3 
N° clusters   = 15 
N° estaciones = 452 
N° mejoras    = 42
N° iter completadas  = 540
1° FO         = 321890.0
FO            = 270430
Centros       = [19, 28, 72, 87, 134, 152, 215, 225, 264, 299, 313, 358, 383, 413, 428]
Objs= Any[321890.0, 321144, 319132, 309743, 309743, 305795, 303037, 302929, 301970, 301233, 295079, 290312, 286756, 286756, 286756, 286756, 286756, 286756, 286756, 286756, 286756, 284538, 284538, 282618, 281089, 281089, 281089, 281089, 281089, 281089, 281089, 281089, 281089, 281089, 281089, 280564, 280564, 280564, 279840, 279840, 279840, 279314, 279314, 279314, 279314, 279278, 279278, 279278, 279278, 279278, 278803, 278803, 278669, 278669, 276948, 276948, 276948, 276744, 276628, 276628, 276628, 276628, 276628, 275524, 275524, 275524, 275524, 275524, 275524, 275524, 275040, 275040, 275040, 275040, 275040, 275040, 275040, 275040, 275040, 275040, 275040, 275040, 275040, 275040, 275040, 275040, 275040, 275040, 275040, 274335, 274335, 274335, 274335, 274023, 274023, 274023, 274023, 274023, 274023, 274023, 274023, 274023, 273879, 273202, 273202, 273202, 273202, 273202, 273202, 273202, 273202, 273202, 273202, 273202, 272538, 272538, 272538, 272307, 272307, 272307, 272307, 272307, 272307, 272307, 272307, 272307, 272307, 272307, 272307, 272307, 272307, 272307, 272307, 271948, 271948, 271948, 271948, 271948, 271948, 271948, 271948, 271948, 271948, 271948, 271948, 271948, 271948, 271948, 271948, 271948, 271948, 271948, 271948, 271948, 271563, 271563, 271563, 271563, 271563, 271563, 271563, 271563, 271563, 271563, 271563, 271563, 271563, 271528, 271528, 271528, 271528, 271528, 271528, 271528, 271528, 271528, 271528, 271528, 271528, 271528, 271528, 271528, 271528, 271528, 271528, 271528, 271528, 271528, 271528, 271528, 271528, 271528, 271528, 271528, 271528, 271528, 271528, 271528, 271528, 271528, 271528, 271528, 271528, 271528, 271528, 271528, 271528, 271528, 271528, 271528, 271528, 271528, 271528, 271528, 271528, 271528, 271528, 271528, 271528, 271528, 271528, 271528, 271528, 271528, 271528, 271528, 271528, 271528, 271528, 271528, 271528, 271528, 271528, 271528, 271528, 271528, 271528, 271528, 271528, 271528, 271490, 271490, 271490, 271490, 271490, 271490, 271490, 271490, 271490, 271490, 271490, 271490, 271490, 271490, 271490, 271490, 271490, 271490, 271338, 271338, 271338, 271338, 271338, 271338, 271338, 271338, 271338, 271338, 271338, 271338, 271338, 271338, 271338, 271338, 271338, 271338, 271338, 271338, 271338, 271338, 271338, 271338, 271338, 271338, 271338, 271338, 271338, 271338, 271338, 271338, 271338, 271338, 271338, 271338, 271338, 271290, 271290, 271290, 271290, 271290, 271290, 271290, 271290, 271290, 271290, 271290, 271202, 271202, 271202, 271202, 271202, 271202, 271202, 271202, 271202, 271202, 271202, 271202, 271202, 271202, 271202, 271202, 271202, 271202, 271202, 271202, 271202, 271202, 271202, 271202, 271202, 271202, 271202, 271202, 271202, 271202, 271202, 271202, 271202, 271187, 271187, 271187, 271187, 271187, 271187, 271187, 271187, 271187, 271187, 271187, 271187, 271187, 271187, 271187, 270968, 270968, 270968, 270968, 270968, 270968, 270968, 270968, 270968, 270968, 270968, 270968, 270968, 270968, 270968, 270968, 270968, 270434, 270434, 270434, 270434, 270434, 270434, 270434, 270434, 270434, 270434, 270434, 270434, 270434, 270434, 270434, 270434, 270434, 270434, 270434, 270434, 270430, 270430, 270430, 270430, 270430, 270430, 270430, 270430, 270430, 270430, 270430, 270430, 270430, 270430, 270430, 270430, 270430, 270430, 270430, 270430, 270430, 270430, 270430, 270430, 270430, 270430, 270430, 270430, 270430, 270430, 270430, 270430, 270430, 270430, 270430, 270430, 270430, 270430, 270430, 270430, 270430, 270430, 270430, 270430, 270430, 270430, 270430, 270430, 270430, 270430, 270430, 270430, 270430, 270430, 270430, 270430, 270430, 270430, 270430, 270430, 270430, 270430, 270430, 270430, 270430, 270430, 270430, 270430, 270430, 270430, 270430, 270430, 270430, 270430, 270430, 270430, 270430, 270430, 270430, 270430, 270430, 270430, 270430, 270430, 270430, 270430, 270430, 270430, 270430, 270430, 270430, 270430, 270430, 270430, 270430, 270430, 270430, 270430, 270430, 270430, 270430, 270430, 270430, 270430, 270430, 270430, 270430, 270430, 270430, 270430, 270430, 270430, 270430, 270430, 270430, 270430, 270430, 270430, 270430, 270430, 270430, 270430, 270430, 270430, 270430, 270430, 270430, 270430, 270430, 270430, 270430, 270430, 270430, 270430, 270430, 270430, 270430, 270430, 270430, 270430, 270430, 270430, 270430, 270430, 270430, 270430, 270430, 270430, 270430, 270430]
current_obj = [321144.0, 319132.0, 309743.0, 309781.0, 305795.0, 303037.0, 302929.0, 301970.0, 301233.0, 295079.0, 290312.0, 286756.0, 287772.0, 287575.0, 287872.0, 289128.0, 287017.0, 287082.0, 287390.0, 287016.0, 284538.0, 284951.0, 282618.0, 281089.0, 281830.0, 281664.0, 281283.0, 282333.0, 281295.0, 281234.0, 281159.0, 286270.0, 282248.0, 282377.0, 280564.0, 280950.0, 281226.0, 279840.0, 281821.0, 282747.0, 279314.0, 281669.0, 280208.0, 279679.0, 279278.0, 279824.0, 280495.0, 280054.0, 281782.0, 278803.0, 280977.0, 278669.0, 282443.0, 276948.0, 281995.0, 278878.0, 276744.0, 276628.0, 277242.0, 276688.0, 276665.0, 277439.0, 275524.0, 276771.0, 276539.0, 277826.0, 277336.0, 278125.0, 277114.0, 275040.0, 277086.0, 277010.0, 276148.0, 276002.0, 277894.0, 275219.0, 276771.0, 278018.0, 278746.0, 276054.0, 277672.0, 278831.0, 279402.0, 277996.0, 278541.0, 276396.0, 279162.0, 276936.0, 274335.0, 274451.0, 274712.0, 274570.0, 274023.0, 274796.0, 275349.0, 275706.0, 278402.0, 279195.0, 274335.0, 275220.0, 279233.0, 273879.0, 273202.0, 276606.0, 274627.0, 277752.0, 276192.0, 276723.0, 274808.0, 274401.0, 273312.0, 273203.0, 273651.0, 272538.0, 276222.0, 276674.0, 272307.0, 272805.0, 273181.0, 273137.0, 275110.0, 273504.0, 274654.0, 273380.0, 272932.0, 273509.0, 273125.0, 272669.0, 273386.0, 275593.0, 274885.0, 273025.0, 271948.0, 272347.0, 272708.0, 273504.0, 272602.0, 272347.0, 273375.0, 273293.0, 272538.0, 272270.0, 274278.0, 272957.0, 274863.0, 273716.0, 274399.0, 276281.0, 272757.0, 273785.0, 272797.0, 274284.0, 272509.0, 271563.0, 271965.0, 272404.0, 271948.0, 272404.0, 272818.0, 272323.0, 272249.0, 272805.0, 277386.0, 272124.0, 273873.0, 273002.0, 271528.0, 272337.0, 271627.0, 277766.0, 273046.0, 272764.0, 271869.0, 272363.0, 272570.0, 275459.0, 272727.0, 274005.0, 272668.0, 273088.0, 271980.0, 272892.0, 274701.0, 271733.0, 272243.0, 272214.0, 272565.0, 274198.0, 273680.0, 272778.0, 274478.0, 272892.0, 274003.0, 274788.0, 275490.0, 275265.0, 272817.0, 274426.0, 272337.0, 273586.0, 273375.0, 272668.0, 271906.0, 274275.0, 273667.0, 272796.0, 272520.0, 272167.0, 271927.0, 272943.0, 273486.0, 273654.0, 276121.0, 273699.0, 274683.0, 272823.0, 273834.0, 272316.0, 275099.0, 272656.0, 273738.0, 275212.0, 271906.0, 271923.0, 271906.0, 272109.0, 272615.0, 272668.0, 271768.0, 271980.0, 273131.0, 273344.0, 272288.0, 274553.0, 272069.0, 273680.0, 276383.0, 272550.0, 273273.0, 271490.0, 271712.0, 272287.0, 271962.0, 271949.0, 273341.0, 272287.0, 272518.0, 272065.0, 271525.0, 273246.0, 273307.0, 272287.0, 273058.0, 272410.0, 272320.0, 272506.0, 272593.0, 271338.0, 273378.0, 274879.0, 273598.0, 272126.0, 272024.0, 272570.0, 271737.0, 272628.0, 271737.0, 274288.0, 272593.0, 275653.0, 271853.0, 271717.0, 271928.0, 271705.0, 276777.0, 271737.0, 273661.0, 272879.0, 274057.0, 272951.0, 272628.0, 275266.0, 278111.0, 271861.0, 272638.0, 272216.0, 276436.0, 272344.0, 272630.0, 274380.0, 271342.0, 272086.0, 272429.0, 271564.0, 271290.0, 272120.0, 274399.0, 272219.0, 273127.0, 272545.0, 271389.0, 272545.0, 271944.0, 271976.0, 271597.0, 271202.0, 271787.0, 272590.0, 272459.0, 272733.0, 272043.0, 273921.0, 271725.0, 275203.0, 271654.0, 271544.0, 272373.0, 273802.0, 273451.0, 271206.0, 271544.0, 275387.0, 271516.0, 272502.0, 271791.0, 273284.0, 276337.0, 273661.0, 272014.0, 272095.0, 272993.0, 271653.0, 273073.0, 273466.0, 272014.0, 275570.0, 272285.0, 272295.0, 271187.0, 272430.0, 271202.0, 271925.0, 273787.0, 273158.0, 273423.0, 271561.0, 272992.0, 272031.0, 272359.0, 271202.0, 277780.0, 273421.0, 274016.0, 270968.0, 271065.0, 271738.0, 272377.0, 272141.0, 271042.0, 272277.0, 271645.0, 274484.0, 271809.0, 271431.0, 272456.0, 272939.0, 271812.0, 271505.0, 271897.0, 271187.0, 270434.0, 272271.0, 272496.0, 272558.0, 270508.0, 271684.0, 270472.0, 273044.0, 270868.0, 271495.0, 271230.0, 275859.0, 271734.0, 272244.0, 271459.0, 273438.0, 274455.0, 270796.0, 270776.0, 270769.0, 270430.0, 272330.0, 274851.0, 271088.0, 271138.0, 275347.0, 272429.0, 273916.0, 271167.0, 271941.0, 274549.0, 271870.0, 277812.0, 271107.0, 271138.0, 272633.0, 271086.0, 271448.0, 272718.0, 272044.0, 272571.0, 272278.0, 270672.0, 271378.0, 271092.0, 275423.0, 271317.0, 271525.0, 271452.0, 273061.0, 271028.0, 271870.0, 274305.0, 273536.0, 271490.0, 270472.0, 271730.0, 273659.0, 273100.0, 272043.0, 270472.0, 273921.0, 272892.0, 271835.0, 270726.0, 272934.0, 270575.0, 274086.0, 273982.0, 271948.0, 271335.0, 271902.0, 273771.0, 271448.0, 275119.0, 274983.0, 270792.0, 270588.0, 270506.0, 271148.0, 272429.0, 272754.0, 271680.0, 272330.0, 272881.0, 270772.0, 270588.0, 271107.0, 270808.0, 270967.0, 270967.0, 271440.0, 271260.0, 272516.0, 273855.0, 271948.0, 272703.0, 272267.0, 271308.0, 275741.0, 271870.0, 273710.0, 271333.0, 270741.0, 271941.0, 271341.0, 273035.0, 276772.0, 271800.0, 271597.0, 272685.0, 271071.0, 271271.0, 270721.0, 271513.0, 271800.0, 270545.0, 271256.0, 271158.0, 271158.0, 273424.0, 270650.0, 272514.0, 271505.0, 270506.0, 275218.0, 273231.0, 271158.0, 271800.0, 272844.0, 270649.0, 279550.0, 274640.0, 272044.0, 271107.0, 274229.0, 273364.0, 274152.0, 278151.0, 271158.0, 272429.0, 270925.0, 271779.0, 270910.0, 274451.0, 271113.0, 272044.0, 273061.0, 272292.0, 274271.0, 271941.0, 271927.0, 274451.0, 270472.0, 273030.0, 271448.0, 272675.0, 273061.0, 272215.0, 271722.0, 270726.0, 272881.0, 270741.0, 276544.0, 270726.0, 274503.0, 271158.0, 271894.0, 271918.0, 271922.0, 271662.0, 0.0, 0.0, 0.0, 0.0, 0.0, 0.0, 0.0, 0.0, 0.0, 0.0, 0.0, 0.0, 0.0, 0.0, 0.0, 0.0, 0.0, 0.0, 0.0, 0.0, 0.0, 0.0, 0.0, 0.0, 0.0, 0.0, 0.0, 0.0, 0.0, 0.0, 0.0, 0.0, 0.0, 0.0, 0.0, 0.0, 0.0, 0.0, 0.0, 0.0, 0.0, 0.0, 0.0, 0.0, 0.0, 0.0, 0.0, 0.0, 0.0, 0.0, 0.0, 0.0, 0.0, 0.0, 0.0, 0.0, 0.0, 0.0, 0.0]
cong_K= Any[1, 3, 2, 3, 1, 1, 1, 3, 2, 3, 1, 1, 2, 2, 1, 1, 1, 1, 1, 1, 2, 1, 1, 1, 1, 1, 1, 1, 1, 1, 1, 1, 1, 1, 1, 1, 1, 1, 1, 1, 1, 1] 
obj_k= Any[321144, 319132, 309743, 305795, 303037, 302929, 301970, 301233, 295079, 290312, 286756, 284538, 282618, 281089, 280564, 279840, 279314, 279278, 278803, 278669, 276948, 276744, 276628, 275524, 275040, 274335, 274023, 273879, 273202, 272538, 272307, 271948, 271563, 271528, 271490, 271338, 271290, 271202, 271187, 270968, 270434, 270430] 
iter_obj = Any[1, 2, 3, 5, 6, 7, 8, 9, 10, 11, 12, 21, 23, 24, 35, 38, 41, 45, 50, 52, 54, 57, 58, 63, 70, 89, 93, 102, 103, 114, 117, 133, 154, 167, 240, 258, 295, 306, 339, 354, 371, 391] 
avgClusterDiam = 1963.0666666666666 
maxClusterDiam = 2459.0 
clusterDiamete = [1992.0; 1809.0; 2459.0; 2191.0; 1939.0; 2221.0; 1960.0; 1702.0; 2034.0; 2077.0; 1803.0; 2239.0; 1748.0; 1591.0; 1681.0]   
C = [0, 0, 0, 0, 0, 0, 0, 0, 0, 0, 0, 0, 0, 0, 0, 0, 0, 0, 1, 0, 0, 0, 0, 0, 0, 0, 0, 1, 0, 0, 0, 0, 0, 0, 0, 0, 0, 0, 0, 0, 0, 0, 0, 0, 0, 0, 0, 0, 0, 0, 0, 0, 0, 0, 0, 0, 0, 0, 0, 0, 0, 0, 0, 0, 0, 0, 0, 0, 0, 0, 0, 1, 0, 0, 0, 0, 0, 0, 0, 0, 0, 0, 0, 0, 0, 0, 1, 0, 0, 0, 0, 0, 0, 0, 0, 0, 0, 0, 0, 0, 0, 0, 0, 0, 0, 0, 0, 0, 0, 0, 0, 0, 0, 0, 0, 0, 0, 0, 0, 0, 0, 0, 0, 0, 0, 0, 0, 0, 0, 0, 0, 0, 0, 1, 0, 0, 0, 0, 0, 0, 0, 0, 0, 0, 0, 0, 0, 0, 0, 0, 0, 1, 0, 0, 0, 0, 0, 0, 0, 0, 0, 0, 0, 0, 0, 0, 0, 0, 0, 0, 0, 0, 0, 0, 0, 0, 0, 0, 0, 0, 0, 0, 0, 0, 0, 0, 0, 0, 0, 0, 0, 0, 0, 0, 0, 0, 0, 0, 0, 0, 0, 0, 0, 0, 0, 0, 0, 0, 0, 0, 0, 0, 0, 0, 1, 0, 0, 0, 0, 0, 0, 0, 0, 0, 1, 0, 0, 0, 0, 0, 0, 0, 0, 0, 0, 0, 0, 0, 0, 0, 0, 0, 0, 0, 0, 0, 0, 0, 0, 0, 0, 0, 0, 0, 0, 0, 0, 0, 0, 0, 0, 0, 0, 1, 0, 0, 0, 0, 0, 0, 0, 0, 0, 0, 0, 0, 0, 0, 0, 0, 0, 0, 0, 0, 0, 0, 0, 0, 0, 0, 0, 0, 0, 0, 0, 0, 0, 0, 1, 0, 0, 0, 0, 0, 0, 0, 0, 0, 0, 0, 0, 0, 1, 0, 0, 0, 0, 0, 0, 0, 0, 0, 0, 0, 0, 0, 0, 0, 0, 0, 0, 0, 0, 0, 0, 0, 0, 0, 0, 0, 0, 0, 0, 0, 0, 0, 0, 0, 0, 0, 0, 0, 0, 0, 0, 0, 0, 1, 0, 0, 0, 0, 0, 0, 0, 0, 0, 0, 0, 0, 0, 0, 0, 0, 0, 0, 0, 0, 0, 0, 0, 0, 1, 0, 0, 0, 0, 0, 0, 0, 0, 0, 0, 0, 0, 0, 0, 0, 0, 0, 0, 0, 0, 0, 0, 0, 0, 0, 0, 0, 0, 0, 1, 0, 0, 0, 0, 0, 0, 0, 0, 0, 0, 0, 0, 0, 0, 1, 0, 0, 0, 0, 0, 0, 0, 0, 0, 0, 0, 0, 0, 0, 0, 0, 0, 0, 0, 0, 0, 0, 0, 0]
E = [19, 28, 19, 28, 19, 19, 28, 19, 28, 264, 19, 19, 72, 28, 28, 19, 19, 19, 19, 19, 28, 28, 28, 28, 19, 264, 19, 28, 264, 19, 264, 28, 28, 19, 19, 28, 28, 28, 28, 134, 264, 28, 87, 28, 152, 28, 134, 87, 28, 28, 134, 87, 72, 72, 87, 134, 72, 28, 152, 72, 152, 72, 72, 152, 87, 72, 72, 72, 152, 152, 152, 72, 72, 72, 72, 152, 72, 72, 72, 152, 152, 87, 152, 152, 19, 19, 87, 87, 87, 87, 87, 87, 87, 87, 87, 87, 87, 87, 87, 87, 87, 87, 19, 87, 87, 87, 87, 87, 87, 87, 19, 19, 19, 19, 19, 264, 19, 19, 19, 19, 19, 87, 134, 134, 134, 134, 134, 134, 134, 134, 134, 134, 134, 134, 134, 134, 134, 134, 134, 134, 134, 152, 134, 134, 134, 152, 134, 134, 134, 152, 152, 152, 152, 152, 152, 152, 152, 152, 152, 19, 152, 152, 152, 152, 152, 72, 72, 72, 72, 72, 72, 72, 72, 264, 299, 264, 72, 72, 152, 152, 72, 152, 19, 72, 72, 72, 72, 72, 72, 72, 72, 225, 225, 28, 225, 215, 215, 215, 215, 225, 225, 215, 215, 215, 225, 215, 225, 225, 215, 215, 225, 225, 215, 215, 215, 215, 225, 225, 215, 215, 215, 215, 225, 225, 225, 225, 215, 215, 215, 215, 225, 225, 215, 225, 215, 215, 215, 215, 225, 215, 215, 215, 215, 215, 225, 225, 225, 225, 225, 225, 28, 28, 28, 264, 19, 19, 19, 28, 264, 87, 28, 87, 19, 264, 264, 264, 264, 264, 264, 264, 264, 264, 264, 264, 264, 299, 299, 299, 299, 299, 299, 299, 299, 299, 313, 313, 313, 313, 313, 299, 299, 299, 299, 299, 299, 299, 299, 299, 299, 299, 299, 299, 313, 313, 313, 313, 313, 313, 313, 313, 313, 313, 313, 313, 313, 299, 299, 299, 299, 299, 299, 299, 299, 358, 299, 313, 313, 313, 313, 313, 313, 313, 313, 313, 358, 358, 358, 358, 358, 358, 358, 358, 358, 358, 358, 358, 313, 313, 313, 313, 313, 383, 383, 383, 358, 358, 358, 358, 358, 358, 383, 383, 383, 383, 383, 383, 383, 383, 383, 383, 383, 358, 358, 358, 358, 358, 358, 358, 413, 413, 383, 383, 383, 383, 383, 383, 383, 383, 383, 383, 383, 413, 413, 413, 413, 413, 413, 413, 413, 413, 358, 428, 428, 358, 428, 428, 428, 428, 428, 428, 428, 428, 413, 413, 413, 413, 383, 383, 383, 383, 383, 413, 413, 413, 413, 428, 428, 428, 428, 428, 428, 428, 413, 413, 413, 413, 413, 413, 413, 428, 428, 428, 428, 428, 428, 428, 28, 87, 28, 264, 215, 225]
