n° iter       = 600 
neighborhood_structure = [1 2 3] 
Prioridad     = 5 
balance       = 0.5 
Len_N         = 1 
N° clusters   = 15 
N° estaciones = 452 
N° mejoras    = 40
N° iter completadas  = 600
1° FO         = 309154.0
FO            = 269437
Centros       = [12, 37, 78, 87, 134, 153, 215, 225, 264, 299, 308, 358, 362, 415, 427]
Objs= Any[309154.0, 309154.0, 307362, 307013, 307013, 307013, 305592, 305592, 303492, 301354, 300064, 300064, 298525, 298525, 298273, 297194, 297194, 292279, 290676, 290676, 290676, 289796, 289796, 289796, 289796, 289796, 289796, 289796, 289204, 289204, 289204, 289204, 289204, 289204, 288164, 288164, 285242, 285242, 283658, 283103, 283103, 283103, 283103, 283103, 283103, 283103, 279363, 279363, 279363, 279363, 279363, 279363, 279363, 279363, 279363, 279363, 279363, 279363, 279363, 279363, 279363, 279186, 279186, 279186, 279186, 279186, 279186, 279186, 279186, 279186, 279186, 277339, 277139, 277139, 277139, 276481, 276481, 276064, 276064, 276064, 276064, 276064, 276064, 276064, 276064, 276064, 276064, 276064, 276064, 276064, 276064, 276064, 276064, 276064, 276064, 275551, 275551, 275551, 275551, 275551, 275551, 275551, 275551, 275551, 275551, 275551, 275551, 275551, 275551, 275551, 275417, 275417, 275417, 275417, 275417, 275417, 275417, 275417, 275417, 275417, 275417, 275417, 275417, 275417, 275417, 275417, 275417, 275417, 275417, 275417, 275417, 275417, 275417, 275417, 275417, 274562, 274562, 274562, 274562, 274562, 274562, 274562, 274562, 274562, 274562, 274562, 274562, 274562, 274562, 274562, 274562, 274562, 274562, 274562, 274122, 274122, 274122, 274122, 274122, 272765, 272765, 272765, 272765, 272765, 272765, 272765, 272765, 272765, 272765, 272765, 272765, 272765, 272765, 272765, 272765, 272765, 272765, 272765, 272765, 272765, 272765, 272765, 272765, 272765, 272765, 272765, 272765, 272765, 272765, 272765, 272765, 272765, 272765, 272765, 272765, 272765, 272765, 272765, 272765, 272765, 272765, 272765, 272765, 272765, 272765, 272765, 272765, 272765, 272765, 272765, 272765, 272765, 272765, 272765, 272765, 272586, 272586, 272586, 272586, 272586, 272389, 272389, 272389, 272389, 272389, 272389, 272389, 272389, 272389, 272389, 272389, 272389, 272389, 272389, 272389, 272389, 272389, 272389, 272389, 272389, 272389, 271525, 271525, 271525, 271525, 271525, 271525, 271525, 271525, 271525, 271525, 271525, 271525, 271525, 271525, 271525, 271525, 271525, 271525, 271525, 271525, 271525, 271525, 271525, 271525, 271525, 271525, 271525, 271525, 271525, 271525, 271525, 271525, 271525, 271525, 271525, 271525, 271525, 271525, 271525, 271525, 271525, 271525, 271525, 271525, 271525, 271525, 271525, 271525, 271525, 271525, 271525, 271525, 271525, 271110, 271110, 271110, 271110, 271110, 271110, 271110, 271110, 271110, 271110, 271110, 271110, 271110, 271110, 271110, 271110, 271110, 271110, 271110, 271110, 271110, 271110, 271110, 271110, 271110, 271110, 271110, 271110, 271110, 271110, 271110, 271110, 271110, 271110, 271110, 271110, 271110, 271110, 271110, 271110, 271110, 271110, 271110, 271110, 271110, 270985, 270985, 270985, 270985, 270985, 270985, 270985, 270985, 270849, 270849, 270479, 270479, 270479, 270479, 270479, 270479, 270479, 270479, 270479, 270479, 270479, 270479, 270479, 270479, 270479, 270479, 270479, 270479, 270479, 270479, 270479, 270479, 270479, 270479, 270479, 270479, 270479, 270479, 270479, 270479, 270479, 270479, 270300, 270300, 270300, 270300, 270300, 270300, 270300, 270300, 270300, 270300, 270300, 270300, 270300, 270300, 270300, 270300, 270300, 270300, 270300, 270300, 270077, 270077, 270077, 270077, 270077, 270077, 270077, 270077, 270077, 270077, 270077, 270077, 270077, 270077, 270077, 270077, 270077, 269799, 269799, 269799, 269799, 269799, 269799, 269799, 269799, 269799, 269799, 269799, 269799, 269799, 269799, 269799, 269799, 269799, 269799, 269799, 269799, 269799, 269799, 269799, 269799, 269799, 269799, 269799, 269799, 269799, 269799, 269799, 269799, 269799, 269799, 269799, 269799, 269799, 269799, 269799, 269799, 269799, 269799, 269799, 269799, 269799, 269799, 269799, 269799, 269799, 269799, 269799, 269799, 269799, 269799, 269799, 269799, 269799, 269799, 269799, 269799, 269799, 269799, 269799, 269799, 269799, 269799, 269799, 269799, 269799, 269537, 269537, 269537, 269537, 269537, 269537, 269537, 269537, 269537, 269537, 269537, 269537, 269537, 269537, 269537, 269537, 269537, 269537, 269537, 269537, 269537, 269537, 269537, 269537, 269537, 269537, 269537, 269537, 269537, 269537, 269537, 269537, 269537, 269537, 269537, 269537, 269537, 269537, 269537, 269537, 269537, 269537, 269537, 269537, 269537, 269537, 269537, 269537, 269537, 269537, 269537, 269537, 269537, 269537, 269537, 269537, 269537, 269537, 269537, 269537, 269537, 269537, 269537, 269537, 269537, 269537, 269537, 269537, 269537, 269537, 269537, 269537, 269537, 269537, 269537, 269537, 269537, 269537, 269537, 269537, 269537, 269537, 269537, 269537, 269537, 269537, 269537, 269537, 269537, 269537, 269537, 269537, 269537, 269537, 269537, 269537, 269537, 269537, 269537, 269537, 269537, 269537, 269437, 269437, 269437, 269437, 269437, 269437, 269437, 269437, 269437, 269437, 269437]
current_obj = [312115.0, 307362.0, 307013.0, 313738.0, 307038.0, 305592.0, 307988.0, 303492.0, 301354.0, 300064.0, 303274.0, 298525.0, 306413.0, 298273.0, 297194.0, 299392.0, 292279.0, 290676.0, 295178.0, 294787.0, 289796.0, 295580.0, 291195.0, 290512.0, 290253.0, 296755.0, 291104.0, 289204.0, 289380.0, 291758.0, 293476.0, 292514.0, 289770.0, 288164.0, 290086.0, 285242.0, 289383.0, 283658.0, 283103.0, 285277.0, 284863.0, 288903.0, 285681.0, 289293.0, 289467.0, 279363.0, 284067.0, 284137.0, 283990.0, 285185.0, 282658.0, 283854.0, 284097.0, 282325.0, 284859.0, 280710.0, 284445.0, 284117.0, 284249.0, 281434.0, 279186.0, 285960.0, 280484.0, 282207.0, 280899.0, 279580.0, 283863.0, 280284.0, 284386.0, 281839.0, 277339.0, 277139.0, 279833.0, 278664.0, 276481.0, 276532.0, 276064.0, 281872.0, 279708.0, 281097.0, 277589.0, 278073.0, 277425.0, 280343.0, 282882.0, 276844.0, 284907.0, 278814.0, 283001.0, 276747.0, 277716.0, 279817.0, 279781.0, 278134.0, 275551.0, 280625.0, 276621.0, 277525.0, 275721.0, 280551.0, 289847.0, 278363.0, 278939.0, 280012.0, 276033.0, 281218.0, 279266.0, 275691.0, 280164.0, 275417.0, 282402.0, 277371.0, 277795.0, 278976.0, 276043.0, 280128.0, 285443.0, 275539.0, 277091.0, 277605.0, 280907.0, 277784.0, 278750.0, 280013.0, 280550.0, 275805.0, 280491.0, 289039.0, 278921.0, 281135.0, 278810.0, 280030.0, 277128.0, 277071.0, 274562.0, 277647.0, 275529.0, 283964.0, 274963.0, 277827.0, 274643.0, 280752.0, 277501.0, 275637.0, 276560.0, 277554.0, 275817.0, 275515.0, 283687.0, 280272.0, 275817.0, 279835.0, 282076.0, 274122.0, 276525.0, 274761.0, 283266.0, 277441.0, 272765.0, 281436.0, 276547.0, 274877.0, 275359.0, 277382.0, 274502.0, 274356.0, 273344.0, 283037.0, 278523.0, 275810.0, 272767.0, 278460.0, 274571.0, 276125.0, 275050.0, 274488.0, 275897.0, 281312.0, 277648.0, 277326.0, 278006.0, 277197.0, 280707.0, 277254.0, 275361.0, 280908.0, 274602.0, 276388.0, 274571.0, 275608.0, 275118.0, 273285.0, 274315.0, 275963.0, 277417.0, 274275.0, 277723.0, 273840.0, 274919.0, 277656.0, 279724.0, 275544.0, 273075.0, 272883.0, 280770.0, 273385.0, 272804.0, 274823.0, 277656.0, 276120.0, 276149.0, 275608.0, 277580.0, 277828.0, 272586.0, 276946.0, 276283.0, 273635.0, 274238.0, 272389.0, 277613.0, 272433.0, 276693.0, 278294.0, 280753.0, 273300.0, 275649.0, 272806.0, 274173.0, 278553.0, 278714.0, 277597.0, 286805.0, 276769.0, 277460.0, 276984.0, 284614.0, 272470.0, 273846.0, 276709.0, 271525.0, 279115.0, 271926.0, 272173.0, 273386.0, 277638.0, 272647.0, 274013.0, 275053.0, 274275.0, 276216.0, 273810.0, 276323.0, 275627.0, 275356.0, 282676.0, 274202.0, 278582.0, 275052.0, 274387.0, 273406.0, 279666.0, 276709.0, 275524.0, 277779.0, 274995.0, 278021.0, 273876.0, 276675.0, 274697.0, 281784.0, 280335.0, 274185.0, 271998.0, 278759.0, 272700.0, 277500.0, 276416.0, 278037.0, 276766.0, 273328.0, 273199.0, 273323.0, 274185.0, 277029.0, 274379.0, 273702.0, 274486.0, 274458.0, 276862.0, 275356.0, 277235.0, 281083.0, 271110.0, 275109.0, 281099.0, 271191.0, 279920.0, 273862.0, 272417.0, 271191.0, 272329.0, 275595.0, 275029.0, 275111.0, 272947.0, 275926.0, 275081.0, 272616.0, 286515.0, 271633.0, 273274.0, 272762.0, 276884.0, 273661.0, 277355.0, 274043.0, 275512.0, 272901.0, 273727.0, 280032.0, 274820.0, 273847.0, 274221.0, 275986.0, 276946.0, 275094.0, 275512.0, 276001.0, 274742.0, 271614.0, 272585.0, 273661.0, 274251.0, 272808.0, 276390.0, 274090.0, 276031.0, 270985.0, 273488.0, 274904.0, 274904.0, 275802.0, 272405.0, 273738.0, 275379.0, 270849.0, 272523.0, 270479.0, 276991.0, 270814.0, 276563.0, 276835.0, 274161.0, 276557.0, 274578.0, 273291.0, 276091.0, 279110.0, 276563.0, 277696.0, 274012.0, 272654.0, 274772.0, 279111.0, 273096.0, 272796.0, 272177.0, 272509.0, 275452.0, 275539.0, 270957.0, 273390.0, 272424.0, 277376.0, 278382.0, 277376.0, 271038.0, 272950.0, 276710.0, 270300.0, 275657.0, 273038.0, 276442.0, 274586.0, 275666.0, 276490.0, 270645.0, 274421.0, 271141.0, 271131.0, 270313.0, 278776.0, 274210.0, 272058.0, 272473.0, 274710.0, 275912.0, 270368.0, 274563.0, 270077.0, 276282.0, 270909.0, 275011.0, 273647.0, 276219.0, 275311.0, 276534.0, 274682.0, 272624.0, 273999.0, 271520.0, 273709.0, 272677.0, 272813.0, 272630.0, 274444.0, 269799.0, 274221.0, 270157.0, 276069.0, 273853.0, 275126.0, 273853.0, 271011.0, 271728.0, 273145.0, 272642.0, 278418.0, 271144.0, 273584.0, 275490.0, 272707.0, 271137.0, 276358.0, 276059.0, 275195.0, 273686.0, 270630.0, 279689.0, 278662.0, 275333.0, 273853.0, 275990.0, 281821.0, 277370.0, 273650.0, 277751.0, 271685.0, 270941.0, 271510.0, 273686.0, 272211.0, 270313.0, 271633.0, 284973.0, 271676.0, 272137.0, 275762.0, 274508.0, 271287.0, 274452.0, 276373.0, 271874.0, 273579.0, 276563.0, 273275.0, 274739.0, 269826.0, 270557.0, 276909.0, 273323.0, 273439.0, 270332.0, 270821.0, 273275.0, 276563.0, 270985.0, 269946.0, 271633.0, 270313.0, 275014.0, 274564.0, 276223.0, 271736.0, 270758.0, 269537.0, 271968.0, 276009.0, 272388.0, 270655.0, 271612.0, 274633.0, 275157.0, 281469.0, 276639.0, 275360.0, 270559.0, 270976.0, 269605.0, 270368.0, 271398.0, 274263.0, 271516.0, 273379.0, 273859.0, 270313.0, 272486.0, 273925.0, 271778.0, 271540.0, 275556.0, 270776.0, 273953.0, 274633.0, 275462.0, 271462.0, 275599.0, 272886.0, 276339.0, 274619.0, 272952.0, 273630.0, 270728.0, 271508.0, 277874.0, 272438.0, 273323.0, 280816.0, 271748.0, 276401.0, 276240.0, 278284.0, 273610.0, 272733.0, 276191.0, 277679.0, 270003.0, 272336.0, 272245.0, 277061.0, 271029.0, 271360.0, 270162.0, 270327.0, 270496.0, 270051.0, 270520.0, 270629.0, 273530.0, 274416.0, 273450.0, 278888.0, 275113.0, 274782.0, 274782.0, 271992.0, 275266.0, 274633.0, 276507.0, 277144.0, 274683.0, 274014.0, 271949.0, 271540.0, 270445.0, 272285.0, 278888.0, 273135.0, 278417.0, 273999.0, 277809.0, 276979.0, 272936.0, 275208.0, 272635.0, 270064.0, 276278.0, 275733.0, 273524.0, 275339.0, 274722.0, 277282.0, 273953.0, 274557.0, 271427.0, 269939.0, 270620.0, 269437.0, 272902.0, 272918.0, 278166.0, 272565.0, 274200.0, 274176.0, 273072.0, 277921.0, 273646.0, 276461.0, 270559.0]
cong_K= Any[2, 2, 1, 2, 1, 2, 3, 1, 1, 2, 1, 1, 1, 1, 1, 1, 1, 2, 1, 1, 1, 1, 1, 1, 1, 1, 1, 1, 1, 2, 1, 1, 1, 1, 1, 1, 1, 1, 1, 1] 
obj_k= Any[307362, 307013, 305592, 303492, 301354, 300064, 298525, 298273, 297194, 292279, 290676, 289796, 289204, 288164, 285242, 283658, 283103, 279363, 279186, 277339, 277139, 276481, 276064, 275551, 275417, 274562, 274122, 272765, 272586, 272389, 271525, 271110, 270985, 270849, 270479, 270300, 270077, 269799, 269537, 269437] 
iter_obj = Any[2, 3, 6, 8, 9, 10, 12, 14, 15, 17, 18, 21, 28, 34, 36, 38, 39, 46, 61, 71, 72, 75, 77, 95, 110, 135, 154, 159, 215, 220, 241, 294, 339, 347, 349, 381, 401, 418, 487, 589] 
avgClusterDiam = 1962.9333333333334 
maxClusterDiam = 2239.0 
clusterDiamete = [1941.0; 1713.0; 2239.0; 2191.0; 2039.0; 1901.0; 1960.0; 2130.0; 2034.0; 2034.0; 1730.0; 2239.0; 1788.0; 1597.0; 1908.0]   
C = [0, 0, 0, 0, 0, 0, 0, 0, 0, 0, 0, 1, 0, 0, 0, 0, 0, 0, 0, 0, 0, 0, 0, 0, 0, 0, 0, 0, 0, 0, 0, 0, 0, 0, 0, 0, 1, 0, 0, 0, 0, 0, 0, 0, 0, 0, 0, 0, 0, 0, 0, 0, 0, 0, 0, 0, 0, 0, 0, 0, 0, 0, 0, 0, 0, 0, 0, 0, 0, 0, 0, 0, 0, 0, 0, 0, 0, 1, 0, 0, 0, 0, 0, 0, 0, 0, 1, 0, 0, 0, 0, 0, 0, 0, 0, 0, 0, 0, 0, 0, 0, 0, 0, 0, 0, 0, 0, 0, 0, 0, 0, 0, 0, 0, 0, 0, 0, 0, 0, 0, 0, 0, 0, 0, 0, 0, 0, 0, 0, 0, 0, 0, 0, 1, 0, 0, 0, 0, 0, 0, 0, 0, 0, 0, 0, 0, 0, 0, 0, 0, 0, 0, 1, 0, 0, 0, 0, 0, 0, 0, 0, 0, 0, 0, 0, 0, 0, 0, 0, 0, 0, 0, 0, 0, 0, 0, 0, 0, 0, 0, 0, 0, 0, 0, 0, 0, 0, 0, 0, 0, 0, 0, 0, 0, 0, 0, 0, 0, 0, 0, 0, 0, 0, 0, 0, 0, 0, 0, 0, 0, 0, 0, 0, 0, 1, 0, 0, 0, 0, 0, 0, 0, 0, 0, 1, 0, 0, 0, 0, 0, 0, 0, 0, 0, 0, 0, 0, 0, 0, 0, 0, 0, 0, 0, 0, 0, 0, 0, 0, 0, 0, 0, 0, 0, 0, 0, 0, 0, 0, 0, 0, 0, 0, 1, 0, 0, 0, 0, 0, 0, 0, 0, 0, 0, 0, 0, 0, 0, 0, 0, 0, 0, 0, 0, 0, 0, 0, 0, 0, 0, 0, 0, 0, 0, 0, 0, 0, 0, 1, 0, 0, 0, 0, 0, 0, 0, 0, 1, 0, 0, 0, 0, 0, 0, 0, 0, 0, 0, 0, 0, 0, 0, 0, 0, 0, 0, 0, 0, 0, 0, 0, 0, 0, 0, 0, 0, 0, 0, 0, 0, 0, 0, 0, 0, 0, 0, 0, 0, 0, 0, 0, 0, 0, 0, 0, 0, 0, 1, 0, 0, 0, 1, 0, 0, 0, 0, 0, 0, 0, 0, 0, 0, 0, 0, 0, 0, 0, 0, 0, 0, 0, 0, 0, 0, 0, 0, 0, 0, 0, 0, 0, 0, 0, 0, 0, 0, 0, 0, 0, 0, 0, 0, 0, 0, 0, 0, 0, 0, 0, 0, 0, 0, 0, 0, 1, 0, 0, 0, 0, 0, 0, 0, 0, 0, 0, 0, 1, 0, 0, 0, 0, 0, 0, 0, 0, 0, 0, 0, 0, 0, 0, 0, 0, 0, 0, 0, 0, 0, 0, 0, 0, 0]
E = [12, 12, 12, 37, 12, 12, 225, 12, 37, 264, 12, 12, 37, 37, 37, 12, 12, 12, 12, 12, 37, 37, 37, 12, 134, 264, 12, 37, 264, 12, 264, 37, 37, 134, 134, 37, 37, 37, 37, 134, 264, 37, 87, 37, 37, 37, 134, 87, 37, 37, 37, 87, 78, 37, 87, 134, 37, 37, 153, 37, 153, 78, 78, 153, 87, 78, 78, 78, 153, 153, 78, 78, 78, 78, 78, 153, 78, 78, 78, 78, 153, 87, 78, 153, 12, 12, 87, 87, 87, 87, 87, 87, 87, 87, 87, 87, 87, 87, 87, 87, 87, 87, 12, 87, 87, 87, 87, 87, 87, 87, 12, 264, 12, 12, 12, 264, 12, 12, 12, 134, 134, 87, 134, 134, 134, 134, 134, 134, 134, 134, 134, 134, 134, 134, 134, 134, 134, 134, 134, 134, 134, 153, 134, 134, 134, 153, 134, 134, 134, 153, 153, 153, 153, 153, 153, 153, 153, 153, 153, 12, 153, 153, 153, 153, 153, 78, 78, 78, 78, 78, 78, 78, 308, 264, 308, 264, 78, 78, 78, 153, 78, 78, 12, 78, 78, 78, 78, 78, 78, 78, 78, 225, 225, 37, 225, 215, 215, 215, 215, 225, 225, 215, 215, 215, 225, 215, 225, 225, 215, 215, 225, 225, 215, 215, 215, 215, 225, 225, 215, 215, 215, 215, 225, 225, 225, 225, 215, 215, 215, 215, 225, 225, 215, 225, 215, 215, 215, 215, 225, 215, 215, 215, 215, 215, 225, 225, 225, 225, 225, 225, 37, 37, 37, 12, 12, 12, 12, 37, 264, 87, 37, 87, 12, 264, 264, 264, 264, 264, 264, 264, 264, 264, 264, 264, 264, 153, 153, 299, 299, 299, 299, 299, 299, 308, 308, 308, 308, 308, 308, 299, 299, 299, 299, 299, 299, 299, 299, 299, 299, 299, 299, 299, 308, 308, 308, 308, 308, 308, 308, 308, 308, 308, 308, 308, 308, 299, 299, 299, 299, 299, 299, 299, 299, 299, 299, 308, 308, 308, 308, 308, 362, 362, 362, 362, 358, 358, 358, 358, 358, 358, 358, 358, 358, 358, 362, 358, 362, 362, 362, 362, 362, 362, 362, 362, 362, 358, 358, 358, 358, 358, 362, 362, 362, 362, 362, 362, 362, 362, 362, 362, 362, 358, 358, 358, 358, 358, 358, 358, 415, 415, 415, 415, 362, 362, 362, 362, 415, 415, 415, 415, 415, 415, 415, 415, 415, 415, 358, 427, 427, 358, 427, 427, 427, 358, 427, 427, 427, 427, 427, 427, 427, 427, 415, 415, 415, 415, 415, 415, 415, 415, 415, 415, 415, 415, 427, 427, 427, 427, 427, 427, 427, 427, 427, 427, 415, 415, 415, 415, 427, 427, 427, 427, 427, 427, 427, 427, 37, 87, 37, 264, 215, 225]
