n° iter       = 600 
neighborhood_structure = [1] 
Prioridad     = 5 
balance       = 0.5 
Len_N         = 1 
N° clusters   = 15 
N° estaciones = 452 
N° mejoras    = 28
N° iter completadas  = 177
1° FO         = 325034.0
FO            = 276549
Centros       = [28, 66, 86, 95, 134, 161, 206, 225, 265, 299, 313, 360, 381, 429, 435]
Objs= Any[325034.0, 325028, 325028, 325028, 325028, 322992, 322992, 322390, 322390, 322390, 322041, 322041, 322041, 322041, 322041, 315427, 315427, 315427, 315427, 312409, 312409, 312409, 312304, 312304, 312304, 312304, 312304, 310061, 307698, 307698, 307698, 307698, 307698, 304797, 303008, 303008, 303008, 303008, 303008, 303008, 303008, 303008, 298162, 298162, 298162, 298162, 298162, 297936, 297936, 297936, 297936, 297936, 297936, 297936, 297936, 297936, 297936, 295444, 294234, 294234, 294234, 294234, 294234, 294234, 294234, 294234, 294234, 290290, 290290, 290290, 290290, 290290, 286524, 286524, 286524, 286524, 286343, 286343, 284564, 284564, 284564, 284564, 284564, 284564, 284564, 284564, 284564, 284564, 284564, 284564, 284564, 284564, 284266, 284266, 284266, 284266, 282775, 282775, 282775, 282775, 282775, 282775, 282775, 282775, 282775, 282775, 282775, 282775, 282775, 282775, 282775, 282775, 282775, 282775, 282775, 282775, 282775, 282775, 282775, 282775, 282775, 282775, 282775, 282775, 282749, 282749, 282749, 282749, 282749, 282749, 282749, 282749, 282749, 282749, 282749, 282749, 282105, 282105, 282105, 282105, 282105, 282105, 282105, 282105, 282105, 282105, 282105, 282105, 282105, 282105, 282105, 278994, 278994, 278994, 278994, 278994, 278994, 278994, 278994, 278994, 278994, 278994, 278994, 278383, 278383, 278383, 277378, 277378, 277378, 276616, 276616, 276549, 276549, 276549, 276549, 276549, 276549, 276549]
current_obj = [325028.0, 340292.0, 332699.0, 326997.0, 322992.0, 326997.0, 322390.0, 344622.0, 327872.0, 322041.0, 323065.0, 326435.0, 325829.0, 323314.0, 315427.0, 323027.0, 316704.0, 316738.0, 312409.0, 312482.0, 322213.0, 312304.0, 313160.0, 323868.0, 316620.0, 316593.0, 310061.0, 307698.0, 308224.0, 318417.0, 311015.0, 308454.0, 304797.0, 303008.0, 303966.0, 306325.0, 305258.0, 316200.0, 312583.0, 313514.0, 306554.0, 298162.0, 305367.0, 306736.0, 302548.0, 299036.0, 297936.0, 306142.0, 300009.0, 303268.0, 300470.0, 303535.0, 302431.0, 300238.0, 299499.0, 298741.0, 295444.0, 294234.0, 296609.0, 302573.0, 313987.0, 294923.0, 307931.0, 296923.0, 294696.0, 295596.0, 290290.0, 300248.0, 293138.0, 297120.0, 300933.0, 286524.0, 287662.0, 292537.0, 287980.0, 286343.0, 289855.0, 284564.0, 284689.0, 287241.0, 295036.0, 289332.0, 292990.0, 287904.0, 288079.0, 289542.0, 291626.0, 286108.0, 294410.0, 287282.0, 291256.0, 284266.0, 289687.0, 290341.0, 292659.0, 282775.0, 289351.0, 289467.0, 288406.0, 284504.0, 287126.0, 283083.0, 286573.0, 284305.0, 290511.0, 287770.0, 290153.0, 285803.0, 288650.0, 287710.0, 283039.0, 283295.0, 286678.0, 287900.0, 290153.0, 286228.0, 289467.0, 293753.0, 284430.0, 289351.0, 294575.0, 288406.0, 285528.0, 282749.0, 288795.0, 288470.0, 290477.0, 285184.0, 283832.0, 289125.0, 283364.0, 289634.0, 293143.0, 288122.0, 289105.0, 282105.0, 286399.0, 287440.0, 285419.0, 282228.0, 289632.0, 284746.0, 283114.0, 286902.0, 286632.0, 287081.0, 283649.0, 291677.0, 291677.0, 284016.0, 278994.0, 293449.0, 287132.0, 285057.0, 288023.0, 281128.0, 292768.0, 283297.0, 280737.0, 279964.0, 287021.0, 279964.0, 278383.0, 284017.0, 285811.0, 277378.0, 278318.0, 277501.0, 276616.0, 278537.0, 276549.0, 287866.0, 281881.0, 284453.0, 281545.0, 284304.0, 282208.0, 283996.0, 0.0, 0.0, 0.0, 0.0, 0.0, 0.0, 0.0, 0.0, 0.0, 0.0, 0.0, 0.0, 0.0, 0.0, 0.0, 0.0, 0.0, 0.0, 0.0, 0.0, 0.0, 0.0, 0.0, 0.0, 0.0, 0.0, 0.0, 0.0, 0.0, 0.0, 0.0, 0.0, 0.0, 0.0, 0.0, 0.0, 0.0, 0.0, 0.0, 0.0, 0.0, 0.0, 0.0, 0.0, 0.0, 0.0, 0.0, 0.0, 0.0, 0.0, 0.0, 0.0, 0.0, 0.0, 0.0, 0.0, 0.0, 0.0, 0.0, 0.0, 0.0, 0.0, 0.0, 0.0, 0.0, 0.0, 0.0, 0.0, 0.0, 0.0, 0.0, 0.0, 0.0, 0.0, 0.0, 0.0, 0.0, 0.0, 0.0, 0.0, 0.0, 0.0, 0.0, 0.0, 0.0, 0.0, 0.0, 0.0, 0.0, 0.0, 0.0, 0.0, 0.0, 0.0, 0.0, 0.0, 0.0, 0.0, 0.0, 0.0, 0.0, 0.0, 0.0, 0.0, 0.0, 0.0, 0.0, 0.0, 0.0, 0.0, 0.0, 0.0, 0.0, 0.0, 0.0, 0.0, 0.0, 0.0, 0.0, 0.0, 0.0, 0.0, 0.0, 0.0, 0.0, 0.0, 0.0, 0.0, 0.0, 0.0, 0.0, 0.0, 0.0, 0.0, 0.0, 0.0, 0.0, 0.0, 0.0, 0.0, 0.0, 0.0, 0.0, 0.0, 0.0, 0.0, 0.0, 0.0, 0.0, 0.0, 0.0, 0.0, 0.0, 0.0, 0.0, 0.0, 0.0, 0.0, 0.0, 0.0, 0.0, 0.0, 0.0, 0.0, 0.0, 0.0, 0.0, 0.0, 0.0, 0.0, 0.0, 0.0, 0.0, 0.0, 0.0, 0.0, 0.0, 0.0, 0.0, 0.0, 0.0, 0.0, 0.0, 0.0, 0.0, 0.0, 0.0, 0.0, 0.0, 0.0, 0.0, 0.0, 0.0, 0.0, 0.0, 0.0, 0.0, 0.0, 0.0, 0.0, 0.0, 0.0, 0.0, 0.0, 0.0, 0.0, 0.0, 0.0, 0.0, 0.0, 0.0, 0.0, 0.0, 0.0, 0.0, 0.0, 0.0, 0.0, 0.0, 0.0, 0.0, 0.0, 0.0, 0.0, 0.0, 0.0, 0.0, 0.0, 0.0, 0.0, 0.0, 0.0, 0.0, 0.0, 0.0, 0.0, 0.0, 0.0, 0.0, 0.0, 0.0, 0.0, 0.0, 0.0, 0.0, 0.0, 0.0, 0.0, 0.0, 0.0, 0.0, 0.0, 0.0, 0.0, 0.0, 0.0, 0.0, 0.0, 0.0, 0.0, 0.0, 0.0, 0.0, 0.0, 0.0, 0.0, 0.0, 0.0, 0.0, 0.0, 0.0, 0.0, 0.0, 0.0, 0.0, 0.0, 0.0, 0.0, 0.0, 0.0, 0.0, 0.0, 0.0, 0.0, 0.0, 0.0, 0.0, 0.0, 0.0, 0.0, 0.0, 0.0, 0.0, 0.0, 0.0, 0.0, 0.0, 0.0, 0.0, 0.0, 0.0, 0.0, 0.0, 0.0, 0.0, 0.0, 0.0, 0.0, 0.0, 0.0, 0.0, 0.0, 0.0, 0.0, 0.0, 0.0, 0.0, 0.0, 0.0, 0.0, 0.0, 0.0, 0.0, 0.0, 0.0, 0.0, 0.0, 0.0, 0.0, 0.0, 0.0, 0.0, 0.0, 0.0, 0.0, 0.0, 0.0, 0.0, 0.0, 0.0, 0.0, 0.0, 0.0, 0.0, 0.0, 0.0, 0.0, 0.0, 0.0, 0.0, 0.0, 0.0, 0.0, 0.0, 0.0, 0.0, 0.0, 0.0, 0.0, 0.0, 0.0, 0.0, 0.0, 0.0, 0.0, 0.0, 0.0, 0.0, 0.0, 0.0, 0.0, 0.0, 0.0, 0.0, 0.0, 0.0, 0.0, 0.0, 0.0, 0.0, 0.0, 0.0, 0.0, 0.0, 0.0, 0.0, 0.0, 0.0, 0.0, 0.0, 0.0, 0.0, 0.0, 0.0, 0.0, 0.0, 0.0, 0.0, 0.0, 0.0, 0.0, 0.0, 0.0, 0.0, 0.0, 0.0, 0.0, 0.0, 0.0, 0.0, 0.0, 0.0, 0.0, 0.0, 0.0, 0.0, 0.0, 0.0, 0.0, 0.0, 0.0, 0.0]
cong_K= Any[1, 1, 1, 1, 1, 1, 1, 1, 1, 1, 1, 1, 1, 1, 1, 1, 1, 1, 1, 1, 1, 1, 1, 1, 1, 1, 1, 1] 
obj_k= Any[325028, 322992, 322390, 322041, 315427, 312409, 312304, 310061, 307698, 304797, 303008, 298162, 297936, 295444, 294234, 290290, 286524, 286343, 284564, 284266, 282775, 282749, 282105, 278994, 278383, 277378, 276616, 276549] 
iter_obj = Any[1, 5, 7, 10, 15, 19, 22, 27, 28, 33, 34, 42, 47, 57, 58, 67, 72, 76, 78, 92, 96, 124, 136, 151, 163, 166, 169, 171] 
avgClusterDiam = 1965.2 
maxClusterDiam = 2459.0 
clusterDiamete = [1806.0; 2459.0; 2293.0; 1982.0; 2101.0; 1858.0; 1944.0; 2261.0; 1699.0; 2027.0; 2045.0; 2239.0; 1951.0; 1500.0; 1313.0]   
C = [0, 0, 0, 0, 0, 0, 0, 0, 0, 0, 0, 0, 0, 0, 0, 0, 0, 0, 0, 0, 0, 0, 0, 0, 0, 0, 0, 1, 0, 0, 0, 0, 0, 0, 0, 0, 0, 0, 0, 0, 0, 0, 0, 0, 0, 0, 0, 0, 0, 0, 0, 0, 0, 0, 0, 0, 0, 0, 0, 0, 0, 0, 0, 0, 0, 1, 0, 0, 0, 0, 0, 0, 0, 0, 0, 0, 0, 0, 0, 0, 0, 0, 0, 0, 0, 1, 0, 0, 0, 0, 0, 0, 0, 0, 1, 0, 0, 0, 0, 0, 0, 0, 0, 0, 0, 0, 0, 0, 0, 0, 0, 0, 0, 0, 0, 0, 0, 0, 0, 0, 0, 0, 0, 0, 0, 0, 0, 0, 0, 0, 0, 0, 0, 1, 0, 0, 0, 0, 0, 0, 0, 0, 0, 0, 0, 0, 0, 0, 0, 0, 0, 0, 0, 0, 0, 0, 0, 0, 0, 0, 1, 0, 0, 0, 0, 0, 0, 0, 0, 0, 0, 0, 0, 0, 0, 0, 0, 0, 0, 0, 0, 0, 0, 0, 0, 0, 0, 0, 0, 0, 0, 0, 0, 0, 0, 0, 0, 0, 0, 0, 0, 0, 0, 0, 0, 1, 0, 0, 0, 0, 0, 0, 0, 0, 0, 0, 0, 0, 0, 0, 0, 0, 0, 0, 1, 0, 0, 0, 0, 0, 0, 0, 0, 0, 0, 0, 0, 0, 0, 0, 0, 0, 0, 0, 0, 0, 0, 0, 0, 0, 0, 0, 0, 0, 0, 0, 0, 0, 0, 0, 0, 0, 0, 0, 1, 0, 0, 0, 0, 0, 0, 0, 0, 0, 0, 0, 0, 0, 0, 0, 0, 0, 0, 0, 0, 0, 0, 0, 0, 0, 0, 0, 0, 0, 0, 0, 0, 0, 1, 0, 0, 0, 0, 0, 0, 0, 0, 0, 0, 0, 0, 0, 1, 0, 0, 0, 0, 0, 0, 0, 0, 0, 0, 0, 0, 0, 0, 0, 0, 0, 0, 0, 0, 0, 0, 0, 0, 0, 0, 0, 0, 0, 0, 0, 0, 0, 0, 0, 0, 0, 0, 0, 0, 0, 0, 0, 0, 0, 0, 1, 0, 0, 0, 0, 0, 0, 0, 0, 0, 0, 0, 0, 0, 0, 0, 0, 0, 0, 0, 0, 1, 0, 0, 0, 0, 0, 0, 0, 0, 0, 0, 0, 0, 0, 0, 0, 0, 0, 0, 0, 0, 0, 0, 0, 0, 0, 0, 0, 0, 0, 0, 0, 0, 0, 0, 0, 0, 0, 0, 0, 0, 0, 0, 0, 0, 0, 0, 0, 1, 0, 0, 0, 0, 0, 1, 0, 0, 0, 0, 0, 0, 0, 0, 0, 0, 0, 0, 0, 0, 0, 0, 0]
E = [86, 28, 86, 28, 28, 86, 225, 86, 28, 265, 86, 86, 66, 28, 28, 28, 134, 86, 86, 86, 28, 28, 28, 28, 134, 265, 86, 28, 265, 86, 86, 28, 28, 28, 28, 28, 28, 28, 28, 134, 86, 28, 265, 28, 66, 28, 134, 265, 66, 28, 28, 95, 66, 66, 95, 134, 66, 66, 161, 66, 66, 66, 66, 161, 265, 66, 66, 66, 161, 161, 66, 66, 66, 66, 66, 161, 66, 66, 66, 161, 161, 265, 161, 161, 86, 86, 95, 95, 95, 95, 95, 95, 95, 95, 95, 95, 95, 86, 265, 95, 95, 95, 86, 95, 95, 95, 86, 86, 95, 95, 86, 86, 86, 86, 86, 86, 86, 86, 86, 86, 134, 95, 134, 134, 134, 134, 134, 134, 134, 134, 134, 134, 134, 134, 134, 134, 134, 134, 134, 134, 134, 161, 134, 134, 134, 161, 134, 134, 134, 161, 161, 161, 161, 161, 161, 161, 161, 161, 161, 86, 161, 161, 161, 161, 161, 66, 66, 66, 66, 66, 66, 66, 66, 86, 299, 265, 66, 66, 161, 161, 66, 161, 86, 66, 66, 66, 66, 66, 66, 66, 66, 225, 225, 28, 225, 206, 206, 206, 206, 225, 225, 206, 206, 206, 225, 206, 225, 225, 206, 206, 225, 225, 206, 206, 206, 206, 225, 225, 206, 206, 206, 225, 225, 225, 225, 225, 206, 206, 206, 206, 225, 225, 206, 225, 206, 206, 206, 225, 225, 206, 206, 206, 206, 206, 225, 225, 225, 225, 225, 225, 28, 28, 28, 86, 86, 86, 86, 66, 265, 265, 28, 95, 86, 265, 265, 265, 265, 265, 265, 265, 265, 265, 265, 265, 265, 161, 161, 299, 299, 161, 299, 299, 299, 299, 313, 313, 313, 313, 313, 299, 299, 299, 299, 299, 299, 299, 299, 299, 299, 299, 299, 299, 313, 313, 313, 313, 313, 313, 313, 313, 313, 313, 313, 313, 313, 299, 299, 299, 299, 299, 299, 299, 299, 299, 299, 313, 313, 313, 313, 313, 313, 313, 313, 313, 360, 360, 360, 360, 360, 360, 360, 360, 360, 360, 313, 360, 313, 313, 313, 313, 313, 313, 381, 381, 381, 360, 360, 360, 360, 360, 381, 381, 381, 313, 381, 381, 381, 381, 381, 381, 381, 381, 360, 360, 360, 360, 360, 360, 381, 381, 381, 381, 381, 381, 381, 381, 381, 381, 381, 381, 381, 381, 381, 381, 381, 435, 360, 360, 360, 360, 360, 429, 429, 360, 429, 429, 429, 429, 429, 429, 429, 429, 435, 435, 381, 381, 381, 381, 381, 381, 381, 435, 435, 435, 435, 435, 429, 429, 429, 429, 429, 429, 435, 435, 435, 435, 435, 435, 435, 435, 435, 429, 429, 429, 429, 429, 28, 95, 28, 265, 206, 225]
