n° iter       = 600 
neighborhood_structure = [3] 
Prioridad     = 5 
balance       = 0.5 
Len_N         = 1 
N° clusters   = 15 
N° estaciones = 452 
N° mejoras    = 17
N° iter completadas  = 166
1° FO         = 332254.0
FO            = 284093
Centros       = [16, 57, 105, 115, 151, 171, 214, 218, 270, 293, 333, 338, 388, 394, 407]
Objs= Any[332254.0, 329684, 326027, 326027, 324195, 324195, 324195, 324195, 324195, 320858, 320334, 313355, 313355, 309720, 309720, 309720, 297329, 297329, 297329, 297329, 294091, 294091, 294091, 294091, 294091, 294091, 294091, 294091, 292612, 292612, 292612, 292612, 292612, 292612, 292612, 292612, 292612, 292612, 292612, 292612, 292612, 292612, 292612, 292612, 292224, 292224, 292224, 292224, 292224, 292224, 292224, 292224, 292224, 292224, 292224, 292224, 292224, 292224, 292224, 292224, 292224, 292224, 292224, 292224, 292224, 292224, 292224, 292224, 292224, 291525, 291525, 291525, 291525, 291525, 290382, 290382, 290382, 290382, 290382, 290382, 290382, 290382, 290382, 290382, 290382, 290382, 290382, 290382, 290382, 290382, 290382, 290382, 290382, 288289, 288289, 288289, 288289, 288289, 288289, 288289, 288289, 288289, 288289, 288289, 286908, 285820, 285820, 285820, 285820, 285820, 285820, 285820, 285820, 285820, 285820, 285820, 285820, 285820, 285820, 285820, 285820, 285820, 285820, 285820, 285820, 285820, 285820, 285820, 285820, 285820, 285820, 285820, 285820, 285820, 285820, 285820, 285820, 285820, 285820, 285820, 285820, 285820, 285820, 285820, 285820, 285820, 285820, 285820, 285820, 285820, 285820, 285820, 285820, 285820, 285820, 285820, 285820, 285820, 285820, 285820, 285820, 285820, 285820, 285820, 284093, 284093, 284093]
current_obj = [329684.0, 326027.0, 334651.0, 324195.0, 331840.0, 336940.0, 330376.0, 335295.0, 320858.0, 320334.0, 313355.0, 317296.0, 309720.0, 315146.0, 334674.0, 297329.0, 297983.0, 299933.0, 313431.0, 294091.0, 297801.0, 300007.0, 294893.0, 313630.0, 298920.0, 295865.0, 306661.0, 292612.0, 298100.0, 300039.0, 297834.0, 323018.0, 298883.0, 306038.0, 297589.0, 304642.0, 300098.0, 301271.0, 297114.0, 294052.0, 297566.0, 302682.0, 293110.0, 292224.0, 309379.0, 301457.0, 299665.0, 307379.0, 295370.0, 292727.0, 300443.0, 298411.0, 300365.0, 295696.0, 304220.0, 304847.0, 297781.0, 312193.0, 300550.0, 296493.0, 299653.0, 315680.0, 299797.0, 300866.0, 304825.0, 299848.0, 296832.0, 301063.0, 291525.0, 301401.0, 301419.0, 297025.0, 292340.0, 290382.0, 296197.0, 306336.0, 298283.0, 301836.0, 307055.0, 298318.0, 299498.0, 300354.0, 299709.0, 304723.0, 309819.0, 296481.0, 303565.0, 307616.0, 296958.0, 298335.0, 309216.0, 298681.0, 288289.0, 288340.0, 296688.0, 298672.0, 292407.0, 291341.0, 300389.0, 293548.0, 298241.0, 304141.0, 292653.0, 286908.0, 285820.0, 293423.0, 315855.0, 300905.0, 306697.0, 293579.0, 297416.0, 291811.0, 288842.0, 302367.0, 292746.0, 310523.0, 296553.0, 292599.0, 291098.0, 299318.0, 299701.0, 285978.0, 304823.0, 304410.0, 287552.0, 299717.0, 288463.0, 296465.0, 297122.0, 294252.0, 297669.0, 293843.0, 299588.0, 296633.0, 289814.0, 294202.0, 310504.0, 313898.0, 288417.0, 306845.0, 289382.0, 295568.0, 295891.0, 290084.0, 291514.0, 292941.0, 297192.0, 287970.0, 309104.0, 303445.0, 291897.0, 293335.0, 294031.0, 299284.0, 299657.0, 301635.0, 296051.0, 315752.0, 287338.0, 298305.0, 290545.0, 290031.0, 296597.0, 284093.0, 285707.0, 291146.0, 296146.0, 0.0, 0.0, 0.0, 0.0, 0.0, 0.0, 0.0, 0.0, 0.0, 0.0, 0.0, 0.0, 0.0, 0.0, 0.0, 0.0, 0.0, 0.0, 0.0, 0.0, 0.0, 0.0, 0.0, 0.0, 0.0, 0.0, 0.0, 0.0, 0.0, 0.0, 0.0, 0.0, 0.0, 0.0, 0.0, 0.0, 0.0, 0.0, 0.0, 0.0, 0.0, 0.0, 0.0, 0.0, 0.0, 0.0, 0.0, 0.0, 0.0, 0.0, 0.0, 0.0, 0.0, 0.0, 0.0, 0.0, 0.0, 0.0, 0.0, 0.0, 0.0, 0.0, 0.0, 0.0, 0.0, 0.0, 0.0, 0.0, 0.0, 0.0, 0.0, 0.0, 0.0, 0.0, 0.0, 0.0, 0.0, 0.0, 0.0, 0.0, 0.0, 0.0, 0.0, 0.0, 0.0, 0.0, 0.0, 0.0, 0.0, 0.0, 0.0, 0.0, 0.0, 0.0, 0.0, 0.0, 0.0, 0.0, 0.0, 0.0, 0.0, 0.0, 0.0, 0.0, 0.0, 0.0, 0.0, 0.0, 0.0, 0.0, 0.0, 0.0, 0.0, 0.0, 0.0, 0.0, 0.0, 0.0, 0.0, 0.0, 0.0, 0.0, 0.0, 0.0, 0.0, 0.0, 0.0, 0.0, 0.0, 0.0, 0.0, 0.0, 0.0, 0.0, 0.0, 0.0, 0.0, 0.0, 0.0, 0.0, 0.0, 0.0, 0.0, 0.0, 0.0, 0.0, 0.0, 0.0, 0.0, 0.0, 0.0, 0.0, 0.0, 0.0, 0.0, 0.0, 0.0, 0.0, 0.0, 0.0, 0.0, 0.0, 0.0, 0.0, 0.0, 0.0, 0.0, 0.0, 0.0, 0.0, 0.0, 0.0, 0.0, 0.0, 0.0, 0.0, 0.0, 0.0, 0.0, 0.0, 0.0, 0.0, 0.0, 0.0, 0.0, 0.0, 0.0, 0.0, 0.0, 0.0, 0.0, 0.0, 0.0, 0.0, 0.0, 0.0, 0.0, 0.0, 0.0, 0.0, 0.0, 0.0, 0.0, 0.0, 0.0, 0.0, 0.0, 0.0, 0.0, 0.0, 0.0, 0.0, 0.0, 0.0, 0.0, 0.0, 0.0, 0.0, 0.0, 0.0, 0.0, 0.0, 0.0, 0.0, 0.0, 0.0, 0.0, 0.0, 0.0, 0.0, 0.0, 0.0, 0.0, 0.0, 0.0, 0.0, 0.0, 0.0, 0.0, 0.0, 0.0, 0.0, 0.0, 0.0, 0.0, 0.0, 0.0, 0.0, 0.0, 0.0, 0.0, 0.0, 0.0, 0.0, 0.0, 0.0, 0.0, 0.0, 0.0, 0.0, 0.0, 0.0, 0.0, 0.0, 0.0, 0.0, 0.0, 0.0, 0.0, 0.0, 0.0, 0.0, 0.0, 0.0, 0.0, 0.0, 0.0, 0.0, 0.0, 0.0, 0.0, 0.0, 0.0, 0.0, 0.0, 0.0, 0.0, 0.0, 0.0, 0.0, 0.0, 0.0, 0.0, 0.0, 0.0, 0.0, 0.0, 0.0, 0.0, 0.0, 0.0, 0.0, 0.0, 0.0, 0.0, 0.0, 0.0, 0.0, 0.0, 0.0, 0.0, 0.0, 0.0, 0.0, 0.0, 0.0, 0.0, 0.0, 0.0, 0.0, 0.0, 0.0, 0.0, 0.0, 0.0, 0.0, 0.0, 0.0, 0.0, 0.0, 0.0, 0.0, 0.0, 0.0, 0.0, 0.0, 0.0, 0.0, 0.0, 0.0, 0.0, 0.0, 0.0, 0.0, 0.0, 0.0, 0.0, 0.0, 0.0, 0.0, 0.0, 0.0, 0.0, 0.0, 0.0, 0.0, 0.0, 0.0, 0.0, 0.0, 0.0, 0.0, 0.0, 0.0, 0.0, 0.0, 0.0, 0.0, 0.0, 0.0, 0.0, 0.0, 0.0, 0.0, 0.0, 0.0, 0.0, 0.0, 0.0, 0.0, 0.0, 0.0, 0.0, 0.0, 0.0, 0.0, 0.0, 0.0, 0.0, 0.0, 0.0, 0.0, 0.0, 0.0, 0.0, 0.0, 0.0, 0.0, 0.0, 0.0, 0.0, 0.0, 0.0, 0.0, 0.0, 0.0, 0.0, 0.0, 0.0, 0.0, 0.0, 0.0, 0.0, 0.0, 0.0, 0.0, 0.0, 0.0, 0.0, 0.0, 0.0, 0.0, 0.0, 0.0, 0.0, 0.0, 0.0, 0.0, 0.0, 0.0, 0.0, 0.0, 0.0]
cong_K= Any[3, 3, 3, 3, 3, 3, 3, 3, 3, 3, 3, 3, 3, 3, 3, 3, 3] 
obj_k= Any[329684, 326027, 324195, 320858, 320334, 313355, 309720, 297329, 294091, 292612, 292224, 291525, 290382, 288289, 286908, 285820, 284093] 
iter_obj = Any[1, 2, 4, 9, 10, 11, 13, 16, 20, 28, 44, 69, 74, 93, 104, 105, 164] 
avgClusterDiam = 2083.8 
maxClusterDiam = 2779.0 
clusterDiamete = [1929.0; 2236.0; 1982.0; 2651.0; 2038.0; 2523.0; 2263.0; 1731.0; 2779.0; 1920.0; 1811.0; 2044.0; 1526.0; 1829.0; 1995.0]   
C = [0, 0, 0, 0, 0, 0, 0, 0, 0, 0, 0, 0, 0, 0, 0, 1, 0, 0, 0, 0, 0, 0, 0, 0, 0, 0, 0, 0, 0, 0, 0, 0, 0, 0, 0, 0, 0, 0, 0, 0, 0, 0, 0, 0, 0, 0, 0, 0, 0, 0, 0, 0, 0, 0, 0, 0, 1, 0, 0, 0, 0, 0, 0, 0, 0, 0, 0, 0, 0, 0, 0, 0, 0, 0, 0, 0, 0, 0, 0, 0, 0, 0, 0, 0, 0, 0, 0, 0, 0, 0, 0, 0, 0, 0, 0, 0, 0, 0, 0, 0, 0, 0, 0, 0, 1, 0, 0, 0, 0, 0, 0, 0, 0, 0, 1, 0, 0, 0, 0, 0, 0, 0, 0, 0, 0, 0, 0, 0, 0, 0, 0, 0, 0, 0, 0, 0, 0, 0, 0, 0, 0, 0, 0, 0, 0, 0, 0, 0, 0, 0, 1, 0, 0, 0, 0, 0, 0, 0, 0, 0, 0, 0, 0, 0, 0, 0, 0, 0, 0, 0, 1, 0, 0, 0, 0, 0, 0, 0, 0, 0, 0, 0, 0, 0, 0, 0, 0, 0, 0, 0, 0, 0, 0, 0, 0, 0, 0, 0, 0, 0, 0, 0, 0, 0, 0, 0, 0, 0, 0, 0, 0, 0, 0, 1, 0, 0, 0, 1, 0, 0, 0, 0, 0, 0, 0, 0, 0, 0, 0, 0, 0, 0, 0, 0, 0, 0, 0, 0, 0, 0, 0, 0, 0, 0, 0, 0, 0, 0, 0, 0, 0, 0, 0, 0, 0, 0, 0, 0, 0, 0, 0, 0, 0, 0, 0, 0, 0, 0, 0, 1, 0, 0, 0, 0, 0, 0, 0, 0, 0, 0, 0, 0, 0, 0, 0, 0, 0, 0, 0, 0, 0, 0, 1, 0, 0, 0, 0, 0, 0, 0, 0, 0, 0, 0, 0, 0, 0, 0, 0, 0, 0, 0, 0, 0, 0, 0, 0, 0, 0, 0, 0, 0, 0, 0, 0, 0, 0, 0, 0, 0, 0, 0, 1, 0, 0, 0, 0, 1, 0, 0, 0, 0, 0, 0, 0, 0, 0, 0, 0, 0, 0, 0, 0, 0, 0, 0, 0, 0, 0, 0, 0, 0, 0, 0, 0, 0, 0, 0, 0, 0, 0, 0, 0, 0, 0, 0, 0, 0, 0, 0, 0, 0, 0, 0, 0, 0, 0, 1, 0, 0, 0, 0, 0, 1, 0, 0, 0, 0, 0, 0, 0, 0, 0, 0, 0, 0, 1, 0, 0, 0, 0, 0, 0, 0, 0, 0, 0, 0, 0, 0, 0, 0, 0, 0, 0, 0, 0, 0, 0, 0, 0, 0, 0, 0, 0, 0, 0, 0, 0, 0, 0, 0, 0, 0, 0, 0, 0, 0, 0, 0, 0, 0]
E = [16, 16, 115, 16, 16, 16, 57, 115, 16, 270, 115, 115, 57, 16, 16, 16, 16, 115, 115, 115, 57, 16, 16, 16, 16, 270, 115, 57, 270, 270, 115, 16, 16, 16, 16, 57, 57, 16, 16, 16, 270, 16, 270, 57, 57, 57, 16, 270, 57, 57, 57, 270, 57, 57, 105, 151, 57, 57, 151, 57, 57, 57, 57, 151, 270, 57, 57, 57, 151, 57, 57, 57, 57, 57, 171, 57, 171, 171, 171, 171, 151, 270, 171, 151, 115, 115, 105, 105, 105, 105, 105, 105, 105, 105, 105, 105, 105, 270, 270, 105, 105, 105, 115, 105, 105, 105, 115, 115, 105, 105, 115, 270, 115, 115, 115, 115, 115, 115, 115, 115, 115, 105, 115, 115, 115, 115, 115, 115, 16, 115, 151, 115, 115, 151, 151, 151, 151, 151, 151, 151, 151, 151, 151, 151, 151, 151, 151, 151, 151, 151, 151, 151, 151, 151, 151, 151, 151, 151, 151, 115, 151, 151, 151, 293, 151, 171, 171, 171, 171, 171, 171, 171, 171, 115, 171, 270, 171, 171, 171, 293, 171, 171, 115, 57, 57, 57, 57, 171, 171, 171, 171, 218, 214, 57, 218, 218, 214, 214, 214, 218, 218, 214, 214, 218, 218, 214, 218, 218, 214, 218, 218, 218, 214, 214, 214, 214, 218, 218, 214, 214, 214, 218, 218, 218, 218, 218, 214, 214, 214, 214, 218, 218, 214, 218, 214, 214, 214, 218, 218, 214, 214, 214, 214, 214, 218, 218, 218, 16, 16, 218, 16, 16, 16, 270, 115, 270, 16, 57, 270, 270, 16, 105, 270, 270, 270, 270, 270, 270, 270, 270, 270, 270, 270, 270, 270, 293, 293, 293, 293, 293, 293, 293, 293, 171, 171, 171, 171, 171, 171, 293, 293, 293, 293, 293, 293, 293, 293, 293, 293, 293, 293, 293, 293, 171, 171, 171, 171, 333, 333, 333, 333, 333, 333, 333, 333, 338, 293, 293, 293, 293, 338, 338, 338, 338, 338, 333, 333, 333, 333, 333, 333, 333, 333, 333, 338, 338, 338, 338, 338, 338, 338, 338, 338, 338, 338, 333, 333, 333, 333, 333, 333, 333, 333, 333, 333, 338, 338, 338, 338, 338, 333, 333, 333, 333, 333, 388, 388, 388, 388, 388, 394, 394, 338, 338, 338, 407, 394, 394, 394, 394, 388, 388, 388, 388, 388, 388, 388, 388, 388, 388, 388, 394, 394, 394, 394, 394, 394, 394, 394, 394, 407, 407, 407, 407, 407, 407, 407, 407, 407, 407, 407, 407, 394, 394, 394, 388, 388, 388, 388, 388, 388, 388, 394, 394, 394, 407, 407, 407, 407, 407, 407, 407, 394, 394, 394, 388, 394, 394, 394, 407, 407, 407, 407, 407, 407, 407, 57, 105, 57, 270, 214, 218]
