n° iter       = 600 
neighborhood_structure = [1 2 3] 
Prioridad     = 5 
balance       = 0.5 
Len_N         = 3 
N° clusters   = 15 
N° estaciones = 452 
N° mejoras    = 40
N° iter completadas  = 426
1° FO         = 328069.0
FO            = 268929
Centros       = [19, 28, 72, 87, 134, 153, 215, 225, 264, 299, 308, 358, 362, 415, 427]
Objs= Any[328069.0, 310355, 299946, 298571, 297136, 296989, 294161, 291436, 290039, 288562, 287897, 285264, 284190, 284190, 284190, 284190, 283395, 283395, 283395, 282269, 282269, 280689, 280689, 280689, 280399, 280399, 280399, 280399, 280399, 279301, 279301, 279301, 279301, 279301, 279301, 278743, 278743, 278134, 276028, 275871, 275871, 275532, 275532, 275532, 275532, 274710, 272681, 272681, 272681, 272681, 271888, 271888, 271888, 271888, 271666, 271666, 271666, 271666, 271666, 271666, 271666, 271666, 271666, 271666, 271666, 271666, 271666, 271666, 271666, 271666, 271397, 271397, 271397, 271397, 271272, 271272, 270945, 270945, 270945, 270945, 270945, 270730, 270730, 270730, 270730, 270730, 270730, 270730, 270730, 270730, 270321, 270321, 270321, 270321, 270321, 270321, 270321, 270321, 270321, 270321, 270321, 270321, 270321, 270321, 270321, 270321, 270321, 270321, 270321, 270321, 270321, 270321, 270321, 270321, 270321, 270321, 270321, 269757, 269757, 269757, 269757, 269757, 269757, 269757, 269757, 269757, 269757, 269757, 269757, 269757, 269757, 269757, 269757, 269757, 269757, 269757, 269757, 269757, 269757, 269757, 269757, 269757, 269757, 269757, 269757, 269757, 269654, 269654, 269654, 269654, 269654, 269654, 269654, 269654, 269654, 269654, 269654, 269654, 269654, 269654, 269654, 269619, 269619, 269619, 269619, 269619, 269619, 269619, 269619, 269308, 269308, 269207, 269207, 269207, 269207, 269207, 269207, 269207, 269207, 269207, 269207, 269207, 269207, 269207, 269207, 269207, 269207, 269207, 269207, 269207, 269207, 269207, 269207, 269207, 269207, 269207, 269207, 269207, 269207, 269177, 269177, 269177, 269177, 269177, 269177, 269177, 269177, 269177, 269177, 269177, 269177, 269177, 269177, 269177, 269177, 269132, 269132, 269132, 269132, 269132, 269132, 269132, 269132, 269132, 269132, 269132, 269132, 269132, 269132, 269132, 269132, 269132, 269132, 269132, 269132, 269132, 269132, 269132, 269132, 269132, 269132, 269132, 269132, 269132, 269132, 269132, 269132, 269132, 269132, 269132, 269132, 269132, 269132, 269132, 269132, 269132, 269132, 269132, 269132, 269132, 269132, 269132, 269132, 269132, 269132, 269132, 269132, 269132, 269132, 269132, 269132, 269132, 269132, 269132, 269132, 269132, 268990, 268929, 268929, 268929, 268929, 268929, 268929, 268929, 268929, 268929, 268929, 268929, 268929, 268929, 268929, 268929, 268929, 268929, 268929, 268929, 268929, 268929, 268929, 268929, 268929, 268929, 268929, 268929, 268929, 268929, 268929, 268929, 268929, 268929, 268929, 268929, 268929, 268929, 268929, 268929, 268929, 268929, 268929, 268929, 268929, 268929, 268929, 268929, 268929, 268929, 268929, 268929, 268929, 268929, 268929, 268929, 268929, 268929, 268929, 268929, 268929, 268929, 268929, 268929, 268929, 268929, 268929, 268929, 268929, 268929, 268929, 268929, 268929, 268929, 268929, 268929, 268929, 268929, 268929, 268929, 268929, 268929, 268929, 268929, 268929, 268929, 268929, 268929, 268929, 268929, 268929, 268929, 268929, 268929, 268929, 268929, 268929, 268929, 268929, 268929, 268929, 268929, 268929, 268929, 268929, 268929, 268929, 268929, 268929, 268929, 268929, 268929, 268929, 268929, 268929, 268929, 268929, 268929, 268929, 268929, 268929, 268929, 268929, 268929, 268929, 268929, 268929, 268929, 268929, 268929, 268929, 268929, 268929, 268929, 268929, 268929, 268929, 268929, 268929, 268929, 268929, 268929, 268929, 268929, 268929, 268929, 268929, 268929, 268929, 268929, 268929]
current_obj = [310355.0, 299946.0, 298571.0, 297136.0, 296989.0, 294161.0, 291436.0, 290039.0, 288562.0, 287897.0, 285264.0, 284190.0, 287401.0, 285557.0, 285226.0, 283395.0, 285381.0, 284044.0, 282269.0, 282401.0, 280689.0, 282106.0, 281879.0, 280399.0, 280638.0, 282375.0, 281535.0, 283259.0, 279301.0, 279682.0, 280077.0, 280717.0, 279488.0, 281754.0, 278743.0, 279355.0, 278134.0, 276028.0, 275871.0, 276868.0, 275532.0, 276235.0, 280688.0, 275752.0, 274710.0, 272681.0, 273764.0, 274075.0, 273926.0, 271888.0, 273083.0, 274479.0, 273994.0, 271666.0, 274078.0, 273636.0, 275157.0, 276303.0, 272240.0, 274706.0, 273436.0, 273540.0, 272749.0, 273551.0, 271772.0, 271941.0, 272530.0, 277817.0, 272530.0, 271397.0, 276413.0, 272807.0, 272642.0, 271272.0, 272391.0, 270945.0, 274213.0, 272167.0, 272080.0, 276182.0, 270730.0, 272088.0, 273006.0, 275052.0, 271571.0, 271957.0, 271865.0, 273908.0, 274388.0, 270321.0, 273650.0, 272912.0, 271146.0, 270649.0, 271647.0, 272912.0, 270623.0, 272168.0, 272168.0, 271647.0, 270572.0, 274256.0, 273103.0, 270364.0, 271750.0, 270566.0, 272540.0, 273428.0, 272548.0, 271813.0, 273674.0, 270695.0, 274476.0, 271175.0, 272912.0, 271162.0, 269757.0, 270072.0, 271167.0, 270072.0, 270805.0, 270044.0, 271154.0, 269973.0, 270611.0, 271069.0, 271594.0, 269972.0, 271181.0, 271680.0, 271688.0, 269876.0, 270202.0, 272674.0, 270632.0, 270320.0, 271061.0, 273297.0, 270291.0, 272977.0, 275039.0, 271418.0, 270840.0, 271233.0, 270513.0, 269654.0, 272473.0, 270239.0, 270729.0, 272055.0, 269973.0, 272958.0, 270040.0, 272813.0, 271777.0, 270872.0, 270763.0, 272145.0, 271146.0, 271433.0, 269619.0, 269978.0, 270529.0, 271070.0, 272912.0, 270212.0, 271242.0, 272656.0, 269308.0, 273990.0, 269207.0, 270231.0, 269430.0, 272112.0, 269941.0, 269737.0, 273059.0, 274533.0, 271742.0, 271342.0, 272885.0, 271451.0, 270557.0, 271301.0, 271821.0, 270452.0, 270708.0, 271229.0, 271342.0, 271425.0, 271781.0, 271775.0, 269368.0, 271213.0, 271168.0, 269517.0, 271959.0, 271342.0, 269177.0, 270745.0, 269926.0, 272518.0, 272726.0, 274111.0, 269207.0, 269985.0, 271154.0, 271791.0, 269278.0, 272509.0, 269605.0, 270381.0, 271537.0, 270393.0, 269132.0, 269807.0, 271535.0, 273227.0, 270745.0, 272595.0, 270646.0, 269391.0, 270219.0, 272595.0, 270432.0, 272374.0, 269973.0, 272260.0, 269177.0, 271505.0, 269816.0, 270621.0, 269361.0, 272481.0, 270029.0, 271141.0, 272101.0, 270287.0, 269217.0, 270215.0, 269225.0, 270359.0, 270338.0, 270885.0, 272660.0, 270001.0, 269354.0, 270398.0, 270166.0, 270485.0, 270053.0, 271505.0, 273356.0, 272512.0, 270365.0, 270126.0, 269709.0, 269646.0, 271237.0, 269217.0, 271110.0, 271409.0, 272822.0, 276547.0, 271865.0, 270001.0, 274085.0, 270083.0, 272004.0, 269956.0, 270120.0, 273456.0, 270449.0, 273409.0, 270001.0, 268990.0, 268929.0, 270022.0, 270766.0, 271169.0, 269147.0, 270418.0, 270207.0, 270482.0, 269249.0, 270474.0, 271551.0, 270372.0, 269420.0, 269435.0, 273983.0, 269370.0, 271896.0, 270117.0, 274374.0, 269250.0, 272589.0, 272041.0, 269858.0, 270982.0, 269158.0, 270156.0, 270909.0, 271232.0, 269433.0, 272278.0, 269159.0, 271514.0, 270400.0, 272712.0, 271648.0, 270793.0, 274220.0, 271480.0, 269147.0, 269770.0, 271879.0, 270230.0, 269985.0, 273787.0, 271029.0, 271082.0, 269480.0, 271817.0, 270587.0, 270867.0, 270515.0, 270793.0, 274526.0, 268991.0, 269147.0, 269739.0, 270401.0, 270918.0, 271001.0, 273889.0, 275905.0, 271476.0, 270117.0, 270776.0, 269199.0, 270637.0, 270401.0, 274149.0, 270823.0, 272399.0, 272029.0, 270918.0, 269278.0, 271896.0, 269445.0, 270976.0, 270131.0, 271842.0, 274095.0, 269250.0, 270401.0, 270066.0, 269278.0, 269278.0, 269250.0, 269934.0, 272943.0, 269455.0, 269151.0, 270766.0, 273528.0, 269652.0, 271961.0, 269159.0, 270156.0, 271583.0, 272984.0, 269745.0, 271011.0, 269857.0, 274174.0, 271070.0, 269764.0, 269480.0, 271476.0, 270670.0, 274321.0, 272882.0, 272505.0, 269576.0, 269419.0, 273096.0, 269445.0, 271001.0, 270229.0, 269548.0, 273190.0, 270012.0, 271001.0, 271514.0, 269726.0, 269869.0, 269759.0, 272822.0, 269872.0, 270103.0, 270377.0, 273093.0, 269816.0, 270903.0, 273476.0, 268990.0, 269732.0, 274244.0, 269548.0, 270971.0, 270587.0, 273784.0, 270135.0, 269451.0, 268991.0, 269325.0, 269623.0, 271539.0, 268990.0, 269022.0, 274479.0, 271765.0, 269759.0, 269731.0, 270012.0, 0.0, 0.0, 0.0, 0.0, 0.0, 0.0, 0.0, 0.0, 0.0, 0.0, 0.0, 0.0, 0.0, 0.0, 0.0, 0.0, 0.0, 0.0, 0.0, 0.0, 0.0, 0.0, 0.0, 0.0, 0.0, 0.0, 0.0, 0.0, 0.0, 0.0, 0.0, 0.0, 0.0, 0.0, 0.0, 0.0, 0.0, 0.0, 0.0, 0.0, 0.0, 0.0, 0.0, 0.0, 0.0, 0.0, 0.0, 0.0, 0.0, 0.0, 0.0, 0.0, 0.0, 0.0, 0.0, 0.0, 0.0, 0.0, 0.0, 0.0, 0.0, 0.0, 0.0, 0.0, 0.0, 0.0, 0.0, 0.0, 0.0, 0.0, 0.0, 0.0, 0.0, 0.0, 0.0, 0.0, 0.0, 0.0, 0.0, 0.0, 0.0, 0.0, 0.0, 0.0, 0.0, 0.0, 0.0, 0.0, 0.0, 0.0, 0.0, 0.0, 0.0, 0.0, 0.0, 0.0, 0.0, 0.0, 0.0, 0.0, 0.0, 0.0, 0.0, 0.0, 0.0, 0.0, 0.0, 0.0, 0.0, 0.0, 0.0, 0.0, 0.0, 0.0, 0.0, 0.0, 0.0, 0.0, 0.0, 0.0, 0.0, 0.0, 0.0, 0.0, 0.0, 0.0, 0.0, 0.0, 0.0, 0.0, 0.0, 0.0, 0.0, 0.0, 0.0, 0.0, 0.0, 0.0, 0.0, 0.0, 0.0, 0.0, 0.0, 0.0, 0.0, 0.0, 0.0, 0.0, 0.0, 0.0, 0.0, 0.0, 0.0, 0.0, 0.0, 0.0, 0.0, 0.0, 0.0, 0.0, 0.0, 0.0, 0.0, 0.0, 0.0, 0.0, 0.0, 0.0, 0.0, 0.0, 0.0, 0.0, 0.0]
cong_K= Any[3, 3, 1, 2, 1, 1, 1, 1, 2, 2, 1, 3, 1, 1, 3, 1, 3, 1, 1, 2, 1, 1, 1, 1, 1, 1, 1, 1, 1, 1, 2, 1, 1, 1, 1, 1, 1, 1, 1, 1] 
obj_k= Any[310355, 299946, 298571, 297136, 296989, 294161, 291436, 290039, 288562, 287897, 285264, 284190, 283395, 282269, 280689, 280399, 279301, 278743, 278134, 276028, 275871, 275532, 274710, 272681, 271888, 271666, 271397, 271272, 270945, 270730, 270321, 269757, 269654, 269619, 269308, 269207, 269177, 269132, 268990, 268929] 
iter_obj = Any[1, 2, 3, 4, 5, 6, 7, 8, 9, 10, 11, 12, 16, 19, 21, 24, 29, 35, 37, 38, 39, 41, 45, 46, 50, 54, 70, 74, 76, 81, 90, 117, 146, 161, 169, 171, 199, 215, 276, 277] 
avgClusterDiam = 1912.0 
maxClusterDiam = 2382.0 
clusterDiamete = [1992.0; 1766.0; 2382.0; 2191.0; 1719.0; 1936.0; 1960.0; 1702.0; 2034.0; 1736.0; 1730.0; 2239.0; 1788.0; 1597.0; 1908.0]   
C = [0, 0, 0, 0, 0, 0, 0, 0, 0, 0, 0, 0, 0, 0, 0, 0, 0, 0, 1, 0, 0, 0, 0, 0, 0, 0, 0, 1, 0, 0, 0, 0, 0, 0, 0, 0, 0, 0, 0, 0, 0, 0, 0, 0, 0, 0, 0, 0, 0, 0, 0, 0, 0, 0, 0, 0, 0, 0, 0, 0, 0, 0, 0, 0, 0, 0, 0, 0, 0, 0, 0, 1, 0, 0, 0, 0, 0, 0, 0, 0, 0, 0, 0, 0, 0, 0, 1, 0, 0, 0, 0, 0, 0, 0, 0, 0, 0, 0, 0, 0, 0, 0, 0, 0, 0, 0, 0, 0, 0, 0, 0, 0, 0, 0, 0, 0, 0, 0, 0, 0, 0, 0, 0, 0, 0, 0, 0, 0, 0, 0, 0, 0, 0, 1, 0, 0, 0, 0, 0, 0, 0, 0, 0, 0, 0, 0, 0, 0, 0, 0, 0, 0, 1, 0, 0, 0, 0, 0, 0, 0, 0, 0, 0, 0, 0, 0, 0, 0, 0, 0, 0, 0, 0, 0, 0, 0, 0, 0, 0, 0, 0, 0, 0, 0, 0, 0, 0, 0, 0, 0, 0, 0, 0, 0, 0, 0, 0, 0, 0, 0, 0, 0, 0, 0, 0, 0, 0, 0, 0, 0, 0, 0, 0, 0, 1, 0, 0, 0, 0, 0, 0, 0, 0, 0, 1, 0, 0, 0, 0, 0, 0, 0, 0, 0, 0, 0, 0, 0, 0, 0, 0, 0, 0, 0, 0, 0, 0, 0, 0, 0, 0, 0, 0, 0, 0, 0, 0, 0, 0, 0, 0, 0, 0, 1, 0, 0, 0, 0, 0, 0, 0, 0, 0, 0, 0, 0, 0, 0, 0, 0, 0, 0, 0, 0, 0, 0, 0, 0, 0, 0, 0, 0, 0, 0, 0, 0, 0, 0, 1, 0, 0, 0, 0, 0, 0, 0, 0, 1, 0, 0, 0, 0, 0, 0, 0, 0, 0, 0, 0, 0, 0, 0, 0, 0, 0, 0, 0, 0, 0, 0, 0, 0, 0, 0, 0, 0, 0, 0, 0, 0, 0, 0, 0, 0, 0, 0, 0, 0, 0, 0, 0, 0, 0, 0, 0, 0, 0, 1, 0, 0, 0, 1, 0, 0, 0, 0, 0, 0, 0, 0, 0, 0, 0, 0, 0, 0, 0, 0, 0, 0, 0, 0, 0, 0, 0, 0, 0, 0, 0, 0, 0, 0, 0, 0, 0, 0, 0, 0, 0, 0, 0, 0, 0, 0, 0, 0, 0, 0, 0, 0, 0, 0, 0, 0, 1, 0, 0, 0, 0, 0, 0, 0, 0, 0, 0, 0, 1, 0, 0, 0, 0, 0, 0, 0, 0, 0, 0, 0, 0, 0, 0, 0, 0, 0, 0, 0, 0, 0, 0, 0, 0, 0]
E = [19, 28, 19, 28, 19, 19, 28, 19, 28, 264, 19, 19, 72, 28, 28, 19, 19, 19, 19, 19, 28, 28, 28, 28, 19, 264, 19, 28, 264, 19, 264, 28, 28, 28, 19, 28, 28, 28, 28, 134, 264, 28, 87, 28, 72, 28, 134, 87, 28, 28, 28, 87, 72, 72, 87, 134, 72, 28, 153, 72, 153, 72, 72, 153, 87, 72, 72, 72, 153, 153, 153, 72, 72, 72, 72, 153, 72, 72, 72, 72, 153, 87, 153, 153, 19, 19, 87, 87, 87, 87, 87, 87, 87, 87, 87, 87, 87, 87, 87, 87, 87, 87, 19, 87, 87, 87, 87, 87, 87, 87, 19, 19, 19, 19, 19, 264, 19, 19, 19, 19, 19, 87, 134, 134, 134, 134, 134, 134, 134, 134, 134, 134, 134, 134, 134, 134, 134, 134, 134, 134, 134, 153, 134, 134, 134, 153, 134, 134, 134, 153, 153, 153, 153, 153, 153, 153, 153, 153, 153, 19, 153, 153, 153, 153, 153, 72, 72, 72, 72, 72, 72, 72, 308, 264, 308, 264, 72, 72, 153, 153, 72, 153, 19, 72, 72, 72, 72, 72, 72, 72, 72, 225, 225, 28, 225, 215, 215, 215, 215, 225, 225, 215, 215, 215, 225, 215, 225, 225, 215, 215, 225, 225, 215, 215, 215, 215, 225, 225, 215, 215, 215, 215, 225, 225, 225, 225, 215, 215, 215, 215, 225, 225, 215, 225, 215, 215, 215, 215, 225, 215, 215, 215, 215, 215, 225, 225, 225, 225, 225, 225, 28, 28, 28, 264, 19, 19, 19, 72, 264, 87, 28, 87, 19, 264, 264, 264, 264, 264, 264, 264, 264, 264, 264, 264, 264, 153, 153, 153, 299, 153, 299, 299, 299, 308, 308, 308, 308, 308, 308, 308, 299, 299, 299, 299, 299, 299, 299, 299, 299, 299, 299, 299, 308, 308, 308, 308, 308, 308, 308, 308, 308, 308, 308, 308, 308, 299, 299, 299, 299, 299, 299, 299, 299, 358, 299, 308, 308, 308, 308, 308, 362, 362, 362, 362, 358, 358, 358, 358, 358, 358, 358, 358, 358, 358, 362, 358, 362, 362, 362, 362, 362, 362, 362, 362, 362, 358, 358, 358, 358, 358, 362, 362, 362, 362, 362, 362, 362, 362, 362, 362, 362, 358, 358, 358, 358, 358, 358, 358, 415, 415, 415, 415, 362, 362, 362, 362, 415, 415, 415, 415, 415, 415, 415, 415, 415, 415, 358, 427, 427, 427, 427, 427, 427, 358, 427, 427, 427, 427, 427, 427, 427, 427, 415, 415, 415, 415, 415, 415, 415, 415, 415, 415, 415, 415, 427, 427, 427, 427, 427, 427, 427, 427, 427, 427, 415, 415, 415, 415, 427, 427, 427, 427, 427, 427, 427, 427, 28, 87, 28, 264, 215, 225]
