n° iter       = 600 
neighborhood_structure = [2] 
Prioridad     = 5 
balance       = 0.5 
Len_N         = 3 
N° clusters   = 15 
N° estaciones = 452 
N° mejoras    = 27
N° iter completadas  = 176
1° FO         = 345297.0
FO            = 274899
Centros       = [18, 37, 81, 87, 138, 177, 214, 218, 275, 292, 308, 344, 362, 415, 428]
Objs= Any[345297.0, 340203, 333750, 315138, 310968, 308314, 304004, 302410, 301557, 297442, 297442, 295989, 295989, 295989, 293317, 293317, 287942, 287942, 287942, 287942, 287942, 287942, 287439, 287439, 287439, 287439, 285345, 285345, 285345, 285345, 285345, 284690, 284690, 284690, 284071, 282774, 282774, 282774, 282774, 282521, 282521, 280949, 280517, 280517, 280517, 280128, 280128, 280128, 280128, 280128, 280128, 280128, 279776, 279776, 279776, 278092, 278092, 278092, 278092, 278092, 278092, 278092, 277838, 277838, 277838, 277838, 277838, 277838, 277838, 277838, 277838, 277838, 277838, 277838, 277838, 277838, 277838, 277838, 277838, 277838, 277838, 277838, 277838, 277838, 277468, 277468, 277468, 277468, 276028, 276028, 276028, 276028, 276028, 276028, 276028, 276028, 276028, 276028, 276028, 276028, 276028, 276028, 276028, 276028, 276028, 276028, 276028, 276028, 276028, 276028, 276028, 276028, 276028, 276028, 276028, 276028, 276028, 276028, 276028, 276028, 276028, 276028, 276028, 276028, 276028, 276028, 276028, 276028, 276028, 276028, 276028, 276028, 276028, 276028, 276028, 276028, 276028, 276028, 276028, 276028, 276028, 276028, 276028, 276028, 276028, 276028, 276028, 274899, 274899, 274899, 274899, 274899, 274899, 274899, 274899, 274899, 274899, 274899, 274899, 274899, 274899, 274899, 274899, 274899, 274899, 274899, 274899, 274899, 274899, 274899, 274899, 274899, 274899, 274899, 274899, 274899, 274899]
current_obj = [340203.0, 333750.0, 315138.0, 310968.0, 308314.0, 304004.0, 302410.0, 301557.0, 297442.0, 300614.0, 295989.0, 301205.0, 298146.0, 293317.0, 301712.0, 287942.0, 294521.0, 292660.0, 290080.0, 290083.0, 293526.0, 287439.0, 291913.0, 293202.0, 290415.0, 285345.0, 287640.0, 288059.0, 293263.0, 289258.0, 284690.0, 291692.0, 285013.0, 284071.0, 282774.0, 287764.0, 291151.0, 283941.0, 282521.0, 283757.0, 280949.0, 280517.0, 286988.0, 285342.0, 280128.0, 288484.0, 284180.0, 283712.0, 286864.0, 281062.0, 287585.0, 279776.0, 288477.0, 285233.0, 278092.0, 278188.0, 280627.0, 280419.0, 279386.0, 290575.0, 285095.0, 277838.0, 284269.0, 279560.0, 278074.0, 279481.0, 278693.0, 284152.0, 281454.0, 282169.0, 284397.0, 283072.0, 281220.0, 283800.0, 285389.0, 286684.0, 281479.0, 285875.0, 284019.0, 285655.0, 286042.0, 287930.0, 281034.0, 277468.0, 282003.0, 281799.0, 280342.0, 276028.0, 282169.0, 279037.0, 282417.0, 279477.0, 278345.0, 283541.0, 280726.0, 276420.0, 278265.0, 281116.0, 285021.0, 276071.0, 286051.0, 283327.0, 283411.0, 276738.0, 278406.0, 277768.0, 279466.0, 284913.0, 277643.0, 278050.0, 282518.0, 283456.0, 277198.0, 276766.0, 283609.0, 281930.0, 278101.0, 278782.0, 282110.0, 283863.0, 277949.0, 280738.0, 282231.0, 282013.0, 281465.0, 284090.0, 277407.0, 280368.0, 280444.0, 278806.0, 283793.0, 281769.0, 278585.0, 277569.0, 280470.0, 276591.0, 284423.0, 278281.0, 284692.0, 277233.0, 280640.0, 276564.0, 280275.0, 279393.0, 277262.0, 279869.0, 274899.0, 278113.0, 285953.0, 278009.0, 277705.0, 274921.0, 276771.0, 279853.0, 278409.0, 275961.0, 280525.0, 278142.0, 278046.0, 278707.0, 279943.0, 278305.0, 286090.0, 275342.0, 277552.0, 287310.0, 277887.0, 277306.0, 278492.0, 276537.0, 276849.0, 281666.0, 278974.0, 279551.0, 280653.0, 277750.0, 281921.0, 0.0, 0.0, 0.0, 0.0, 0.0, 0.0, 0.0, 0.0, 0.0, 0.0, 0.0, 0.0, 0.0, 0.0, 0.0, 0.0, 0.0, 0.0, 0.0, 0.0, 0.0, 0.0, 0.0, 0.0, 0.0, 0.0, 0.0, 0.0, 0.0, 0.0, 0.0, 0.0, 0.0, 0.0, 0.0, 0.0, 0.0, 0.0, 0.0, 0.0, 0.0, 0.0, 0.0, 0.0, 0.0, 0.0, 0.0, 0.0, 0.0, 0.0, 0.0, 0.0, 0.0, 0.0, 0.0, 0.0, 0.0, 0.0, 0.0, 0.0, 0.0, 0.0, 0.0, 0.0, 0.0, 0.0, 0.0, 0.0, 0.0, 0.0, 0.0, 0.0, 0.0, 0.0, 0.0, 0.0, 0.0, 0.0, 0.0, 0.0, 0.0, 0.0, 0.0, 0.0, 0.0, 0.0, 0.0, 0.0, 0.0, 0.0, 0.0, 0.0, 0.0, 0.0, 0.0, 0.0, 0.0, 0.0, 0.0, 0.0, 0.0, 0.0, 0.0, 0.0, 0.0, 0.0, 0.0, 0.0, 0.0, 0.0, 0.0, 0.0, 0.0, 0.0, 0.0, 0.0, 0.0, 0.0, 0.0, 0.0, 0.0, 0.0, 0.0, 0.0, 0.0, 0.0, 0.0, 0.0, 0.0, 0.0, 0.0, 0.0, 0.0, 0.0, 0.0, 0.0, 0.0, 0.0, 0.0, 0.0, 0.0, 0.0, 0.0, 0.0, 0.0, 0.0, 0.0, 0.0, 0.0, 0.0, 0.0, 0.0, 0.0, 0.0, 0.0, 0.0, 0.0, 0.0, 0.0, 0.0, 0.0, 0.0, 0.0, 0.0, 0.0, 0.0, 0.0, 0.0, 0.0, 0.0, 0.0, 0.0, 0.0, 0.0, 0.0, 0.0, 0.0, 0.0, 0.0, 0.0, 0.0, 0.0, 0.0, 0.0, 0.0, 0.0, 0.0, 0.0, 0.0, 0.0, 0.0, 0.0, 0.0, 0.0, 0.0, 0.0, 0.0, 0.0, 0.0, 0.0, 0.0, 0.0, 0.0, 0.0, 0.0, 0.0, 0.0, 0.0, 0.0, 0.0, 0.0, 0.0, 0.0, 0.0, 0.0, 0.0, 0.0, 0.0, 0.0, 0.0, 0.0, 0.0, 0.0, 0.0, 0.0, 0.0, 0.0, 0.0, 0.0, 0.0, 0.0, 0.0, 0.0, 0.0, 0.0, 0.0, 0.0, 0.0, 0.0, 0.0, 0.0, 0.0, 0.0, 0.0, 0.0, 0.0, 0.0, 0.0, 0.0, 0.0, 0.0, 0.0, 0.0, 0.0, 0.0, 0.0, 0.0, 0.0, 0.0, 0.0, 0.0, 0.0, 0.0, 0.0, 0.0, 0.0, 0.0, 0.0, 0.0, 0.0, 0.0, 0.0, 0.0, 0.0, 0.0, 0.0, 0.0, 0.0, 0.0, 0.0, 0.0, 0.0, 0.0, 0.0, 0.0, 0.0, 0.0, 0.0, 0.0, 0.0, 0.0, 0.0, 0.0, 0.0, 0.0, 0.0, 0.0, 0.0, 0.0, 0.0, 0.0, 0.0, 0.0, 0.0, 0.0, 0.0, 0.0, 0.0, 0.0, 0.0, 0.0, 0.0, 0.0, 0.0, 0.0, 0.0, 0.0, 0.0, 0.0, 0.0, 0.0, 0.0, 0.0, 0.0, 0.0, 0.0, 0.0, 0.0, 0.0, 0.0, 0.0, 0.0, 0.0, 0.0, 0.0, 0.0, 0.0, 0.0, 0.0, 0.0, 0.0, 0.0, 0.0, 0.0, 0.0, 0.0, 0.0, 0.0, 0.0, 0.0, 0.0, 0.0, 0.0, 0.0, 0.0, 0.0, 0.0, 0.0, 0.0, 0.0, 0.0, 0.0, 0.0, 0.0, 0.0, 0.0, 0.0, 0.0, 0.0, 0.0, 0.0, 0.0, 0.0, 0.0, 0.0, 0.0, 0.0, 0.0, 0.0, 0.0, 0.0, 0.0, 0.0, 0.0, 0.0, 0.0, 0.0, 0.0, 0.0, 0.0, 0.0, 0.0, 0.0, 0.0, 0.0, 0.0, 0.0, 0.0, 0.0, 0.0, 0.0, 0.0, 0.0, 0.0, 0.0, 0.0, 0.0, 0.0, 0.0, 0.0, 0.0, 0.0, 0.0, 0.0, 0.0, 0.0, 0.0, 0.0, 0.0, 0.0, 0.0, 0.0, 0.0]
cong_K= Any[2, 2, 2, 2, 2, 2, 2, 2, 2, 2, 2, 2, 2, 2, 2, 2, 2, 2, 2, 2, 2, 2, 2, 2, 2, 2, 2] 
obj_k= Any[340203, 333750, 315138, 310968, 308314, 304004, 302410, 301557, 297442, 295989, 293317, 287942, 287439, 285345, 284690, 284071, 282774, 282521, 280949, 280517, 280128, 279776, 278092, 277838, 277468, 276028, 274899] 
iter_obj = Any[1, 2, 3, 4, 5, 6, 7, 8, 9, 11, 14, 16, 22, 26, 31, 34, 35, 39, 41, 42, 45, 52, 55, 62, 84, 88, 147] 
avgClusterDiam = 2009.1333333333334 
maxClusterDiam = 2583.0 
clusterDiamete = [2352.0; 1738.0; 1958.0; 2191.0; 2152.0; 2583.0; 2263.0; 1928.0; 2034.0; 1825.0; 1555.0; 2239.0; 1788.0; 1793.0; 1738.0]   
C = [0, 0, 0, 0, 0, 0, 0, 0, 0, 0, 0, 0, 0, 0, 0, 0, 0, 1, 0, 0, 0, 0, 0, 0, 0, 0, 0, 0, 0, 0, 0, 0, 0, 0, 0, 0, 1, 0, 0, 0, 0, 0, 0, 0, 0, 0, 0, 0, 0, 0, 0, 0, 0, 0, 0, 0, 0, 0, 0, 0, 0, 0, 0, 0, 0, 0, 0, 0, 0, 0, 0, 0, 0, 0, 0, 0, 0, 0, 0, 0, 1, 0, 0, 0, 0, 0, 1, 0, 0, 0, 0, 0, 0, 0, 0, 0, 0, 0, 0, 0, 0, 0, 0, 0, 0, 0, 0, 0, 0, 0, 0, 0, 0, 0, 0, 0, 0, 0, 0, 0, 0, 0, 0, 0, 0, 0, 0, 0, 0, 0, 0, 0, 0, 0, 0, 0, 0, 1, 0, 0, 0, 0, 0, 0, 0, 0, 0, 0, 0, 0, 0, 0, 0, 0, 0, 0, 0, 0, 0, 0, 0, 0, 0, 0, 0, 0, 0, 0, 0, 0, 0, 0, 0, 0, 0, 0, 1, 0, 0, 0, 0, 0, 0, 0, 0, 0, 0, 0, 0, 0, 0, 0, 0, 0, 0, 0, 0, 0, 0, 0, 0, 0, 0, 0, 0, 0, 0, 0, 0, 0, 0, 0, 0, 1, 0, 0, 0, 1, 0, 0, 0, 0, 0, 0, 0, 0, 0, 0, 0, 0, 0, 0, 0, 0, 0, 0, 0, 0, 0, 0, 0, 0, 0, 0, 0, 0, 0, 0, 0, 0, 0, 0, 0, 0, 0, 0, 0, 0, 0, 0, 0, 0, 0, 0, 0, 0, 0, 0, 0, 0, 0, 0, 0, 0, 1, 0, 0, 0, 0, 0, 0, 0, 0, 0, 0, 0, 0, 0, 0, 0, 0, 1, 0, 0, 0, 0, 0, 0, 0, 0, 0, 0, 0, 0, 0, 0, 0, 1, 0, 0, 0, 0, 0, 0, 0, 0, 0, 0, 0, 0, 0, 0, 0, 0, 0, 0, 0, 0, 0, 0, 0, 0, 0, 0, 0, 0, 0, 0, 0, 0, 0, 0, 0, 1, 0, 0, 0, 0, 0, 0, 0, 0, 0, 0, 0, 0, 0, 0, 0, 0, 0, 1, 0, 0, 0, 0, 0, 0, 0, 0, 0, 0, 0, 0, 0, 0, 0, 0, 0, 0, 0, 0, 0, 0, 0, 0, 0, 0, 0, 0, 0, 0, 0, 0, 0, 0, 0, 0, 0, 0, 0, 0, 0, 0, 0, 0, 0, 0, 0, 0, 0, 0, 0, 0, 1, 0, 0, 0, 0, 0, 0, 0, 0, 0, 0, 0, 0, 1, 0, 0, 0, 0, 0, 0, 0, 0, 0, 0, 0, 0, 0, 0, 0, 0, 0, 0, 0, 0, 0, 0, 0, 0]
E = [18, 18, 275, 18, 18, 18, 37, 18, 18, 275, 18, 18, 37, 177, 37, 18, 18, 18, 18, 18, 37, 37, 37, 18, 18, 275, 18, 37, 87, 18, 275, 37, 18, 18, 18, 37, 37, 37, 37, 18, 87, 37, 87, 37, 37, 37, 37, 87, 37, 37, 37, 87, 177, 37, 87, 37, 37, 37, 81, 37, 81, 177, 81, 81, 87, 177, 177, 177, 81, 81, 81, 177, 177, 177, 177, 81, 177, 177, 81, 81, 81, 87, 81, 81, 18, 18, 87, 87, 87, 87, 87, 87, 87, 87, 87, 87, 87, 87, 87, 87, 87, 87, 18, 87, 87, 87, 87, 87, 87, 87, 18, 275, 275, 18, 18, 275, 18, 18, 138, 18, 18, 87, 138, 138, 138, 18, 138, 138, 18, 138, 138, 138, 138, 138, 138, 138, 138, 138, 138, 138, 138, 81, 138, 138, 138, 81, 138, 138, 138, 81, 81, 81, 81, 81, 81, 81, 81, 138, 138, 18, 81, 81, 81, 81, 81, 177, 177, 177, 81, 177, 308, 177, 308, 275, 292, 275, 177, 177, 81, 81, 81, 292, 18, 177, 177, 177, 177, 177, 177, 177, 177, 218, 214, 37, 218, 218, 214, 214, 214, 218, 218, 214, 214, 218, 218, 214, 218, 218, 214, 218, 218, 218, 214, 214, 214, 214, 218, 218, 214, 214, 214, 218, 218, 218, 218, 218, 214, 214, 214, 214, 218, 218, 214, 218, 214, 214, 214, 218, 218, 214, 214, 214, 214, 214, 218, 218, 218, 218, 218, 218, 37, 37, 37, 275, 18, 275, 18, 37, 275, 87, 37, 87, 275, 275, 275, 275, 275, 275, 275, 275, 275, 275, 275, 275, 275, 292, 292, 292, 292, 292, 292, 292, 292, 308, 308, 308, 308, 308, 308, 292, 292, 292, 292, 292, 292, 292, 292, 292, 292, 292, 292, 292, 308, 308, 308, 308, 308, 308, 308, 308, 308, 308, 308, 308, 308, 308, 292, 292, 292, 292, 344, 344, 344, 344, 344, 308, 308, 308, 308, 308, 362, 362, 362, 362, 344, 344, 344, 344, 344, 344, 344, 344, 344, 344, 362, 344, 362, 362, 362, 362, 362, 362, 362, 362, 362, 344, 344, 344, 344, 344, 362, 362, 362, 362, 362, 362, 362, 362, 362, 362, 362, 415, 344, 344, 344, 344, 344, 344, 415, 415, 415, 415, 362, 362, 362, 362, 415, 415, 415, 415, 415, 415, 415, 415, 415, 415, 415, 428, 344, 344, 428, 428, 428, 344, 428, 428, 428, 428, 428, 428, 428, 428, 415, 415, 415, 415, 415, 415, 415, 415, 415, 415, 415, 415, 428, 428, 428, 428, 428, 428, 428, 428, 415, 415, 415, 415, 415, 415, 415, 428, 428, 428, 428, 428, 428, 428, 37, 87, 37, 275, 214, 218]
