n° iter       = 600 
neighborhood_structure = [3] 
Prioridad     = 5 
balance       = 0.5 
Len_N         = 3 
N° clusters   = 15 
N° estaciones = 452 
N° mejoras    = 11
N° iter completadas  = 160
1° FO         = 326680.0
FO            = 279998
Centros       = [38, 66, 86, 87, 135, 153, 206, 225, 275, 289, 318, 332, 397, 419, 428]
Objs= Any[326680.0, 325510, 313312, 306003, 306003, 306003, 299610, 299610, 299610, 298982, 298338, 298338, 294757, 294757, 294757, 294757, 294757, 287457, 287457, 287457, 287457, 284475, 284475, 284475, 284475, 284475, 284475, 284475, 284475, 284475, 284475, 284475, 284475, 284475, 284475, 284475, 284475, 284475, 284475, 284475, 284475, 284475, 284475, 284475, 284475, 284475, 284475, 284475, 284475, 284475, 284475, 284475, 284475, 284475, 284475, 284475, 284475, 281864, 281864, 281864, 281864, 281864, 281864, 281864, 281864, 281864, 281864, 281864, 281864, 281864, 281864, 281864, 281864, 281864, 281864, 281864, 281864, 281864, 281864, 281864, 281864, 281864, 281864, 281864, 281864, 281864, 281864, 281864, 281864, 281864, 281864, 281864, 281864, 281864, 281864, 281864, 281864, 281864, 281864, 281864, 281864, 279998, 279998, 279998, 279998, 279998, 279998, 279998, 279998, 279998, 279998, 279998, 279998, 279998, 279998, 279998, 279998, 279998, 279998, 279998, 279998, 279998, 279998, 279998, 279998, 279998, 279998, 279998, 279998, 279998, 279998, 279998, 279998, 279998, 279998, 279998, 279998, 279998, 279998, 279998, 279998, 279998, 279998, 279998, 279998, 279998, 279998, 279998, 279998, 279998, 279998, 279998, 279998, 279998, 279998, 279998, 279998, 279998, 279998, 279998, 279998]
current_obj = [325510.0, 313312.0, 306003.0, 309521.0, 306580.0, 299610.0, 302663.0, 303823.0, 298982.0, 298338.0, 301359.0, 294757.0, 302327.0, 295919.0, 303224.0, 303398.0, 287457.0, 292254.0, 297487.0, 294869.0, 284475.0, 285092.0, 294019.0, 291466.0, 291393.0, 297171.0, 293264.0, 291874.0, 294858.0, 296203.0, 290913.0, 290859.0, 291274.0, 288020.0, 289695.0, 289583.0, 288915.0, 292364.0, 286637.0, 296212.0, 293503.0, 291113.0, 291544.0, 290038.0, 297432.0, 295291.0, 293255.0, 286084.0, 292001.0, 292544.0, 297602.0, 288189.0, 297621.0, 288591.0, 286403.0, 289944.0, 281864.0, 291666.0, 286463.0, 290325.0, 284498.0, 295204.0, 287679.0, 293538.0, 292914.0, 289461.0, 287803.0, 283271.0, 290356.0, 285585.0, 290122.0, 291709.0, 284926.0, 289185.0, 297249.0, 293892.0, 284536.0, 288440.0, 289286.0, 282744.0, 292963.0, 289112.0, 286292.0, 287343.0, 286930.0, 288159.0, 287915.0, 293883.0, 291072.0, 289469.0, 294030.0, 284636.0, 285575.0, 291391.0, 291398.0, 286982.0, 291421.0, 287180.0, 288594.0, 281893.0, 279998.0, 283251.0, 288225.0, 285177.0, 283217.0, 286636.0, 289015.0, 292700.0, 290652.0, 287098.0, 294411.0, 287895.0, 289240.0, 286426.0, 284656.0, 297398.0, 282123.0, 288851.0, 293047.0, 285502.0, 291190.0, 288094.0, 290842.0, 283220.0, 284888.0, 282128.0, 280778.0, 294858.0, 290693.0, 280608.0, 283771.0, 290909.0, 287872.0, 288290.0, 284829.0, 293861.0, 293180.0, 282877.0, 288190.0, 285451.0, 290934.0, 280752.0, 281761.0, 292212.0, 301521.0, 289320.0, 288612.0, 290652.0, 288349.0, 294799.0, 290427.0, 293126.0, 281374.0, 286276.0, 292654.0, 292334.0, 283934.0, 287487.0, 285228.0, 293392.0, 289649.0, 0.0, 0.0, 0.0, 0.0, 0.0, 0.0, 0.0, 0.0, 0.0, 0.0, 0.0, 0.0, 0.0, 0.0, 0.0, 0.0, 0.0, 0.0, 0.0, 0.0, 0.0, 0.0, 0.0, 0.0, 0.0, 0.0, 0.0, 0.0, 0.0, 0.0, 0.0, 0.0, 0.0, 0.0, 0.0, 0.0, 0.0, 0.0, 0.0, 0.0, 0.0, 0.0, 0.0, 0.0, 0.0, 0.0, 0.0, 0.0, 0.0, 0.0, 0.0, 0.0, 0.0, 0.0, 0.0, 0.0, 0.0, 0.0, 0.0, 0.0, 0.0, 0.0, 0.0, 0.0, 0.0, 0.0, 0.0, 0.0, 0.0, 0.0, 0.0, 0.0, 0.0, 0.0, 0.0, 0.0, 0.0, 0.0, 0.0, 0.0, 0.0, 0.0, 0.0, 0.0, 0.0, 0.0, 0.0, 0.0, 0.0, 0.0, 0.0, 0.0, 0.0, 0.0, 0.0, 0.0, 0.0, 0.0, 0.0, 0.0, 0.0, 0.0, 0.0, 0.0, 0.0, 0.0, 0.0, 0.0, 0.0, 0.0, 0.0, 0.0, 0.0, 0.0, 0.0, 0.0, 0.0, 0.0, 0.0, 0.0, 0.0, 0.0, 0.0, 0.0, 0.0, 0.0, 0.0, 0.0, 0.0, 0.0, 0.0, 0.0, 0.0, 0.0, 0.0, 0.0, 0.0, 0.0, 0.0, 0.0, 0.0, 0.0, 0.0, 0.0, 0.0, 0.0, 0.0, 0.0, 0.0, 0.0, 0.0, 0.0, 0.0, 0.0, 0.0, 0.0, 0.0, 0.0, 0.0, 0.0, 0.0, 0.0, 0.0, 0.0, 0.0, 0.0, 0.0, 0.0, 0.0, 0.0, 0.0, 0.0, 0.0, 0.0, 0.0, 0.0, 0.0, 0.0, 0.0, 0.0, 0.0, 0.0, 0.0, 0.0, 0.0, 0.0, 0.0, 0.0, 0.0, 0.0, 0.0, 0.0, 0.0, 0.0, 0.0, 0.0, 0.0, 0.0, 0.0, 0.0, 0.0, 0.0, 0.0, 0.0, 0.0, 0.0, 0.0, 0.0, 0.0, 0.0, 0.0, 0.0, 0.0, 0.0, 0.0, 0.0, 0.0, 0.0, 0.0, 0.0, 0.0, 0.0, 0.0, 0.0, 0.0, 0.0, 0.0, 0.0, 0.0, 0.0, 0.0, 0.0, 0.0, 0.0, 0.0, 0.0, 0.0, 0.0, 0.0, 0.0, 0.0, 0.0, 0.0, 0.0, 0.0, 0.0, 0.0, 0.0, 0.0, 0.0, 0.0, 0.0, 0.0, 0.0, 0.0, 0.0, 0.0, 0.0, 0.0, 0.0, 0.0, 0.0, 0.0, 0.0, 0.0, 0.0, 0.0, 0.0, 0.0, 0.0, 0.0, 0.0, 0.0, 0.0, 0.0, 0.0, 0.0, 0.0, 0.0, 0.0, 0.0, 0.0, 0.0, 0.0, 0.0, 0.0, 0.0, 0.0, 0.0, 0.0, 0.0, 0.0, 0.0, 0.0, 0.0, 0.0, 0.0, 0.0, 0.0, 0.0, 0.0, 0.0, 0.0, 0.0, 0.0, 0.0, 0.0, 0.0, 0.0, 0.0, 0.0, 0.0, 0.0, 0.0, 0.0, 0.0, 0.0, 0.0, 0.0, 0.0, 0.0, 0.0, 0.0, 0.0, 0.0, 0.0, 0.0, 0.0, 0.0, 0.0, 0.0, 0.0, 0.0, 0.0, 0.0, 0.0, 0.0, 0.0, 0.0, 0.0, 0.0, 0.0, 0.0, 0.0, 0.0, 0.0, 0.0, 0.0, 0.0, 0.0, 0.0, 0.0, 0.0, 0.0, 0.0, 0.0, 0.0, 0.0, 0.0, 0.0, 0.0, 0.0, 0.0, 0.0, 0.0, 0.0, 0.0, 0.0, 0.0, 0.0, 0.0, 0.0, 0.0, 0.0, 0.0, 0.0, 0.0, 0.0, 0.0, 0.0, 0.0, 0.0, 0.0, 0.0, 0.0, 0.0, 0.0, 0.0, 0.0, 0.0, 0.0, 0.0, 0.0, 0.0, 0.0, 0.0, 0.0, 0.0, 0.0, 0.0, 0.0, 0.0, 0.0, 0.0, 0.0, 0.0, 0.0, 0.0, 0.0, 0.0, 0.0, 0.0, 0.0, 0.0, 0.0, 0.0, 0.0, 0.0, 0.0, 0.0, 0.0, 0.0, 0.0, 0.0, 0.0, 0.0, 0.0, 0.0, 0.0, 0.0, 0.0, 0.0, 0.0, 0.0, 0.0, 0.0, 0.0, 0.0, 0.0]
cong_K= Any[3, 3, 3, 3, 3, 3, 3, 3, 3, 3, 3] 
obj_k= Any[325510, 313312, 306003, 299610, 298982, 298338, 294757, 287457, 284475, 281864, 279998] 
iter_obj = Any[1, 2, 3, 6, 9, 10, 12, 17, 21, 57, 101] 
avgClusterDiam = 1999.5333333333333 
maxClusterDiam = 2382.0 
clusterDiamete = [1747.0; 2382.0; 2238.0; 1982.0; 1986.0; 1936.0; 1944.0; 2261.0; 2034.0; 1564.0; 2210.0; 1811.0; 2302.0; 1688.0; 1908.0]   
C = [0, 0, 0, 0, 0, 0, 0, 0, 0, 0, 0, 0, 0, 0, 0, 0, 0, 0, 0, 0, 0, 0, 0, 0, 0, 0, 0, 0, 0, 0, 0, 0, 0, 0, 0, 0, 0, 1, 0, 0, 0, 0, 0, 0, 0, 0, 0, 0, 0, 0, 0, 0, 0, 0, 0, 0, 0, 0, 0, 0, 0, 0, 0, 0, 0, 1, 0, 0, 0, 0, 0, 0, 0, 0, 0, 0, 0, 0, 0, 0, 0, 0, 0, 0, 0, 1, 1, 0, 0, 0, 0, 0, 0, 0, 0, 0, 0, 0, 0, 0, 0, 0, 0, 0, 0, 0, 0, 0, 0, 0, 0, 0, 0, 0, 0, 0, 0, 0, 0, 0, 0, 0, 0, 0, 0, 0, 0, 0, 0, 0, 0, 0, 0, 0, 1, 0, 0, 0, 0, 0, 0, 0, 0, 0, 0, 0, 0, 0, 0, 0, 0, 0, 1, 0, 0, 0, 0, 0, 0, 0, 0, 0, 0, 0, 0, 0, 0, 0, 0, 0, 0, 0, 0, 0, 0, 0, 0, 0, 0, 0, 0, 0, 0, 0, 0, 0, 0, 0, 0, 0, 0, 0, 0, 0, 0, 0, 0, 0, 0, 0, 0, 0, 0, 0, 0, 1, 0, 0, 0, 0, 0, 0, 0, 0, 0, 0, 0, 0, 0, 0, 0, 0, 0, 0, 1, 0, 0, 0, 0, 0, 0, 0, 0, 0, 0, 0, 0, 0, 0, 0, 0, 0, 0, 0, 0, 0, 0, 0, 0, 0, 0, 0, 0, 0, 0, 0, 0, 0, 0, 0, 0, 0, 0, 0, 0, 0, 0, 0, 0, 0, 0, 0, 0, 0, 1, 0, 0, 0, 0, 0, 0, 0, 0, 0, 0, 0, 0, 0, 1, 0, 0, 0, 0, 0, 0, 0, 0, 0, 0, 0, 0, 0, 0, 0, 0, 0, 0, 0, 0, 0, 0, 0, 0, 0, 0, 0, 0, 1, 0, 0, 0, 0, 0, 0, 0, 0, 0, 0, 0, 0, 0, 1, 0, 0, 0, 0, 0, 0, 0, 0, 0, 0, 0, 0, 0, 0, 0, 0, 0, 0, 0, 0, 0, 0, 0, 0, 0, 0, 0, 0, 0, 0, 0, 0, 0, 0, 0, 0, 0, 0, 0, 0, 0, 0, 0, 0, 0, 0, 0, 0, 0, 0, 0, 0, 0, 0, 0, 0, 0, 0, 0, 0, 0, 0, 0, 0, 1, 0, 0, 0, 0, 0, 0, 0, 0, 0, 0, 0, 0, 0, 0, 0, 0, 0, 0, 0, 0, 0, 1, 0, 0, 0, 0, 0, 0, 0, 0, 1, 0, 0, 0, 0, 0, 0, 0, 0, 0, 0, 0, 0, 0, 0, 0, 0, 0, 0, 0, 0, 0, 0, 0, 0]
E = [86, 38, 86, 38, 38, 86, 225, 86, 38, 275, 86, 86, 66, 38, 38, 86, 86, 86, 86, 86, 38, 38, 38, 38, 86, 86, 86, 38, 275, 86, 275, 38, 38, 38, 38, 38, 38, 38, 38, 38, 86, 38, 87, 38, 38, 38, 38, 87, 38, 38, 38, 87, 66, 38, 87, 38, 66, 38, 153, 66, 153, 66, 66, 153, 87, 66, 66, 66, 153, 153, 66, 66, 66, 66, 66, 153, 66, 66, 66, 153, 153, 87, 153, 153, 86, 86, 87, 87, 87, 87, 87, 87, 87, 87, 87, 87, 87, 87, 87, 87, 87, 87, 86, 87, 87, 87, 135, 135, 87, 87, 86, 86, 86, 86, 86, 275, 86, 86, 86, 86, 135, 87, 135, 135, 135, 135, 135, 135, 38, 135, 135, 135, 135, 135, 135, 135, 135, 135, 135, 135, 135, 153, 135, 135, 135, 153, 135, 135, 135, 153, 153, 153, 153, 153, 153, 153, 153, 153, 153, 86, 153, 153, 153, 153, 153, 66, 66, 289, 289, 66, 289, 289, 289, 275, 289, 275, 66, 66, 153, 153, 289, 289, 86, 66, 66, 66, 66, 66, 66, 66, 66, 225, 225, 225, 225, 206, 206, 206, 206, 225, 225, 206, 206, 206, 225, 206, 225, 225, 206, 206, 225, 225, 206, 206, 206, 206, 225, 225, 206, 206, 206, 225, 225, 225, 225, 225, 206, 206, 206, 206, 225, 225, 206, 225, 206, 206, 206, 225, 225, 206, 206, 206, 206, 206, 225, 225, 225, 225, 225, 225, 38, 38, 38, 275, 86, 86, 86, 66, 275, 87, 38, 87, 86, 275, 275, 275, 275, 275, 275, 275, 275, 275, 275, 275, 275, 153, 153, 153, 153, 153, 318, 318, 318, 289, 289, 289, 289, 289, 289, 289, 289, 318, 318, 318, 318, 318, 318, 318, 318, 318, 289, 318, 289, 289, 289, 289, 289, 289, 289, 289, 332, 332, 289, 289, 289, 318, 318, 318, 318, 318, 318, 318, 318, 318, 318, 318, 332, 332, 332, 332, 332, 332, 332, 332, 332, 318, 318, 318, 318, 318, 318, 397, 318, 397, 318, 332, 332, 332, 332, 332, 332, 332, 332, 332, 332, 397, 397, 397, 397, 397, 332, 332, 332, 332, 332, 332, 332, 332, 332, 397, 397, 397, 397, 397, 397, 397, 397, 397, 397, 397, 419, 419, 419, 419, 419, 419, 419, 419, 419, 419, 419, 419, 397, 397, 397, 397, 397, 397, 397, 397, 397, 428, 428, 397, 428, 428, 428, 428, 428, 428, 428, 397, 397, 397, 419, 419, 419, 419, 419, 419, 419, 419, 419, 397, 397, 428, 428, 428, 428, 428, 428, 428, 428, 397, 397, 419, 419, 419, 428, 428, 428, 428, 428, 428, 428, 428, 38, 87, 38, 275, 206, 225]
