n° iter       = 600 
neighborhood_structure = [2] 
Prioridad     = 5 
balance       = 0.5 
Len_N         = 1 
N° clusters   = 15 
N° estaciones = 452 
N° mejoras    = 22
N° iter completadas  = 171
1° FO         = 348271.0
FO            = 278909
Centros       = [14, 61, 77, 87, 115, 149, 202, 211, 265, 293, 314, 353, 358, 415, 428]
Objs= Any[348271.0, 340590, 340590, 335078, 334783, 331679, 330361, 330361, 330361, 330361, 325974, 320395, 317500, 317500, 306801, 306801, 306801, 306801, 306801, 306801, 306801, 301740, 301740, 301740, 301740, 301740, 301740, 301740, 301740, 301740, 301740, 301740, 301740, 301740, 301183, 301183, 301183, 296087, 296087, 296087, 291168, 291168, 291168, 291168, 291168, 291109, 291109, 291109, 291076, 291076, 291076, 291076, 286498, 286498, 285619, 285619, 285619, 285619, 285619, 285619, 285619, 285619, 285619, 285619, 285619, 285619, 285619, 285619, 285619, 285619, 285619, 285619, 285619, 285619, 285619, 285619, 285619, 285619, 285619, 285619, 284884, 284884, 284580, 284580, 284580, 284580, 284580, 284580, 284580, 284580, 284580, 284580, 284580, 284580, 284580, 284580, 284580, 284580, 283326, 283326, 283326, 283326, 283326, 283326, 280997, 280997, 280997, 280997, 280997, 280997, 280997, 280997, 280997, 280997, 280997, 280997, 280997, 280997, 280997, 280997, 280997, 280997, 280997, 280997, 280997, 280997, 280997, 280997, 280997, 280997, 280997, 278909, 278909, 278909, 278909, 278909, 278909, 278909, 278909, 278909, 278909, 278909, 278909, 278909, 278909, 278909, 278909, 278909, 278909, 278909, 278909, 278909, 278909, 278909, 278909, 278909, 278909, 278909, 278909, 278909, 278909, 278909, 278909, 278909, 278909, 278909, 278909, 278909, 278909, 278909, 278909, 278909]
current_obj = [340590.0, 355879.0, 335078.0, 334783.0, 331679.0, 330361.0, 331069.0, 338223.0, 340308.0, 325974.0, 320395.0, 317500.0, 322691.0, 306801.0, 309227.0, 312110.0, 314806.0, 312068.0, 324270.0, 313544.0, 301740.0, 307914.0, 310458.0, 315637.0, 311204.0, 307937.0, 308565.0, 306706.0, 311274.0, 304346.0, 301977.0, 308796.0, 303908.0, 301183.0, 306245.0, 332966.0, 296087.0, 299455.0, 299913.0, 291168.0, 303994.0, 292062.0, 301776.0, 294028.0, 291109.0, 293771.0, 302224.0, 291076.0, 298398.0, 296305.0, 313568.0, 286498.0, 296522.0, 285619.0, 290451.0, 293038.0, 287038.0, 294596.0, 290169.0, 289436.0, 289235.0, 296099.0, 289186.0, 287537.0, 292909.0, 298993.0, 286487.0, 293728.0, 292763.0, 297180.0, 289530.0, 294271.0, 289761.0, 297303.0, 298440.0, 290291.0, 300361.0, 298941.0, 289996.0, 284884.0, 295063.0, 284580.0, 295635.0, 292616.0, 287692.0, 298397.0, 289123.0, 290067.0, 293952.0, 300241.0, 289129.0, 293340.0, 297450.0, 303130.0, 288732.0, 294793.0, 287463.0, 283326.0, 293062.0, 294468.0, 288742.0, 294349.0, 292074.0, 280997.0, 283761.0, 282042.0, 289092.0, 287729.0, 282447.0, 286262.0, 299170.0, 285010.0, 290786.0, 281173.0, 288673.0, 288469.0, 296833.0, 291056.0, 294949.0, 288334.0, 285590.0, 284897.0, 302200.0, 285521.0, 284495.0, 292424.0, 286090.0, 292705.0, 290788.0, 294238.0, 278909.0, 280351.0, 286483.0, 287855.0, 286428.0, 278959.0, 288008.0, 297797.0, 285957.0, 281466.0, 289596.0, 285145.0, 287075.0, 280154.0, 289065.0, 286465.0, 290397.0, 282542.0, 279007.0, 290356.0, 284209.0, 288943.0, 291729.0, 295893.0, 287781.0, 283930.0, 287329.0, 294038.0, 304403.0, 289699.0, 287817.0, 281862.0, 290551.0, 287353.0, 282083.0, 285517.0, 289854.0, 282578.0, 287509.0, 291057.0, 290750.0, 280014.0, 0.0, 0.0, 0.0, 0.0, 0.0, 0.0, 0.0, 0.0, 0.0, 0.0, 0.0, 0.0, 0.0, 0.0, 0.0, 0.0, 0.0, 0.0, 0.0, 0.0, 0.0, 0.0, 0.0, 0.0, 0.0, 0.0, 0.0, 0.0, 0.0, 0.0, 0.0, 0.0, 0.0, 0.0, 0.0, 0.0, 0.0, 0.0, 0.0, 0.0, 0.0, 0.0, 0.0, 0.0, 0.0, 0.0, 0.0, 0.0, 0.0, 0.0, 0.0, 0.0, 0.0, 0.0, 0.0, 0.0, 0.0, 0.0, 0.0, 0.0, 0.0, 0.0, 0.0, 0.0, 0.0, 0.0, 0.0, 0.0, 0.0, 0.0, 0.0, 0.0, 0.0, 0.0, 0.0, 0.0, 0.0, 0.0, 0.0, 0.0, 0.0, 0.0, 0.0, 0.0, 0.0, 0.0, 0.0, 0.0, 0.0, 0.0, 0.0, 0.0, 0.0, 0.0, 0.0, 0.0, 0.0, 0.0, 0.0, 0.0, 0.0, 0.0, 0.0, 0.0, 0.0, 0.0, 0.0, 0.0, 0.0, 0.0, 0.0, 0.0, 0.0, 0.0, 0.0, 0.0, 0.0, 0.0, 0.0, 0.0, 0.0, 0.0, 0.0, 0.0, 0.0, 0.0, 0.0, 0.0, 0.0, 0.0, 0.0, 0.0, 0.0, 0.0, 0.0, 0.0, 0.0, 0.0, 0.0, 0.0, 0.0, 0.0, 0.0, 0.0, 0.0, 0.0, 0.0, 0.0, 0.0, 0.0, 0.0, 0.0, 0.0, 0.0, 0.0, 0.0, 0.0, 0.0, 0.0, 0.0, 0.0, 0.0, 0.0, 0.0, 0.0, 0.0, 0.0, 0.0, 0.0, 0.0, 0.0, 0.0, 0.0, 0.0, 0.0, 0.0, 0.0, 0.0, 0.0, 0.0, 0.0, 0.0, 0.0, 0.0, 0.0, 0.0, 0.0, 0.0, 0.0, 0.0, 0.0, 0.0, 0.0, 0.0, 0.0, 0.0, 0.0, 0.0, 0.0, 0.0, 0.0, 0.0, 0.0, 0.0, 0.0, 0.0, 0.0, 0.0, 0.0, 0.0, 0.0, 0.0, 0.0, 0.0, 0.0, 0.0, 0.0, 0.0, 0.0, 0.0, 0.0, 0.0, 0.0, 0.0, 0.0, 0.0, 0.0, 0.0, 0.0, 0.0, 0.0, 0.0, 0.0, 0.0, 0.0, 0.0, 0.0, 0.0, 0.0, 0.0, 0.0, 0.0, 0.0, 0.0, 0.0, 0.0, 0.0, 0.0, 0.0, 0.0, 0.0, 0.0, 0.0, 0.0, 0.0, 0.0, 0.0, 0.0, 0.0, 0.0, 0.0, 0.0, 0.0, 0.0, 0.0, 0.0, 0.0, 0.0, 0.0, 0.0, 0.0, 0.0, 0.0, 0.0, 0.0, 0.0, 0.0, 0.0, 0.0, 0.0, 0.0, 0.0, 0.0, 0.0, 0.0, 0.0, 0.0, 0.0, 0.0, 0.0, 0.0, 0.0, 0.0, 0.0, 0.0, 0.0, 0.0, 0.0, 0.0, 0.0, 0.0, 0.0, 0.0, 0.0, 0.0, 0.0, 0.0, 0.0, 0.0, 0.0, 0.0, 0.0, 0.0, 0.0, 0.0, 0.0, 0.0, 0.0, 0.0, 0.0, 0.0, 0.0, 0.0, 0.0, 0.0, 0.0, 0.0, 0.0, 0.0, 0.0, 0.0, 0.0, 0.0, 0.0, 0.0, 0.0, 0.0, 0.0, 0.0, 0.0, 0.0, 0.0, 0.0, 0.0, 0.0, 0.0, 0.0, 0.0, 0.0, 0.0, 0.0, 0.0, 0.0, 0.0, 0.0, 0.0, 0.0, 0.0, 0.0, 0.0, 0.0, 0.0, 0.0, 0.0, 0.0, 0.0, 0.0, 0.0, 0.0, 0.0, 0.0, 0.0, 0.0, 0.0, 0.0, 0.0, 0.0, 0.0, 0.0, 0.0, 0.0, 0.0, 0.0, 0.0, 0.0, 0.0, 0.0, 0.0, 0.0, 0.0, 0.0, 0.0, 0.0, 0.0, 0.0, 0.0, 0.0, 0.0, 0.0, 0.0, 0.0, 0.0, 0.0, 0.0, 0.0, 0.0, 0.0, 0.0, 0.0, 0.0, 0.0, 0.0, 0.0, 0.0, 0.0, 0.0, 0.0, 0.0, 0.0, 0.0, 0.0, 0.0, 0.0, 0.0, 0.0, 0.0, 0.0, 0.0]
cong_K= Any[2, 2, 2, 2, 2, 2, 2, 2, 2, 2, 2, 2, 2, 2, 2, 2, 2, 2, 2, 2, 2, 2] 
obj_k= Any[340590, 335078, 334783, 331679, 330361, 325974, 320395, 317500, 306801, 301740, 301183, 296087, 291168, 291109, 291076, 286498, 285619, 284884, 284580, 283326, 280997, 278909] 
iter_obj = Any[1, 3, 4, 5, 6, 10, 11, 12, 14, 21, 34, 37, 40, 45, 48, 52, 54, 80, 82, 98, 104, 131] 
avgClusterDiam = 2050.0 
maxClusterDiam = 2651.0 
clusterDiamete = [1854.0; 2155.0; 2542.0; 1982.0; 2651.0; 2191.0; 2263.0; 1725.0; 2034.0; 2027.0; 1622.0; 1712.0; 2239.0; 2015.0; 1738.0]   
C = [0, 0, 0, 0, 0, 0, 0, 0, 0, 0, 0, 0, 0, 1, 0, 0, 0, 0, 0, 0, 0, 0, 0, 0, 0, 0, 0, 0, 0, 0, 0, 0, 0, 0, 0, 0, 0, 0, 0, 0, 0, 0, 0, 0, 0, 0, 0, 0, 0, 0, 0, 0, 0, 0, 0, 0, 0, 0, 0, 0, 1, 0, 0, 0, 0, 0, 0, 0, 0, 0, 0, 0, 0, 0, 0, 0, 1, 0, 0, 0, 0, 0, 0, 0, 0, 0, 1, 0, 0, 0, 0, 0, 0, 0, 0, 0, 0, 0, 0, 0, 0, 0, 0, 0, 0, 0, 0, 0, 0, 0, 0, 0, 0, 0, 1, 0, 0, 0, 0, 0, 0, 0, 0, 0, 0, 0, 0, 0, 0, 0, 0, 0, 0, 0, 0, 0, 0, 0, 0, 0, 0, 0, 0, 0, 0, 0, 0, 0, 1, 0, 0, 0, 0, 0, 0, 0, 0, 0, 0, 0, 0, 0, 0, 0, 0, 0, 0, 0, 0, 0, 0, 0, 0, 0, 0, 0, 0, 0, 0, 0, 0, 0, 0, 0, 0, 0, 0, 0, 0, 0, 0, 0, 0, 0, 0, 0, 0, 0, 0, 0, 0, 1, 0, 0, 0, 0, 0, 0, 0, 0, 1, 0, 0, 0, 0, 0, 0, 0, 0, 0, 0, 0, 0, 0, 0, 0, 0, 0, 0, 0, 0, 0, 0, 0, 0, 0, 0, 0, 0, 0, 0, 0, 0, 0, 0, 0, 0, 0, 0, 0, 0, 0, 0, 0, 0, 0, 0, 0, 0, 0, 0, 0, 0, 0, 1, 0, 0, 0, 0, 0, 0, 0, 0, 0, 0, 0, 0, 0, 0, 0, 0, 0, 0, 0, 0, 0, 0, 0, 0, 0, 0, 0, 1, 0, 0, 0, 0, 0, 0, 0, 0, 0, 0, 0, 0, 0, 0, 0, 0, 0, 0, 0, 0, 1, 0, 0, 0, 0, 0, 0, 0, 0, 0, 0, 0, 0, 0, 0, 0, 0, 0, 0, 0, 0, 0, 0, 0, 0, 0, 0, 0, 0, 0, 0, 0, 0, 0, 0, 0, 0, 0, 0, 1, 0, 0, 0, 0, 1, 0, 0, 0, 0, 0, 0, 0, 0, 0, 0, 0, 0, 0, 0, 0, 0, 0, 0, 0, 0, 0, 0, 0, 0, 0, 0, 0, 0, 0, 0, 0, 0, 0, 0, 0, 0, 0, 0, 0, 0, 0, 0, 0, 0, 0, 0, 0, 0, 0, 0, 0, 0, 0, 0, 0, 0, 1, 0, 0, 0, 0, 0, 0, 0, 0, 0, 0, 0, 0, 1, 0, 0, 0, 0, 0, 0, 0, 0, 0, 0, 0, 0, 0, 0, 0, 0, 0, 0, 0, 0, 0, 0, 0, 0]
E = [115, 14, 115, 14, 14, 115, 14, 115, 14, 265, 115, 115, 14, 14, 14, 115, 115, 115, 115, 115, 14, 14, 14, 14, 115, 265, 115, 61, 265, 115, 265, 14, 14, 14, 115, 14, 14, 14, 14, 14, 265, 14, 87, 14, 61, 61, 61, 87, 61, 61, 61, 87, 61, 61, 87, 61, 61, 61, 61, 61, 61, 61, 61, 61, 87, 77, 77, 77, 61, 61, 61, 77, 77, 77, 77, 61, 77, 77, 77, 77, 61, 87, 77, 61, 115, 115, 87, 87, 87, 87, 87, 87, 87, 87, 87, 87, 87, 87, 87, 87, 87, 87, 115, 87, 87, 87, 115, 115, 87, 87, 115, 115, 115, 115, 115, 265, 115, 115, 115, 115, 115, 87, 115, 115, 115, 115, 115, 115, 61, 115, 149, 149, 149, 149, 149, 149, 149, 149, 149, 149, 149, 61, 149, 149, 149, 61, 149, 149, 149, 61, 149, 61, 61, 61, 149, 149, 77, 149, 149, 115, 61, 293, 149, 293, 293, 77, 77, 77, 77, 77, 77, 77, 77, 265, 293, 265, 77, 77, 77, 61, 77, 77, 115, 77, 77, 77, 77, 77, 77, 77, 77, 211, 202, 14, 211, 202, 202, 202, 202, 211, 211, 202, 202, 211, 211, 202, 211, 211, 202, 202, 211, 211, 202, 202, 202, 202, 211, 211, 202, 202, 202, 202, 211, 211, 211, 211, 202, 202, 202, 202, 211, 211, 202, 211, 202, 202, 202, 211, 211, 202, 202, 202, 202, 202, 211, 211, 211, 14, 14, 14, 14, 14, 14, 265, 115, 115, 115, 14, 265, 87, 14, 87, 115, 265, 265, 265, 265, 265, 265, 265, 265, 265, 265, 265, 265, 293, 293, 293, 293, 149, 293, 293, 293, 314, 314, 314, 314, 314, 314, 293, 293, 293, 293, 293, 293, 293, 293, 293, 293, 293, 293, 293, 293, 314, 314, 314, 314, 314, 314, 314, 314, 314, 314, 314, 314, 314, 293, 293, 293, 293, 293, 293, 293, 358, 358, 314, 314, 314, 314, 314, 314, 353, 314, 314, 358, 358, 358, 358, 358, 358, 358, 358, 358, 358, 353, 358, 353, 353, 353, 353, 353, 353, 353, 353, 353, 358, 358, 358, 358, 358, 353, 353, 353, 353, 353, 353, 353, 353, 353, 353, 353, 358, 358, 358, 358, 358, 358, 358, 415, 415, 415, 415, 415, 353, 353, 415, 415, 415, 415, 415, 415, 415, 415, 415, 415, 415, 358, 428, 358, 358, 358, 428, 428, 358, 428, 428, 428, 428, 428, 428, 428, 428, 415, 415, 415, 415, 415, 415, 415, 415, 415, 415, 415, 415, 428, 428, 428, 428, 428, 428, 428, 428, 415, 415, 415, 415, 415, 415, 415, 428, 428, 428, 428, 428, 428, 428, 14, 87, 14, 265, 202, 211]
