n° iter       = 600 
neighborhood_structure = [2] 
Prioridad     = 10 
balance       = 0.5 
Len_N         = 3 
N° clusters   = 7 
N° estaciones = 228 
N° mejoras    = 15
N° iter completadas  = 413
1° FO         = 196832.0
FO            = 166095
Centros       = [87, 117, 150, 275, 318, 377, 429]
Objs= Any[196832.0, 195329, 192416, 192416, 192416, 192416, 192416, 192416, 185836, 183841, 183841, 183841, 183841, 183841, 181059, 178974, 178974, 178974, 178974, 178974, 178974, 178974, 178974, 177726, 177726, 177726, 177726, 177726, 177726, 177726, 177726, 174542, 174542, 172699, 172699, 172699, 172699, 172699, 172699, 171014, 171014, 171014, 171014, 171014, 171014, 171014, 171014, 171014, 170026, 167340, 167340, 167340, 167340, 167340, 167340, 167340, 167340, 167340, 167340, 167340, 167340, 167340, 167340, 167340, 167340, 167340, 167340, 167340, 167340, 167340, 167340, 167340, 167340, 167340, 167340, 167340, 167340, 167340, 167340, 167340, 167340, 167340, 167340, 167340, 167340, 167340, 167340, 167340, 167340, 167340, 167340, 167340, 167340, 167340, 167340, 167340, 167340, 167340, 167340, 167340, 167340, 167340, 167340, 167340, 167340, 167340, 167340, 167340, 167340, 167340, 167340, 167340, 167340, 167058, 167058, 167058, 167058, 167058, 167058, 167058, 167058, 167058, 167058, 167058, 167058, 167058, 167058, 167058, 167058, 167058, 167058, 167058, 167058, 167058, 167058, 167058, 167058, 167058, 167058, 167058, 167058, 167058, 167058, 167058, 167058, 167058, 167058, 167058, 167058, 167058, 167058, 167058, 167058, 167058, 167058, 167058, 167058, 167058, 167058, 167058, 167058, 167058, 167058, 167058, 167058, 167058, 167058, 167058, 167058, 167058, 167058, 167058, 167058, 167058, 167058, 167058, 167058, 167058, 167058, 167058, 167058, 167058, 167058, 167058, 167058, 167058, 167058, 167058, 167058, 167058, 167058, 167058, 167058, 167058, 167058, 167058, 167058, 167058, 167058, 167058, 167058, 167058, 166818, 166818, 166818, 166818, 166818, 166818, 166818, 166818, 166818, 166818, 166818, 166818, 166818, 166818, 166818, 166818, 166818, 166818, 166818, 166818, 166818, 166818, 166818, 166818, 166818, 166818, 166818, 166818, 166818, 166818, 166818, 166818, 166818, 166818, 166818, 166818, 166818, 166818, 166818, 166818, 166818, 166818, 166818, 166818, 166818, 166818, 166818, 166818, 166818, 166818, 166818, 166818, 166818, 166818, 166818, 166818, 166818, 166818, 166818, 166818, 166818, 166818, 166095, 166095, 166095, 166095, 166095, 166095, 166095, 166095, 166095, 166095, 166095, 166095, 166095, 166095, 166095, 166095, 166095, 166095, 166095, 166095, 166095, 166095, 166095, 166095, 166095, 166095, 166095, 166095, 166095, 166095, 166095, 166095, 166095, 166095, 166095, 166095, 166095, 166095, 166095, 166095, 166095, 166095, 166095, 166095, 166095, 166095, 166095, 166095, 166095, 166095, 166095, 166095, 166095, 166095, 166095, 166095, 166095, 166095, 166095, 166095, 166095, 166095, 166095, 166095, 166095, 166095, 166095, 166095, 166095, 166095, 166095, 166095, 166095, 166095, 166095, 166095, 166095, 166095, 166095, 166095, 166095, 166095, 166095, 166095, 166095, 166095, 166095, 166095, 166095, 166095, 166095, 166095, 166095, 166095, 166095, 166095, 166095, 166095, 166095, 166095, 166095, 166095, 166095, 166095, 166095, 166095, 166095, 166095, 166095, 166095, 166095, 166095, 166095, 166095, 166095, 166095, 166095, 166095, 166095, 166095, 166095, 166095, 166095, 166095, 166095, 166095, 166095, 166095, 166095, 166095, 166095, 166095, 166095, 166095, 166095, 166095, 166095, 166095, 166095, 166095, 166095, 166095, 166095, 166095, 166095, 166095, 166095, 166095, 166095, 166095]
current_obj = [195329.0, 192416.0, 197417.0, 1.0e15, 1.0e15, 194670.0, 1.0e15, 185836.0, 183841.0, 1.0e15, 188348.0, 184283.0, 1.0e15, 181059.0, 178974.0, 181202.0, 193210.0, 183856.0, 1.0e15, 181072.0, 179962.0, 179675.0, 177726.0, 179547.0, 183834.0, 1.0e15, 194237.0, 183832.0, 185273.0, 183971.0, 174542.0, 178358.0, 172699.0, 180701.0, 195636.0, 177808.0, 175675.0, 179036.0, 171014.0, 172159.0, 172247.0, 177671.0, 1.0e15, 188878.0, 183185.0, 175632.0, 176538.0, 170026.0, 167340.0, 168494.0, 174894.0, 179387.0, 173486.0, 1.0e15, 172548.0, 168834.0, 180435.0, 179549.0, 1.0e15, 178337.0, 169592.0, 174209.0, 1.0e15, 176459.0, 1.0e15, 177400.0, 176214.0, 168030.0, 178524.0, 179514.0, 174938.0, 173308.0, 186918.0, 1.0e15, 1.0e15, 168649.0, 171862.0, 187875.0, 1.0e15, 173537.0, 173694.0, 172692.0, 170324.0, 178746.0, 171709.0, 1.0e15, 175777.0, 174688.0, 171925.0, 1.0e15, 188373.0, 167964.0, 171603.0, 173670.0, 172884.0, 194929.0, 175574.0, 170221.0, 167586.0, 170910.0, 174007.0, 172507.0, 180008.0, 184373.0, 175803.0, 171561.0, 172381.0, 179146.0, 176981.0, 169293.0, 1.0e15, 176236.0, 167058.0, 170216.0, 174063.0, 178710.0, 169418.0, 183384.0, 1.0e15, 174780.0, 184608.0, 174389.0, 1.0e15, 172915.0, 173182.0, 168970.0, 169156.0, 170589.0, 167873.0, 1.0e15, 174146.0, 174058.0, 172093.0, 171989.0, 181220.0, 1.0e15, 169177.0, 173799.0, 171505.0, 170435.0, 174106.0, 174787.0, 178309.0, 173272.0, 170633.0, 169278.0, 169228.0, 173298.0, 171155.0, 168149.0, 171097.0, 178013.0, 171535.0, 178460.0, 172269.0, 170411.0, 177739.0, 172478.0, 175533.0, 171321.0, 178612.0, 1.0e15, 175715.0, 170138.0, 171751.0, 182853.0, 173898.0, 176266.0, 172693.0, 168082.0, 170906.0, 1.0e15, 168628.0, 171568.0, 173675.0, 176588.0, 181898.0, 173963.0, 178609.0, 168855.0, 174648.0, 173438.0, 195075.0, 167705.0, 171196.0, 173309.0, 1.0e15, 173849.0, 188315.0, 170478.0, 171199.0, 168792.0, 1.0e15, 169397.0, 171785.0, 170192.0, 168344.0, 176149.0, 183753.0, 171992.0, 174722.0, 166818.0, 167981.0, 174610.0, 168040.0, 170153.0, 190859.0, 169608.0, 188652.0, 174694.0, 178133.0, 172186.0, 173147.0, 1.0e15, 174422.0, 1.0e15, 170297.0, 168189.0, 181494.0, 179977.0, 172210.0, 172782.0, 176657.0, 1.0e15, 170329.0, 179206.0, 174124.0, 175769.0, 177845.0, 195754.0, 173501.0, 173395.0, 176648.0, 178811.0, 175277.0, 177619.0, 1.0e15, 171594.0, 1.0e15, 170072.0, 168402.0, 178412.0, 172937.0, 178902.0, 178592.0, 175225.0, 170721.0, 177512.0, 189765.0, 169251.0, 174301.0, 171286.0, 174562.0, 171981.0, 169340.0, 1.0e15, 172232.0, 1.0e15, 1.0e15, 176291.0, 1.0e15, 170353.0, 180083.0, 166095.0, 172503.0, 173294.0, 168490.0, 185185.0, 178954.0, 1.0e15, 172241.0, 180471.0, 1.0e15, 168497.0, 173159.0, 170719.0, 170147.0, 173697.0, 171506.0, 1.0e15, 176347.0, 174127.0, 168599.0, 181686.0, 174135.0, 169168.0, 169559.0, 173438.0, 173200.0, 176650.0, 169264.0, 168847.0, 169325.0, 167696.0, 173953.0, 176190.0, 1.0e15, 172989.0, 168951.0, 182752.0, 171587.0, 186072.0, 174784.0, 169338.0, 182667.0, 172549.0, 1.0e15, 174009.0, 172109.0, 170860.0, 171823.0, 171523.0, 169979.0, 1.0e15, 170098.0, 168751.0, 1.0e15, 173666.0, 170119.0, 171750.0, 1.0e15, 173839.0, 1.0e15, 1.0e15, 1.0e15, 171506.0, 172297.0, 170573.0, 166948.0, 1.0e15, 175946.0, 170504.0, 1.0e15, 185556.0, 169282.0, 169383.0, 168633.0, 168836.0, 171509.0, 170669.0, 1.0e15, 175365.0, 175079.0, 1.0e15, 176275.0, 1.0e15, 172767.0, 172394.0, 173290.0, 1.0e15, 1.0e15, 174682.0, 172854.0, 167703.0, 171194.0, 168916.0, 171771.0, 169038.0, 173626.0, 178627.0, 168078.0, 170524.0, 167730.0, 170877.0, 175483.0, 1.0e15, 174792.0, 181803.0, 1.0e15, 169412.0, 170670.0, 168092.0, 1.0e15, 171141.0, 180190.0, 191212.0, 176831.0, 1.0e15, 167506.0, 177882.0, 170475.0, 169201.0, 168901.0, 169951.0, 168529.0, 177144.0, 170389.0, 168890.0, 171585.0, 1.0e15, 173056.0, 173553.0, 168975.0, 1.0e15, 168555.0, 171758.0, 170290.0, 168554.0, 174482.0, 175014.0, 173290.0, 166990.0, 170603.0, 173778.0, 170403.0, 169808.0, 1.0e15, 1.0e15, 172248.0, 168874.0, 185132.0, 168073.0, 1.0e15, 167199.0, 0.0, 0.0, 0.0, 0.0, 0.0, 0.0, 0.0, 0.0, 0.0, 0.0, 0.0, 0.0, 0.0, 0.0, 0.0, 0.0, 0.0, 0.0, 0.0, 0.0, 0.0, 0.0, 0.0, 0.0, 0.0, 0.0, 0.0, 0.0, 0.0, 0.0, 0.0, 0.0, 0.0, 0.0, 0.0, 0.0, 0.0, 0.0, 0.0, 0.0, 0.0, 0.0, 0.0, 0.0, 0.0, 0.0, 0.0, 0.0, 0.0, 0.0, 0.0, 0.0, 0.0, 0.0, 0.0, 0.0, 0.0, 0.0, 0.0, 0.0, 0.0, 0.0, 0.0, 0.0, 0.0, 0.0, 0.0, 0.0, 0.0, 0.0, 0.0, 0.0, 0.0, 0.0, 0.0, 0.0, 0.0, 0.0, 0.0, 0.0, 0.0, 0.0, 0.0, 0.0, 0.0, 0.0, 0.0, 0.0, 0.0, 0.0, 0.0, 0.0, 0.0, 0.0, 0.0, 0.0, 0.0, 0.0, 0.0, 0.0, 0.0, 0.0, 0.0, 0.0, 0.0, 0.0, 0.0, 0.0, 0.0, 0.0, 0.0, 0.0, 0.0, 0.0, 0.0, 0.0, 0.0, 0.0, 0.0, 0.0, 0.0, 0.0, 0.0, 0.0, 0.0, 0.0, 0.0, 0.0, 0.0, 0.0, 0.0, 0.0, 0.0, 0.0, 0.0, 0.0, 0.0, 0.0, 0.0, 0.0, 0.0, 0.0, 0.0, 0.0, 0.0, 0.0, 0.0, 0.0, 0.0, 0.0, 0.0, 0.0, 0.0, 0.0, 0.0, 0.0, 0.0, 0.0, 0.0, 0.0, 0.0, 0.0, 0.0, 0.0, 0.0, 0.0, 0.0, 0.0, 0.0, 0.0, 0.0, 0.0, 0.0, 0.0, 0.0, 0.0, 0.0, 0.0, 0.0, 0.0, 0.0, 0.0, 0.0, 0.0, 0.0, 0.0]
cong_K= Any[2, 2, 2, 2, 2, 2, 2, 2, 2, 2, 2, 2, 2, 2, 2] 
obj_k= Any[195329, 192416, 185836, 183841, 181059, 178974, 177726, 174542, 172699, 171014, 170026, 167340, 167058, 166818, 166095] 
iter_obj = Any[1, 2, 8, 9, 14, 15, 23, 31, 33, 39, 48, 49, 113, 202, 264] 
avgClusterDiam = 2537.285714285714 
maxClusterDiam = 4620.0 
clusterDiamete = [2027.0; 2580.0; 2439.0; 2334.0; 4620.0; 2080.0; 1681.0]   
C = [0, 0, 0, 0, 0, 0, 0, 0, 0, 0, 0, 0, 0, 0, 0, 0, 0, 0, 0, 0, 0, 0, 0, 0, 0, 0, 0, 0, 0, 0, 0, 0, 0, 0, 0, 0, 0, 0, 0, 0, 0, 0, 0, 0, 1, 0, 0, 0, 0, 0, 0, 0, 0, 0, 0, 0, 0, 0, 0, 0, 0, 0, 0, 0, 0, 0, 0, 0, 0, 0, 0, 0, 0, 0, 1, 0, 0, 0, 0, 0, 0, 0, 0, 0, 0, 0, 0, 0, 0, 0, 0, 0, 0, 0, 0, 0, 0, 0, 0, 0, 0, 0, 0, 0, 0, 0, 0, 1, 0, 0, 0, 0, 0, 0, 0, 0, 0, 0, 0, 0, 0, 0, 0, 0, 0, 0, 0, 0, 0, 0, 0, 0, 0, 0, 0, 0, 0, 0, 0, 0, 0, 0, 0, 0, 0, 0, 0, 0, 1, 0, 0, 0, 0, 0, 0, 0, 0, 0, 0, 0, 0, 0, 0, 0, 0, 0, 0, 1, 0, 0, 0, 0, 0, 0, 0, 0, 0, 0, 0, 0, 0, 0, 0, 0, 0, 0, 0, 0, 0, 0, 0, 0, 0, 1, 0, 0, 0, 0, 0, 0, 0, 0, 0, 0, 0, 0, 0, 0, 0, 0, 0, 0, 0, 0, 0, 1, 0, 0, 0, 0, 0, 0, 0, 0, 0, 0, 0, 0]
E = [117, 117, 117, 117, 275, 117, 117, 117, 117, 117, 275, 117, 275, 275, 275, 117, 117, 117, 87, 87, 117, 87, 87, 150, 87, 150, 150, 150, 318, 150, 150, 87, 318, 150, 150, 318, 150, 150, 150, 87, 150, 150, 117, 117, 87, 87, 87, 87, 87, 87, 87, 87, 87, 87, 87, 87, 87, 87, 87, 87, 275, 87, 87, 87, 117, 117, 87, 87, 117, 275, 117, 117, 117, 117, 117, 117, 117, 117, 117, 87, 117, 117, 117, 117, 117, 117, 117, 117, 117, 117, 117, 117, 117, 150, 117, 117, 150, 150, 150, 150, 150, 150, 150, 150, 150, 150, 150, 150, 150, 150, 150, 150, 150, 150, 318, 150, 150, 275, 150, 150, 150, 150, 150, 275, 275, 150, 150, 318, 117, 275, 117, 275, 117, 275, 87, 87, 117, 275, 275, 275, 275, 275, 275, 275, 275, 275, 275, 275, 275, 150, 150, 150, 318, 150, 150, 318, 318, 318, 318, 318, 318, 318, 318, 318, 318, 318, 318, 318, 318, 318, 318, 318, 318, 318, 377, 318, 318, 318, 318, 318, 377, 318, 377, 377, 318, 377, 318, 318, 318, 318, 377, 377, 377, 377, 377, 377, 377, 377, 318, 377, 377, 429, 318, 429, 377, 429, 429, 429, 429, 429, 377, 377, 429, 429, 429, 429, 429, 429, 429, 429, 429, 429, 429, 429, 429, 429, 87, 275]
