n° iter       = 600 
neighborhood_structure = [2] 
Prioridad     = 5 
balance       = 0.5 
Len_N         = 3 
N° clusters   = 7 
N° estaciones = 228 
N° mejoras    = 16
N° iter completadas  = 394
1° FO         = 214666.0
FO            = 166788
Centros       = [87, 117, 150, 176, 298, 376, 428]
Objs= Any[214666.0, 193215, 191935, 191935, 186464, 180976, 180976, 179373, 179373, 175950, 175950, 175950, 175950, 174345, 174345, 174345, 174345, 174345, 173842, 173842, 173842, 173842, 173842, 171431, 171431, 171431, 171431, 171431, 171431, 171431, 170808, 170808, 170639, 170639, 170639, 170639, 170639, 170639, 170639, 170639, 170639, 170500, 170500, 170500, 170500, 170500, 170500, 170500, 170500, 170500, 170500, 170500, 170500, 170500, 170500, 170500, 170500, 170500, 170500, 170500, 170500, 170500, 170500, 170500, 170500, 170500, 170500, 170500, 170500, 170500, 170500, 170500, 170500, 170500, 170500, 170500, 170500, 170500, 170500, 170500, 170500, 170500, 170500, 170500, 170500, 170500, 170500, 170500, 170500, 170500, 170500, 170500, 170500, 170500, 170500, 170500, 170500, 170500, 170500, 170500, 170500, 170500, 170500, 170500, 170500, 170500, 170500, 170500, 170500, 170500, 170500, 170500, 170500, 170500, 170500, 170500, 170500, 170500, 170500, 170500, 170500, 170500, 170500, 170500, 170500, 170500, 170500, 170500, 170500, 170500, 170500, 170500, 170500, 170172, 170172, 170172, 170172, 170172, 170172, 170172, 170172, 170172, 170172, 169119, 169119, 169119, 169119, 169119, 169119, 169119, 169119, 169119, 169119, 169119, 169119, 169119, 169119, 169119, 169119, 169119, 169119, 169119, 169119, 169119, 169119, 169119, 169119, 169119, 169119, 169119, 169119, 169119, 169119, 169119, 169119, 169119, 169119, 169119, 169119, 169119, 169119, 169119, 169119, 169119, 169119, 169119, 169119, 169119, 169119, 169119, 169119, 169119, 169119, 169119, 169119, 169119, 169119, 169119, 169119, 169119, 169119, 169119, 169119, 169119, 169119, 169119, 169119, 169119, 169119, 169119, 169119, 169119, 169119, 169119, 169119, 169119, 168672, 168672, 168672, 168672, 168672, 168672, 168672, 168672, 168672, 168672, 168672, 168672, 168672, 168672, 168672, 168672, 168672, 168672, 168672, 168672, 168672, 168672, 168672, 168672, 168672, 168672, 168672, 168672, 168672, 166788, 166788, 166788, 166788, 166788, 166788, 166788, 166788, 166788, 166788, 166788, 166788, 166788, 166788, 166788, 166788, 166788, 166788, 166788, 166788, 166788, 166788, 166788, 166788, 166788, 166788, 166788, 166788, 166788, 166788, 166788, 166788, 166788, 166788, 166788, 166788, 166788, 166788, 166788, 166788, 166788, 166788, 166788, 166788, 166788, 166788, 166788, 166788, 166788, 166788, 166788, 166788, 166788, 166788, 166788, 166788, 166788, 166788, 166788, 166788, 166788, 166788, 166788, 166788, 166788, 166788, 166788, 166788, 166788, 166788, 166788, 166788, 166788, 166788, 166788, 166788, 166788, 166788, 166788, 166788, 166788, 166788, 166788, 166788, 166788, 166788, 166788, 166788, 166788, 166788, 166788, 166788, 166788, 166788, 166788, 166788, 166788, 166788, 166788, 166788, 166788, 166788, 166788, 166788, 166788, 166788, 166788, 166788, 166788, 166788, 166788, 166788, 166788, 166788, 166788, 166788, 166788, 166788, 166788, 166788, 166788, 166788, 166788, 166788, 166788, 166788, 166788, 166788, 166788, 166788, 166788, 166788, 166788, 166788, 166788, 166788, 166788, 166788, 166788, 166788, 166788, 166788, 166788, 166788, 166788, 166788, 166788, 166788, 166788, 166788]
current_obj = [193215.0, 191935.0, 192665.0, 186464.0, 180976.0, 181418.0, 179373.0, 1.0e15, 175950.0, 177282.0, 1.0e15, 182249.0, 174345.0, 178859.0, 183940.0, 183529.0, 178546.0, 173842.0, 179219.0, 183566.0, 181815.0, 174831.0, 171431.0, 179090.0, 176218.0, 1.0e15, 179148.0, 183914.0, 1.0e15, 170808.0, 1.0e15, 170639.0, 170987.0, 177564.0, 174475.0, 1.0e15, 195240.0, 184826.0, 1.0e15, 1.0e15, 170500.0, 175561.0, 183038.0, 172993.0, 176368.0, 1.0e15, 1.0e15, 175512.0, 181617.0, 1.0e15, 176424.0, 175761.0, 173264.0, 173755.0, 183589.0, 170656.0, 1.0e15, 186566.0, 174169.0, 171373.0, 1.0e15, 1.0e15, 170916.0, 1.0e15, 174545.0, 184395.0, 180354.0, 174798.0, 197590.0, 174877.0, 190117.0, 1.0e15, 1.0e15, 174177.0, 1.0e15, 172242.0, 176033.0, 173935.0, 175224.0, 186399.0, 171229.0, 177310.0, 195238.0, 176929.0, 1.0e15, 172639.0, 178753.0, 176134.0, 1.0e15, 175872.0, 175534.0, 182825.0, 178688.0, 180698.0, 1.0e15, 177371.0, 175003.0, 171522.0, 175223.0, 171169.0, 181037.0, 177417.0, 175633.0, 1.0e15, 172621.0, 179654.0, 173863.0, 181162.0, 172848.0, 171694.0, 174030.0, 176525.0, 172642.0, 174563.0, 182610.0, 174298.0, 1.0e15, 171436.0, 171172.0, 171229.0, 173278.0, 174456.0, 177054.0, 1.0e15, 173137.0, 182930.0, 180915.0, 172814.0, 172576.0, 181459.0, 173422.0, 1.0e15, 170172.0, 171440.0, 174924.0, 174552.0, 174571.0, 176101.0, 193071.0, 173648.0, 1.0e15, 176698.0, 169119.0, 175045.0, 173317.0, 174528.0, 184099.0, 169618.0, 191667.0, 181973.0, 174213.0, 1.0e15, 175639.0, 176017.0, 175450.0, 174139.0, 1.0e15, 184463.0, 179298.0, 179908.0, 180224.0, 1.0e15, 171897.0, 178434.0, 176018.0, 174540.0, 174794.0, 179326.0, 174270.0, 175197.0, 177329.0, 172097.0, 1.0e15, 175406.0, 169753.0, 177265.0, 178258.0, 195023.0, 175140.0, 172182.0, 180235.0, 171868.0, 180066.0, 1.0e15, 174570.0, 173073.0, 1.0e15, 181790.0, 171800.0, 172011.0, 171896.0, 1.0e15, 179499.0, 1.0e15, 176116.0, 175851.0, 170729.0, 172231.0, 1.0e15, 174460.0, 1.0e15, 1.0e15, 172336.0, 171800.0, 174723.0, 173647.0, 173521.0, 1.0e15, 187270.0, 1.0e15, 179627.0, 172938.0, 179552.0, 1.0e15, 170544.0, 168672.0, 172228.0, 175701.0, 173544.0, 175356.0, 176726.0, 173156.0, 178477.0, 179176.0, 1.0e15, 173611.0, 172487.0, 1.0e15, 171778.0, 1.0e15, 178135.0, 178101.0, 177905.0, 175127.0, 170047.0, 181145.0, 178494.0, 181263.0, 179156.0, 170917.0, 171877.0, 180697.0, 1.0e15, 172094.0, 166788.0, 1.0e15, 175802.0, 168010.0, 1.0e15, 170584.0, 178612.0, 170528.0, 170672.0, 173143.0, 180300.0, 1.0e15, 177842.0, 179312.0, 1.0e15, 175189.0, 187768.0, 173291.0, 175401.0, 185445.0, 169001.0, 173106.0, 175874.0, 175932.0, 181820.0, 172767.0, 169829.0, 1.0e15, 173969.0, 169746.0, 1.0e15, 172083.0, 183894.0, 170544.0, 181124.0, 174740.0, 170073.0, 168095.0, 169585.0, 1.0e15, 172818.0, 1.0e15, 169088.0, 189401.0, 169337.0, 169943.0, 169192.0, 170835.0, 177364.0, 171250.0, 169425.0, 176809.0, 1.0e15, 170969.0, 194198.0, 172837.0, 167070.0, 172721.0, 172960.0, 1.0e15, 169665.0, 168756.0, 1.0e15, 1.0e15, 180205.0, 170938.0, 172142.0, 172764.0, 1.0e15, 169252.0, 168612.0, 173559.0, 177061.0, 1.0e15, 172316.0, 170725.0, 188353.0, 1.0e15, 179741.0, 175446.0, 174224.0, 182273.0, 167842.0, 172096.0, 191643.0, 1.0e15, 170132.0, 172082.0, 177380.0, 173741.0, 174250.0, 172059.0, 173097.0, 170041.0, 175589.0, 171939.0, 176201.0, 169969.0, 174096.0, 176722.0, 185240.0, 166834.0, 169301.0, 177106.0, 169063.0, 170300.0, 172500.0, 174465.0, 184126.0, 168757.0, 1.0e15, 170761.0, 187307.0, 183199.0, 168893.0, 175640.0, 168476.0, 1.0e15, 168450.0, 169620.0, 175923.0, 180663.0, 172012.0, 176819.0, 170772.0, 167758.0, 173910.0, 177104.0, 169335.0, 1.0e15, 178615.0, 1.0e15, 170112.0, 169983.0, 1.0e15, 172389.0, 174741.0, 178524.0, 204464.0, 172591.0, 175521.0, 173021.0, 176066.0, 169777.0, 174930.0, 176364.0, 173142.0, 1.0e15, 167535.0, 175545.0, 171440.0, 0.0, 0.0, 0.0, 0.0, 0.0, 0.0, 0.0, 0.0, 0.0, 0.0, 0.0, 0.0, 0.0, 0.0, 0.0, 0.0, 0.0, 0.0, 0.0, 0.0, 0.0, 0.0, 0.0, 0.0, 0.0, 0.0, 0.0, 0.0, 0.0, 0.0, 0.0, 0.0, 0.0, 0.0, 0.0, 0.0, 0.0, 0.0, 0.0, 0.0, 0.0, 0.0, 0.0, 0.0, 0.0, 0.0, 0.0, 0.0, 0.0, 0.0, 0.0, 0.0, 0.0, 0.0, 0.0, 0.0, 0.0, 0.0, 0.0, 0.0, 0.0, 0.0, 0.0, 0.0, 0.0, 0.0, 0.0, 0.0, 0.0, 0.0, 0.0, 0.0, 0.0, 0.0, 0.0, 0.0, 0.0, 0.0, 0.0, 0.0, 0.0, 0.0, 0.0, 0.0, 0.0, 0.0, 0.0, 0.0, 0.0, 0.0, 0.0, 0.0, 0.0, 0.0, 0.0, 0.0, 0.0, 0.0, 0.0, 0.0, 0.0, 0.0, 0.0, 0.0, 0.0, 0.0, 0.0, 0.0, 0.0, 0.0, 0.0, 0.0, 0.0, 0.0, 0.0, 0.0, 0.0, 0.0, 0.0, 0.0, 0.0, 0.0, 0.0, 0.0, 0.0, 0.0, 0.0, 0.0, 0.0, 0.0, 0.0, 0.0, 0.0, 0.0, 0.0, 0.0, 0.0, 0.0, 0.0, 0.0, 0.0, 0.0, 0.0, 0.0, 0.0, 0.0, 0.0, 0.0, 0.0, 0.0, 0.0, 0.0, 0.0, 0.0, 0.0, 0.0, 0.0, 0.0, 0.0, 0.0, 0.0, 0.0, 0.0, 0.0, 0.0, 0.0, 0.0, 0.0, 0.0, 0.0, 0.0, 0.0, 0.0, 0.0, 0.0, 0.0, 0.0, 0.0, 0.0, 0.0, 0.0, 0.0, 0.0, 0.0, 0.0, 0.0, 0.0, 0.0, 0.0, 0.0, 0.0, 0.0, 0.0, 0.0, 0.0, 0.0, 0.0, 0.0, 0.0, 0.0, 0.0, 0.0, 0.0, 0.0, 0.0]
cong_K= Any[2, 2, 2, 2, 2, 2, 2, 2, 2, 2, 2, 2, 2, 2, 2, 2] 
obj_k= Any[193215, 191935, 186464, 180976, 179373, 175950, 174345, 173842, 171431, 170808, 170639, 170500, 170172, 169119, 168672, 166788] 
iter_obj = Any[1, 2, 4, 5, 7, 9, 13, 18, 23, 30, 32, 41, 133, 143, 216, 245] 
avgClusterDiam = 2559.1428571428573 
maxClusterDiam = 4731.0 
clusterDiamete = [2027.0; 2861.0; 2439.0; 2065.0; 4731.0; 1988.0; 1803.0]   
C = [0, 0, 0, 0, 0, 0, 0, 0, 0, 0, 0, 0, 0, 0, 0, 0, 0, 0, 0, 0, 0, 0, 0, 0, 0, 0, 0, 0, 0, 0, 0, 0, 0, 0, 0, 0, 0, 0, 0, 0, 0, 0, 0, 0, 1, 0, 0, 0, 0, 0, 0, 0, 0, 0, 0, 0, 0, 0, 0, 0, 0, 0, 0, 0, 0, 0, 0, 0, 0, 0, 0, 0, 0, 0, 1, 0, 0, 0, 0, 0, 0, 0, 0, 0, 0, 0, 0, 0, 0, 0, 0, 0, 0, 0, 0, 0, 0, 0, 0, 0, 0, 0, 0, 0, 0, 0, 0, 1, 0, 0, 0, 0, 0, 0, 0, 0, 0, 0, 0, 0, 0, 0, 0, 0, 1, 0, 0, 0, 0, 0, 0, 0, 0, 0, 0, 0, 0, 0, 0, 0, 0, 0, 0, 0, 0, 0, 0, 0, 0, 0, 0, 0, 0, 0, 0, 0, 0, 0, 0, 0, 0, 0, 0, 1, 0, 0, 0, 0, 0, 0, 0, 0, 0, 0, 0, 0, 0, 0, 0, 0, 0, 0, 0, 0, 0, 0, 0, 0, 0, 0, 0, 0, 1, 0, 0, 0, 0, 0, 0, 0, 0, 0, 0, 0, 0, 0, 0, 0, 0, 0, 0, 0, 0, 0, 1, 0, 0, 0, 0, 0, 0, 0, 0, 0, 0, 0, 0, 0]
E = [117, 117, 117, 117, 176, 117, 117, 117, 117, 117, 176, 117, 176, 117, 176, 117, 117, 117, 87, 87, 117, 87, 87, 150, 87, 150, 150, 298, 150, 150, 150, 87, 150, 150, 150, 298, 150, 150, 150, 87, 150, 150, 117, 117, 87, 87, 87, 87, 87, 87, 87, 87, 87, 87, 87, 87, 176, 87, 87, 87, 117, 87, 87, 87, 117, 117, 87, 87, 117, 117, 117, 117, 117, 117, 117, 117, 117, 117, 117, 87, 117, 117, 117, 117, 117, 117, 117, 117, 117, 117, 117, 117, 117, 150, 117, 117, 150, 150, 150, 150, 150, 150, 150, 150, 150, 150, 150, 150, 150, 150, 150, 150, 150, 150, 298, 150, 150, 117, 150, 150, 150, 150, 150, 176, 176, 150, 150, 298, 117, 176, 117, 176, 117, 176, 87, 87, 117, 176, 176, 176, 176, 176, 176, 176, 176, 176, 176, 176, 176, 298, 150, 150, 298, 150, 150, 298, 298, 298, 298, 298, 298, 298, 298, 298, 298, 298, 298, 298, 298, 298, 298, 298, 298, 298, 376, 298, 298, 298, 298, 298, 376, 298, 376, 376, 298, 376, 298, 298, 298, 298, 376, 376, 376, 376, 376, 376, 376, 428, 298, 376, 376, 376, 298, 428, 428, 428, 428, 428, 428, 428, 376, 428, 428, 428, 428, 428, 428, 428, 428, 428, 428, 428, 428, 428, 428, 428, 87, 176]
