n° iter       = 600 
neighborhood_structure = [3] 
Prioridad     = 10 
balance       = 0.5 
Len_N         = 3 
N° clusters   = 7 
N° estaciones = 228 
N° mejoras    = 12
N° iter completadas  = 315
1° FO         = 180044.0
FO            = 166326
Centros       = [55, 127, 153, 259, 319, 376, 428]
Objs= Any[180044.0, 180044.0, 180044.0, 180044.0, 180044.0, 180044.0, 177235, 177235, 177235, 176428, 176428, 176428, 176428, 176428, 176428, 176428, 176428, 176428, 176428, 176428, 176428, 176428, 176428, 175348, 175348, 175348, 175348, 175348, 175348, 175348, 175348, 175348, 174527, 174527, 174527, 174527, 174527, 174527, 174527, 174527, 174527, 174527, 174527, 174527, 174527, 174527, 174375, 174375, 174375, 174375, 174375, 173422, 173422, 173422, 173422, 173422, 173422, 173422, 173422, 173422, 173422, 173422, 173413, 173413, 173413, 172206, 172206, 172206, 172206, 172206, 172206, 172206, 172206, 172206, 172206, 172206, 172206, 172206, 172206, 172206, 172206, 172206, 172206, 172206, 172206, 172206, 172206, 172206, 172206, 172206, 172206, 172206, 172206, 172206, 172206, 172206, 172206, 172206, 172206, 172206, 172206, 172206, 172206, 172206, 172206, 172206, 172206, 172206, 172206, 171682, 171682, 171682, 171682, 171682, 171682, 171682, 171682, 171682, 171682, 171682, 171682, 171682, 171682, 171682, 171682, 171682, 171682, 171682, 171682, 171682, 171682, 171682, 171682, 171682, 171682, 171682, 171682, 171682, 171682, 171682, 171682, 171682, 171682, 171264, 171264, 171264, 171264, 171264, 171264, 171264, 171264, 171264, 171264, 171264, 171264, 171264, 171264, 171251, 171251, 171251, 171251, 171251, 171251, 171251, 171251, 171251, 166326, 166326, 166326, 166326, 166326, 166326, 166326, 166326, 166326, 166326, 166326, 166326, 166326, 166326, 166326, 166326, 166326, 166326, 166326, 166326, 166326, 166326, 166326, 166326, 166326, 166326, 166326, 166326, 166326, 166326, 166326, 166326, 166326, 166326, 166326, 166326, 166326, 166326, 166326, 166326, 166326, 166326, 166326, 166326, 166326, 166326, 166326, 166326, 166326, 166326, 166326, 166326, 166326, 166326, 166326, 166326, 166326, 166326, 166326, 166326, 166326, 166326, 166326, 166326, 166326, 166326, 166326, 166326, 166326, 166326, 166326, 166326, 166326, 166326, 166326, 166326, 166326, 166326, 166326, 166326, 166326, 166326, 166326, 166326, 166326, 166326, 166326, 166326, 166326, 166326, 166326, 166326, 166326, 166326, 166326, 166326, 166326, 166326, 166326, 166326, 166326, 166326, 166326, 166326, 166326, 166326, 166326, 166326, 166326, 166326, 166326, 166326, 166326, 166326, 166326, 166326, 166326, 166326, 166326, 166326, 166326, 166326, 166326, 166326, 166326, 166326, 166326, 166326, 166326, 166326, 166326, 166326, 166326, 166326, 166326, 166326, 166326, 166326, 166326, 166326, 166326, 166326, 166326, 166326, 166326, 166326, 166326, 166326, 166326, 166326]
current_obj = [182506.0, 187295.0, 1.0e15, 1.0e15, 189172.0, 177235.0, 191979.0, 184886.0, 176428.0, 177398.0, 183982.0, 193188.0, 1.0e15, 180111.0, 188848.0, 1.0e15, 1.0e15, 183405.0, 179404.0, 185270.0, 194019.0, 1.0e15, 175348.0, 194532.0, 179381.0, 1.0e15, 177979.0, 180382.0, 181338.0, 1.0e15, 192866.0, 174527.0, 187002.0, 180296.0, 177627.0, 191967.0, 183328.0, 186375.0, 1.0e15, 1.0e15, 1.0e15, 183386.0, 176913.0, 177208.0, 182534.0, 174375.0, 188381.0, 180683.0, 1.0e15, 181154.0, 173422.0, 1.0e15, 177923.0, 178452.0, 180589.0, 1.0e15, 190342.0, 179107.0, 181354.0, 182695.0, 1.0e15, 173413.0, 183902.0, 178832.0, 172206.0, 1.0e15, 197156.0, 185854.0, 178955.0, 173430.0, 192253.0, 172736.0, 183225.0, 181196.0, 179061.0, 184377.0, 184520.0, 1.0e15, 173962.0, 181631.0, 189145.0, 182578.0, 185527.0, 179283.0, 173503.0, 184156.0, 1.0e15, 180366.0, 1.0e15, 183335.0, 192878.0, 185701.0, 1.0e15, 175567.0, 183805.0, 181688.0, 182903.0, 182835.0, 175488.0, 189811.0, 181769.0, 1.0e15, 176612.0, 186698.0, 173099.0, 1.0e15, 172924.0, 175200.0, 171682.0, 178781.0, 178834.0, 176464.0, 1.0e15, 176246.0, 185329.0, 177234.0, 182027.0, 177258.0, 179486.0, 185252.0, 1.0e15, 1.0e15, 186840.0, 171882.0, 177802.0, 1.0e15, 1.0e15, 186023.0, 1.0e15, 1.0e15, 178030.0, 1.0e15, 1.0e15, 204746.0, 179693.0, 179469.0, 179548.0, 174899.0, 1.0e15, 183653.0, 1.0e15, 182425.0, 171264.0, 175345.0, 194622.0, 1.0e15, 178404.0, 174755.0, 1.0e15, 178342.0, 176319.0, 1.0e15, 186653.0, 1.0e15, 195850.0, 181068.0, 171251.0, 1.0e15, 180633.0, 182931.0, 1.0e15, 181694.0, 190183.0, 174175.0, 1.0e15, 166326.0, 175289.0, 183235.0, 181710.0, 1.0e15, 179271.0, 189454.0, 178565.0, 1.0e15, 188563.0, 175789.0, 180581.0, 1.0e15, 176754.0, 175648.0, 174209.0, 169209.0, 185547.0, 170424.0, 201941.0, 175796.0, 197384.0, 175725.0, 1.0e15, 1.0e15, 172439.0, 177357.0, 187200.0, 176890.0, 172875.0, 180587.0, 179163.0, 180661.0, 173415.0, 173010.0, 1.0e15, 184856.0, 179361.0, 174228.0, 171638.0, 173082.0, 174805.0, 172604.0, 180431.0, 175177.0, 1.0e15, 177180.0, 171816.0, 176832.0, 172701.0, 173053.0, 1.0e15, 196469.0, 1.0e15, 193645.0, 176195.0, 175187.0, 192248.0, 174932.0, 191169.0, 1.0e15, 209702.0, 175788.0, 172871.0, 186214.0, 177111.0, 1.0e15, 181057.0, 170753.0, 175237.0, 182709.0, 171126.0, 182841.0, 190553.0, 179356.0, 174312.0, 177746.0, 1.0e15, 182030.0, 1.0e15, 182305.0, 1.0e15, 180963.0, 177050.0, 169749.0, 173615.0, 170023.0, 176671.0, 176613.0, 171465.0, 180836.0, 186599.0, 181259.0, 1.0e15, 187170.0, 175092.0, 175526.0, 177212.0, 172927.0, 1.0e15, 180177.0, 1.0e15, 175657.0, 181586.0, 210028.0, 1.0e15, 1.0e15, 180257.0, 1.0e15, 178250.0, 176613.0, 171872.0, 180865.0, 182230.0, 173236.0, 173534.0, 1.0e15, 1.0e15, 170439.0, 1.0e15, 173555.0, 172069.0, 1.0e15, 1.0e15, 180305.0, 1.0e15, 176306.0, 176524.0, 1.0e15, 180980.0, 167099.0, 187669.0, 188449.0, 168823.0, 174388.0, 185333.0, 1.0e15, 174526.0, 178486.0, 187653.0, 1.0e15, 177019.0, 1.0e15, 179737.0, 174204.0, 173575.0, 177590.0, 176406.0, 173546.0, 176549.0, 174004.0, 0.0, 0.0, 0.0, 0.0, 0.0, 0.0, 0.0, 0.0, 0.0, 0.0, 0.0, 0.0, 0.0, 0.0, 0.0, 0.0, 0.0, 0.0, 0.0, 0.0, 0.0, 0.0, 0.0, 0.0, 0.0, 0.0, 0.0, 0.0, 0.0, 0.0, 0.0, 0.0, 0.0, 0.0, 0.0, 0.0, 0.0, 0.0, 0.0, 0.0, 0.0, 0.0, 0.0, 0.0, 0.0, 0.0, 0.0, 0.0, 0.0, 0.0, 0.0, 0.0, 0.0, 0.0, 0.0, 0.0, 0.0, 0.0, 0.0, 0.0, 0.0, 0.0, 0.0, 0.0, 0.0, 0.0, 0.0, 0.0, 0.0, 0.0, 0.0, 0.0, 0.0, 0.0, 0.0, 0.0, 0.0, 0.0, 0.0, 0.0, 0.0, 0.0, 0.0, 0.0, 0.0, 0.0, 0.0, 0.0, 0.0, 0.0, 0.0, 0.0, 0.0, 0.0, 0.0, 0.0, 0.0, 0.0, 0.0, 0.0, 0.0, 0.0, 0.0, 0.0, 0.0, 0.0, 0.0, 0.0, 0.0, 0.0, 0.0, 0.0, 0.0, 0.0, 0.0, 0.0, 0.0, 0.0, 0.0, 0.0, 0.0, 0.0, 0.0, 0.0, 0.0, 0.0, 0.0, 0.0, 0.0, 0.0, 0.0, 0.0, 0.0, 0.0, 0.0, 0.0, 0.0, 0.0, 0.0, 0.0, 0.0, 0.0, 0.0, 0.0, 0.0, 0.0, 0.0, 0.0, 0.0, 0.0, 0.0, 0.0, 0.0, 0.0, 0.0, 0.0, 0.0, 0.0, 0.0, 0.0, 0.0, 0.0, 0.0, 0.0, 0.0, 0.0, 0.0, 0.0, 0.0, 0.0, 0.0, 0.0, 0.0, 0.0, 0.0, 0.0, 0.0, 0.0, 0.0, 0.0, 0.0, 0.0, 0.0, 0.0, 0.0, 0.0, 0.0, 0.0, 0.0, 0.0, 0.0, 0.0, 0.0, 0.0, 0.0, 0.0, 0.0, 0.0, 0.0, 0.0, 0.0, 0.0, 0.0, 0.0, 0.0, 0.0, 0.0, 0.0, 0.0, 0.0, 0.0, 0.0, 0.0, 0.0, 0.0, 0.0, 0.0, 0.0, 0.0, 0.0, 0.0, 0.0, 0.0, 0.0, 0.0, 0.0, 0.0, 0.0, 0.0, 0.0, 0.0, 0.0, 0.0, 0.0, 0.0, 0.0, 0.0, 0.0, 0.0, 0.0, 0.0, 0.0, 0.0, 0.0, 0.0, 0.0, 0.0, 0.0, 0.0, 0.0, 0.0, 0.0, 0.0, 0.0, 0.0, 0.0, 0.0, 0.0, 0.0, 0.0, 0.0, 0.0, 0.0, 0.0, 0.0, 0.0, 0.0, 0.0, 0.0, 0.0, 0.0, 0.0, 0.0, 0.0, 0.0, 0.0, 0.0, 0.0, 0.0, 0.0, 0.0, 0.0, 0.0, 0.0]
cong_K= Any[3, 3, 3, 3, 3, 3, 3, 3, 3, 3, 3, 3] 
obj_k= Any[177235, 176428, 175348, 174527, 174375, 173422, 173413, 172206, 171682, 171264, 171251, 166326] 
iter_obj = Any[6, 9, 23, 32, 46, 51, 62, 65, 109, 143, 157, 166] 
avgClusterDiam = 2441.714285714286 
maxClusterDiam = 4514.0 
clusterDiamete = [1925.0; 2197.0; 2257.0; 2408.0; 4514.0; 1988.0; 1803.0]   
C = [0, 0, 0, 0, 0, 0, 0, 0, 0, 0, 0, 0, 0, 0, 0, 0, 0, 0, 0, 0, 0, 0, 0, 0, 1, 0, 0, 0, 0, 0, 0, 0, 0, 0, 0, 0, 0, 0, 0, 0, 0, 0, 0, 0, 0, 0, 0, 0, 0, 0, 0, 0, 0, 0, 0, 0, 0, 0, 0, 0, 0, 0, 0, 0, 0, 0, 0, 0, 0, 0, 0, 0, 0, 0, 0, 0, 0, 0, 0, 0, 0, 0, 0, 0, 1, 0, 0, 0, 0, 0, 0, 0, 0, 0, 0, 0, 0, 0, 0, 0, 0, 0, 0, 0, 0, 0, 0, 0, 0, 0, 1, 0, 0, 0, 0, 0, 0, 0, 0, 0, 0, 0, 0, 0, 0, 0, 0, 0, 0, 0, 0, 0, 0, 1, 0, 0, 0, 0, 0, 0, 0, 0, 0, 0, 0, 0, 0, 0, 0, 0, 0, 0, 0, 0, 0, 0, 0, 0, 0, 0, 0, 0, 0, 0, 0, 0, 0, 0, 1, 0, 0, 0, 0, 0, 0, 0, 0, 0, 0, 0, 0, 0, 0, 0, 0, 0, 0, 0, 0, 0, 0, 0, 1, 0, 0, 0, 0, 0, 0, 0, 0, 0, 0, 0, 0, 0, 0, 0, 0, 0, 0, 0, 0, 0, 1, 0, 0, 0, 0, 0, 0, 0, 0, 0, 0, 0, 0, 0]
E = [259, 259, 259, 259, 259, 259, 259, 127, 127, 127, 259, 127, 259, 259, 259, 127, 127, 127, 259, 55, 127, 55, 55, 153, 55, 153, 153, 153, 153, 153, 153, 55, 319, 153, 153, 319, 153, 153, 153, 55, 153, 153, 259, 259, 55, 55, 55, 55, 55, 55, 55, 55, 55, 55, 55, 55, 259, 55, 55, 55, 259, 55, 55, 55, 127, 127, 55, 55, 259, 259, 259, 127, 127, 259, 127, 127, 127, 127, 127, 127, 127, 127, 127, 127, 127, 127, 127, 127, 127, 127, 127, 127, 127, 127, 127, 127, 127, 127, 127, 319, 127, 127, 153, 153, 153, 127, 153, 153, 153, 153, 153, 153, 153, 153, 319, 153, 153, 259, 153, 153, 153, 153, 153, 259, 259, 153, 153, 319, 259, 259, 259, 259, 259, 259, 259, 55, 259, 259, 259, 259, 259, 259, 259, 259, 259, 259, 259, 259, 259, 153, 153, 153, 153, 153, 319, 319, 153, 319, 319, 319, 319, 319, 319, 319, 319, 319, 319, 319, 319, 319, 319, 319, 319, 319, 376, 319, 319, 319, 319, 319, 376, 319, 376, 376, 319, 376, 319, 319, 319, 319, 376, 376, 376, 376, 376, 376, 376, 428, 319, 376, 376, 376, 319, 428, 428, 428, 428, 428, 428, 428, 376, 428, 428, 428, 428, 428, 428, 428, 428, 428, 428, 428, 428, 428, 428, 428, 55, 259]
