n° iter       = 600 
neighborhood_structure = [3] 
Prioridad     = 10 
balance       = 0.5 
Len_N         = 3 
N° clusters   = 7 
N° estaciones = 228 
N° mejoras    = 7
N° iter completadas  = 200
1° FO         = 210079.0
FO            = 170401
Centros       = [96, 117, 150, 274, 298, 397, 431]
Objs= Any[210079.0, 187575, 187575, 187575, 184550, 181839, 181839, 181839, 181839, 181839, 178315, 178315, 178315, 178315, 178315, 178315, 178315, 178315, 178315, 178315, 178315, 178315, 178315, 178315, 178315, 178315, 178315, 178315, 178315, 178315, 178315, 178315, 178315, 177755, 177755, 173588, 173588, 173588, 173588, 173588, 173588, 173588, 173588, 173588, 173588, 173588, 173588, 173588, 173588, 173588, 173588, 170401, 170401, 170401, 170401, 170401, 170401, 170401, 170401, 170401, 170401, 170401, 170401, 170401, 170401, 170401, 170401, 170401, 170401, 170401, 170401, 170401, 170401, 170401, 170401, 170401, 170401, 170401, 170401, 170401, 170401, 170401, 170401, 170401, 170401, 170401, 170401, 170401, 170401, 170401, 170401, 170401, 170401, 170401, 170401, 170401, 170401, 170401, 170401, 170401, 170401, 170401, 170401, 170401, 170401, 170401, 170401, 170401, 170401, 170401, 170401, 170401, 170401, 170401, 170401, 170401, 170401, 170401, 170401, 170401, 170401, 170401, 170401, 170401, 170401, 170401, 170401, 170401, 170401, 170401, 170401, 170401, 170401, 170401, 170401, 170401, 170401, 170401, 170401, 170401, 170401, 170401, 170401, 170401, 170401, 170401, 170401, 170401, 170401, 170401, 170401, 170401, 170401, 170401, 170401, 170401, 170401, 170401, 170401, 170401, 170401, 170401, 170401, 170401, 170401, 170401, 170401, 170401, 170401, 170401, 170401, 170401, 170401, 170401, 170401, 170401, 170401, 170401, 170401, 170401, 170401, 170401, 170401, 170401, 170401, 170401, 170401, 170401, 170401, 170401, 170401, 170401, 170401, 170401, 170401, 170401, 170401, 170401, 170401, 170401, 170401]
current_obj = [187575.0, 192920.0, 191446.0, 184550.0, 181839.0, 1.0e15, 1.0e15, 1.0e15, 210961.0, 178315.0, 178641.0, 192020.0, 185071.0, 1.0e15, 1.0e15, 1.0e15, 1.0e15, 185653.0, 193368.0, 181914.0, 1.0e15, 197617.0, 190433.0, 182149.0, 193434.0, 191853.0, 184725.0, 180551.0, 193176.0, 181142.0, 1.0e15, 186068.0, 177755.0, 204090.0, 173588.0, 185436.0, 183922.0, 1.0e15, 175160.0, 177788.0, 1.0e15, 184854.0, 179736.0, 190612.0, 1.0e15, 175707.0, 1.0e15, 193213.0, 1.0e15, 189362.0, 170401.0, 177614.0, 1.0e15, 185480.0, 185769.0, 183172.0, 175212.0, 192191.0, 1.0e15, 180737.0, 172229.0, 191398.0, 175981.0, 1.0e15, 185407.0, 181639.0, 1.0e15, 1.0e15, 196178.0, 175997.0, 182846.0, 177851.0, 175892.0, 171813.0, 177278.0, 1.0e15, 1.0e15, 1.0e15, 186923.0, 1.0e15, 195368.0, 184364.0, 174846.0, 177266.0, 176722.0, 1.0e15, 1.0e15, 173773.0, 1.0e15, 1.0e15, 177903.0, 1.0e15, 175397.0, 1.0e15, 176271.0, 183772.0, 181345.0, 204079.0, 187942.0, 1.0e15, 1.0e15, 1.0e15, 180144.0, 189437.0, 1.0e15, 1.0e15, 172801.0, 178347.0, 179637.0, 171696.0, 184371.0, 178020.0, 185621.0, 1.0e15, 197762.0, 187210.0, 172729.0, 1.0e15, 1.0e15, 181886.0, 173609.0, 183619.0, 1.0e15, 172856.0, 180422.0, 171646.0, 173226.0, 1.0e15, 180490.0, 185138.0, 174309.0, 178005.0, 176853.0, 193966.0, 173762.0, 182096.0, 1.0e15, 1.0e15, 187238.0, 173873.0, 186496.0, 173153.0, 171666.0, 173964.0, 179252.0, 1.0e15, 181275.0, 1.0e15, 181706.0, 180185.0, 180680.0, 194675.0, 179782.0, 170858.0, 1.0e15, 178129.0, 185103.0, 177414.0, 175519.0, 1.0e15, 181913.0, 176010.0, 173684.0, 179460.0, 179332.0, 186292.0, 1.0e15, 181037.0, 187412.0, 173767.0, 184779.0, 1.0e15, 195555.0, 178395.0, 184030.0, 177018.0, 1.0e15, 170845.0, 180645.0, 192679.0, 174202.0, 1.0e15, 186283.0, 177618.0, 181838.0, 176778.0, 175099.0, 185975.0, 1.0e15, 179967.0, 1.0e15, 179500.0, 178017.0, 175184.0, 187019.0, 1.0e15, 187230.0, 1.0e15, 173933.0, 175160.0, 1.0e15, 0.0, 0.0, 0.0, 0.0, 0.0, 0.0, 0.0, 0.0, 0.0, 0.0, 0.0, 0.0, 0.0, 0.0, 0.0, 0.0, 0.0, 0.0, 0.0, 0.0, 0.0, 0.0, 0.0, 0.0, 0.0, 0.0, 0.0, 0.0, 0.0, 0.0, 0.0, 0.0, 0.0, 0.0, 0.0, 0.0, 0.0, 0.0, 0.0, 0.0, 0.0, 0.0, 0.0, 0.0, 0.0, 0.0, 0.0, 0.0, 0.0, 0.0, 0.0, 0.0, 0.0, 0.0, 0.0, 0.0, 0.0, 0.0, 0.0, 0.0, 0.0, 0.0, 0.0, 0.0, 0.0, 0.0, 0.0, 0.0, 0.0, 0.0, 0.0, 0.0, 0.0, 0.0, 0.0, 0.0, 0.0, 0.0, 0.0, 0.0, 0.0, 0.0, 0.0, 0.0, 0.0, 0.0, 0.0, 0.0, 0.0, 0.0, 0.0, 0.0, 0.0, 0.0, 0.0, 0.0, 0.0, 0.0, 0.0, 0.0, 0.0, 0.0, 0.0, 0.0, 0.0, 0.0, 0.0, 0.0, 0.0, 0.0, 0.0, 0.0, 0.0, 0.0, 0.0, 0.0, 0.0, 0.0, 0.0, 0.0, 0.0, 0.0, 0.0, 0.0, 0.0, 0.0, 0.0, 0.0, 0.0, 0.0, 0.0, 0.0, 0.0, 0.0, 0.0, 0.0, 0.0, 0.0, 0.0, 0.0, 0.0, 0.0, 0.0, 0.0, 0.0, 0.0, 0.0, 0.0, 0.0, 0.0, 0.0, 0.0, 0.0, 0.0, 0.0, 0.0, 0.0, 0.0, 0.0, 0.0, 0.0, 0.0, 0.0, 0.0, 0.0, 0.0, 0.0, 0.0, 0.0, 0.0, 0.0, 0.0, 0.0, 0.0, 0.0, 0.0, 0.0, 0.0, 0.0, 0.0, 0.0, 0.0, 0.0, 0.0, 0.0, 0.0, 0.0, 0.0, 0.0, 0.0, 0.0, 0.0, 0.0, 0.0, 0.0, 0.0, 0.0, 0.0, 0.0, 0.0, 0.0, 0.0, 0.0, 0.0, 0.0, 0.0, 0.0, 0.0, 0.0, 0.0, 0.0, 0.0, 0.0, 0.0, 0.0, 0.0, 0.0, 0.0, 0.0, 0.0, 0.0, 0.0, 0.0, 0.0, 0.0, 0.0, 0.0, 0.0, 0.0, 0.0, 0.0, 0.0, 0.0, 0.0, 0.0, 0.0, 0.0, 0.0, 0.0, 0.0, 0.0, 0.0, 0.0, 0.0, 0.0, 0.0, 0.0, 0.0, 0.0, 0.0, 0.0, 0.0, 0.0, 0.0, 0.0, 0.0, 0.0, 0.0, 0.0, 0.0, 0.0, 0.0, 0.0, 0.0, 0.0, 0.0, 0.0, 0.0, 0.0, 0.0, 0.0, 0.0, 0.0, 0.0, 0.0, 0.0, 0.0, 0.0, 0.0, 0.0, 0.0, 0.0, 0.0, 0.0, 0.0, 0.0, 0.0, 0.0, 0.0, 0.0, 0.0, 0.0, 0.0, 0.0, 0.0, 0.0, 0.0, 0.0, 0.0, 0.0, 0.0, 0.0, 0.0, 0.0, 0.0, 0.0, 0.0, 0.0, 0.0, 0.0, 0.0, 0.0, 0.0, 0.0, 0.0, 0.0, 0.0, 0.0, 0.0, 0.0, 0.0, 0.0, 0.0, 0.0, 0.0, 0.0, 0.0, 0.0, 0.0, 0.0, 0.0, 0.0, 0.0, 0.0, 0.0, 0.0, 0.0, 0.0, 0.0, 0.0, 0.0, 0.0, 0.0, 0.0, 0.0, 0.0, 0.0, 0.0, 0.0, 0.0, 0.0, 0.0, 0.0, 0.0, 0.0, 0.0, 0.0, 0.0, 0.0, 0.0, 0.0, 0.0, 0.0, 0.0, 0.0, 0.0, 0.0, 0.0, 0.0, 0.0, 0.0, 0.0, 0.0, 0.0, 0.0, 0.0, 0.0, 0.0, 0.0, 0.0, 0.0, 0.0, 0.0, 0.0, 0.0, 0.0, 0.0, 0.0, 0.0, 0.0, 0.0, 0.0, 0.0, 0.0, 0.0, 0.0, 0.0, 0.0, 0.0]
cong_K= Any[3, 3, 3, 3, 3, 3, 3] 
obj_k= Any[187575, 184550, 181839, 178315, 177755, 173588, 170401] 
iter_obj = Any[1, 4, 5, 10, 33, 35, 51] 
avgClusterDiam = 2675.714285714286 
maxClusterDiam = 4731.0 
clusterDiamete = [2191.0; 2650.0; 2439.0; 2779.0; 4731.0; 2259.0; 1681.0]   
C = [0, 0, 0, 0, 0, 0, 0, 0, 0, 0, 0, 0, 0, 0, 0, 0, 0, 0, 0, 0, 0, 0, 0, 0, 0, 0, 0, 0, 0, 0, 0, 0, 0, 0, 0, 0, 0, 0, 0, 0, 0, 0, 0, 0, 0, 0, 0, 0, 0, 0, 0, 0, 0, 1, 0, 0, 0, 0, 0, 0, 0, 0, 0, 0, 0, 0, 0, 0, 0, 0, 0, 0, 0, 0, 1, 0, 0, 0, 0, 0, 0, 0, 0, 0, 0, 0, 0, 0, 0, 0, 0, 0, 0, 0, 0, 0, 0, 0, 0, 0, 0, 0, 0, 0, 0, 0, 0, 1, 0, 0, 0, 0, 0, 0, 0, 0, 0, 0, 0, 0, 0, 0, 0, 0, 0, 0, 0, 0, 0, 0, 0, 0, 0, 0, 0, 0, 0, 0, 0, 0, 0, 0, 0, 0, 0, 0, 0, 1, 0, 0, 0, 0, 0, 0, 0, 0, 0, 0, 0, 0, 0, 0, 0, 1, 0, 0, 0, 0, 0, 0, 0, 0, 0, 0, 0, 0, 0, 0, 0, 0, 0, 0, 0, 0, 0, 0, 0, 0, 0, 0, 0, 0, 0, 0, 0, 1, 0, 0, 0, 0, 0, 0, 0, 0, 0, 0, 0, 0, 0, 0, 0, 0, 0, 0, 0, 0, 0, 1, 0, 0, 0, 0, 0, 0, 0, 0, 0, 0]
E = [117, 117, 117, 117, 274, 117, 117, 117, 117, 117, 274, 117, 96, 274, 117, 117, 117, 117, 96, 96, 117, 96, 96, 150, 96, 150, 150, 298, 150, 150, 150, 274, 150, 150, 150, 298, 150, 150, 150, 96, 150, 150, 117, 117, 96, 96, 96, 96, 96, 96, 96, 96, 96, 96, 96, 96, 96, 96, 96, 96, 274, 96, 96, 96, 96, 96, 96, 96, 117, 96, 117, 117, 117, 117, 117, 117, 117, 117, 117, 96, 117, 117, 117, 117, 117, 117, 117, 117, 117, 117, 117, 117, 117, 150, 117, 117, 150, 150, 150, 150, 150, 150, 150, 150, 150, 150, 150, 150, 150, 150, 150, 150, 150, 150, 298, 150, 150, 117, 150, 150, 150, 150, 150, 274, 274, 150, 150, 298, 117, 274, 117, 117, 117, 274, 96, 96, 117, 274, 274, 274, 274, 274, 274, 274, 274, 274, 274, 274, 274, 298, 150, 150, 298, 150, 150, 298, 298, 298, 298, 298, 298, 298, 298, 298, 298, 298, 298, 298, 298, 298, 298, 298, 298, 298, 397, 298, 298, 298, 298, 298, 397, 298, 397, 397, 298, 397, 298, 298, 298, 397, 298, 397, 397, 397, 397, 397, 397, 397, 298, 397, 397, 431, 298, 431, 397, 431, 431, 431, 431, 397, 397, 397, 397, 431, 431, 431, 431, 431, 431, 431, 431, 431, 431, 431, 431, 431, 96, 274]
