n° iter       = 600 
neighborhood_structure = [1] 
Prioridad     = 5 
balance       = 0.5 
Len_N         = 9 
N° clusters   = 7 
N° estaciones = 228 
N° mejoras    = 17
N° iter completadas  = 218
1° FO         = 194203.0
FO            = 165250
Centros       = [87, 120, 150, 259, 298, 377, 428]
Objs= Any[194203.0, 190637, 190637, 190637, 190637, 190637, 190637, 184577, 184577, 182899, 180264, 176916, 174001, 174001, 172470, 172399, 170375, 170375, 170375, 169788, 169788, 169788, 169788, 169788, 169251, 169251, 169251, 168382, 168382, 168382, 168382, 168382, 167826, 167762, 167762, 167762, 167762, 167762, 167762, 167762, 167762, 167762, 167762, 167762, 167762, 167762, 167762, 167762, 167762, 167762, 167762, 167762, 167762, 167762, 167762, 167762, 167762, 166334, 166334, 166334, 166334, 166334, 166334, 166334, 165342, 165342, 165342, 165342, 165342, 165250, 165250, 165250, 165250, 165250, 165250, 165250, 165250, 165250, 165250, 165250, 165250, 165250, 165250, 165250, 165250, 165250, 165250, 165250, 165250, 165250, 165250, 165250, 165250, 165250, 165250, 165250, 165250, 165250, 165250, 165250, 165250, 165250, 165250, 165250, 165250, 165250, 165250, 165250, 165250, 165250, 165250, 165250, 165250, 165250, 165250, 165250, 165250, 165250, 165250, 165250, 165250, 165250, 165250, 165250, 165250, 165250, 165250, 165250, 165250, 165250, 165250, 165250, 165250, 165250, 165250, 165250, 165250, 165250, 165250, 165250, 165250, 165250, 165250, 165250, 165250, 165250, 165250, 165250, 165250, 165250, 165250, 165250, 165250, 165250, 165250, 165250, 165250, 165250, 165250, 165250, 165250, 165250, 165250, 165250, 165250, 165250, 165250, 165250, 165250, 165250, 165250, 165250, 165250, 165250, 165250, 165250, 165250, 165250, 165250, 165250, 165250, 165250, 165250, 165250, 165250, 165250, 165250, 165250, 165250, 165250, 165250, 165250, 165250, 165250, 165250, 165250, 165250, 165250, 165250, 165250, 165250, 165250, 165250, 165250, 165250, 165250, 165250, 165250, 165250, 165250, 165250, 165250, 165250, 165250, 165250, 165250, 165250, 165250, 165250]
current_obj = [190637.0, 194416.0, 192110.0, 190705.0, 190713.0, 1.0e15, 184577.0, 185450.0, 182899.0, 180264.0, 176916.0, 174001.0, 1.0e15, 172470.0, 172399.0, 170375.0, 171969.0, 176182.0, 169788.0, 172859.0, 174936.0, 170859.0, 1.0e15, 169251.0, 170928.0, 1.0e15, 168382.0, 169361.0, 169478.0, 169013.0, 168874.0, 167826.0, 167762.0, 168613.0, 167826.0, 167952.0, 1.0e15, 167826.0, 1.0e15, 182130.0, 169251.0, 170096.0, 170279.0, 168318.0, 168188.0, 1.0e15, 1.0e15, 1.0e15, 168369.0, 168741.0, 168318.0, 1.0e15, 169199.0, 1.0e15, 168369.0, 168623.0, 166334.0, 167130.0, 166773.0, 166684.0, 166602.0, 166890.0, 167823.0, 165342.0, 165687.0, 165553.0, 166603.0, 168581.0, 165250.0, 168668.0, 165518.0, 166424.0, 181735.0, 166046.0, 165342.0, 166046.0, 166599.0, 170315.0, 166046.0, 165687.0, 168489.0, 1.0e15, 165857.0, 167995.0, 167365.0, 166534.0, 165793.0, 1.0e15, 165814.0, 165528.0, 165806.0, 165806.0, 165967.0, 169192.0, 166986.0, 166836.0, 166599.0, 166046.0, 1.0e15, 166914.0, 165857.0, 166534.0, 165806.0, 165814.0, 166534.0, 166021.0, 166417.0, 166773.0, 165518.0, 165342.0, 168624.0, 165528.0, 166046.0, 165814.0, 170041.0, 165518.0, 1.0e15, 165518.0, 168452.0, 165687.0, 166393.0, 165806.0, 165398.0, 167744.0, 166511.0, 168156.0, 1.0e15, 174070.0, 171167.0, 166106.0, 165814.0, 167878.0, 165676.0, 166773.0, 165398.0, 166417.0, 165560.0, 167133.0, 165518.0, 1.0e15, 166986.0, 168624.0, 166644.0, 168474.0, 167016.0, 1.0e15, 165857.0, 166626.0, 1.0e15, 165518.0, 165814.0, 173176.0, 167756.0, 165398.0, 166035.0, 167477.0, 166599.0, 167042.0, 165687.0, 166599.0, 166381.0, 166424.0, 166836.0, 166021.0, 168169.0, 1.0e15, 165398.0, 1.0e15, 165806.0, 166424.0, 166511.0, 166035.0, 168169.0, 166046.0, 165560.0, 166424.0, 166599.0, 168169.0, 168067.0, 165880.0, 167016.0, 171026.0, 166511.0, 166986.0, 166986.0, 1.0e15, 166599.0, 165806.0, 167840.0, 165518.0, 167346.0, 166119.0, 165518.0, 166986.0, 1.0e15, 166751.0, 1.0e15, 168668.0, 166417.0, 169430.0, 165560.0, 166599.0, 1.0e15, 166424.0, 1.0e15, 166534.0, 166046.0, 166739.0, 171054.0, 165398.0, 165528.0, 165560.0, 165398.0, 166511.0, 168418.0, 166626.0, 165806.0, 184941.0, 165676.0, 0.0, 0.0, 0.0, 0.0, 0.0, 0.0, 0.0, 0.0, 0.0, 0.0, 0.0, 0.0, 0.0, 0.0, 0.0, 0.0, 0.0, 0.0, 0.0, 0.0, 0.0, 0.0, 0.0, 0.0, 0.0, 0.0, 0.0, 0.0, 0.0, 0.0, 0.0, 0.0, 0.0, 0.0, 0.0, 0.0, 0.0, 0.0, 0.0, 0.0, 0.0, 0.0, 0.0, 0.0, 0.0, 0.0, 0.0, 0.0, 0.0, 0.0, 0.0, 0.0, 0.0, 0.0, 0.0, 0.0, 0.0, 0.0, 0.0, 0.0, 0.0, 0.0, 0.0, 0.0, 0.0, 0.0, 0.0, 0.0, 0.0, 0.0, 0.0, 0.0, 0.0, 0.0, 0.0, 0.0, 0.0, 0.0, 0.0, 0.0, 0.0, 0.0, 0.0, 0.0, 0.0, 0.0, 0.0, 0.0, 0.0, 0.0, 0.0, 0.0, 0.0, 0.0, 0.0, 0.0, 0.0, 0.0, 0.0, 0.0, 0.0, 0.0, 0.0, 0.0, 0.0, 0.0, 0.0, 0.0, 0.0, 0.0, 0.0, 0.0, 0.0, 0.0, 0.0, 0.0, 0.0, 0.0, 0.0, 0.0, 0.0, 0.0, 0.0, 0.0, 0.0, 0.0, 0.0, 0.0, 0.0, 0.0, 0.0, 0.0, 0.0, 0.0, 0.0, 0.0, 0.0, 0.0, 0.0, 0.0, 0.0, 0.0, 0.0, 0.0, 0.0, 0.0, 0.0, 0.0, 0.0, 0.0, 0.0, 0.0, 0.0, 0.0, 0.0, 0.0, 0.0, 0.0, 0.0, 0.0, 0.0, 0.0, 0.0, 0.0, 0.0, 0.0, 0.0, 0.0, 0.0, 0.0, 0.0, 0.0, 0.0, 0.0, 0.0, 0.0, 0.0, 0.0, 0.0, 0.0, 0.0, 0.0, 0.0, 0.0, 0.0, 0.0, 0.0, 0.0, 0.0, 0.0, 0.0, 0.0, 0.0, 0.0, 0.0, 0.0, 0.0, 0.0, 0.0, 0.0, 0.0, 0.0, 0.0, 0.0, 0.0, 0.0, 0.0, 0.0, 0.0, 0.0, 0.0, 0.0, 0.0, 0.0, 0.0, 0.0, 0.0, 0.0, 0.0, 0.0, 0.0, 0.0, 0.0, 0.0, 0.0, 0.0, 0.0, 0.0, 0.0, 0.0, 0.0, 0.0, 0.0, 0.0, 0.0, 0.0, 0.0, 0.0, 0.0, 0.0, 0.0, 0.0, 0.0, 0.0, 0.0, 0.0, 0.0, 0.0, 0.0, 0.0, 0.0, 0.0, 0.0, 0.0, 0.0, 0.0, 0.0, 0.0, 0.0, 0.0, 0.0, 0.0, 0.0, 0.0, 0.0, 0.0, 0.0, 0.0, 0.0, 0.0, 0.0, 0.0, 0.0, 0.0, 0.0, 0.0, 0.0, 0.0, 0.0, 0.0, 0.0, 0.0, 0.0, 0.0, 0.0, 0.0, 0.0, 0.0, 0.0, 0.0, 0.0, 0.0, 0.0, 0.0, 0.0, 0.0, 0.0, 0.0, 0.0, 0.0, 0.0, 0.0, 0.0, 0.0, 0.0, 0.0, 0.0, 0.0, 0.0, 0.0, 0.0, 0.0, 0.0, 0.0, 0.0, 0.0, 0.0, 0.0, 0.0, 0.0, 0.0, 0.0, 0.0, 0.0, 0.0, 0.0, 0.0, 0.0, 0.0, 0.0, 0.0, 0.0, 0.0, 0.0, 0.0, 0.0, 0.0, 0.0, 0.0, 0.0, 0.0, 0.0, 0.0, 0.0, 0.0, 0.0, 0.0, 0.0, 0.0, 0.0, 0.0, 0.0, 0.0, 0.0, 0.0, 0.0, 0.0, 0.0, 0.0, 0.0, 0.0, 0.0, 0.0, 0.0, 0.0, 0.0, 0.0, 0.0, 0.0, 0.0, 0.0, 0.0, 0.0, 0.0, 0.0, 0.0, 0.0, 0.0, 0.0, 0.0, 0.0]
cong_K= Any[1, 1, 1, 1, 1, 1, 1, 1, 1, 1, 1, 1, 1, 1, 1, 1, 1] 
obj_k= Any[190637, 184577, 182899, 180264, 176916, 174001, 172470, 172399, 170375, 169788, 169251, 168382, 167826, 167762, 166334, 165342, 165250] 
iter_obj = Any[1, 7, 9, 10, 11, 12, 14, 15, 16, 19, 24, 27, 32, 33, 57, 64, 69] 
avgClusterDiam = 2494.8571428571427 
maxClusterDiam = 4731.0 
clusterDiamete = [1982.0; 2217.0; 2439.0; 2334.0; 4731.0; 2080.0; 1681.0]   
C = [0, 0, 0, 0, 0, 0, 0, 0, 0, 0, 0, 0, 0, 0, 0, 0, 0, 0, 0, 0, 0, 0, 0, 0, 0, 0, 0, 0, 0, 0, 0, 0, 0, 0, 0, 0, 0, 0, 0, 0, 0, 0, 0, 0, 1, 0, 0, 0, 0, 0, 0, 0, 0, 0, 0, 0, 0, 0, 0, 0, 0, 0, 0, 0, 0, 0, 0, 0, 0, 0, 0, 0, 0, 0, 0, 0, 0, 1, 0, 0, 0, 0, 0, 0, 0, 0, 0, 0, 0, 0, 0, 0, 0, 0, 0, 0, 0, 0, 0, 0, 0, 0, 0, 0, 0, 0, 0, 1, 0, 0, 0, 0, 0, 0, 0, 0, 0, 0, 0, 0, 0, 0, 0, 0, 0, 0, 0, 0, 0, 0, 0, 0, 0, 1, 0, 0, 0, 0, 0, 0, 0, 0, 0, 0, 0, 0, 0, 0, 0, 0, 0, 0, 0, 0, 0, 0, 0, 0, 0, 0, 0, 0, 0, 1, 0, 0, 0, 0, 0, 0, 0, 0, 0, 0, 0, 0, 0, 0, 0, 0, 0, 0, 0, 0, 0, 0, 0, 0, 0, 0, 0, 0, 0, 1, 0, 0, 0, 0, 0, 0, 0, 0, 0, 0, 0, 0, 0, 0, 0, 0, 0, 0, 0, 0, 1, 0, 0, 0, 0, 0, 0, 0, 0, 0, 0, 0, 0, 0]
E = [120, 120, 259, 120, 259, 259, 120, 120, 120, 120, 259, 120, 259, 259, 259, 120, 120, 120, 259, 87, 120, 87, 87, 150, 87, 150, 150, 298, 150, 150, 150, 87, 150, 150, 150, 298, 150, 150, 150, 87, 150, 150, 259, 120, 87, 87, 87, 87, 87, 87, 87, 87, 87, 87, 87, 87, 87, 87, 87, 87, 259, 87, 87, 87, 120, 120, 87, 87, 259, 259, 259, 120, 120, 259, 120, 120, 120, 120, 120, 87, 120, 120, 120, 120, 120, 120, 120, 120, 120, 120, 120, 120, 120, 150, 120, 120, 150, 120, 150, 150, 150, 150, 150, 150, 150, 150, 150, 150, 150, 150, 150, 150, 150, 150, 298, 150, 150, 259, 150, 150, 150, 150, 150, 259, 259, 150, 150, 298, 259, 259, 259, 259, 120, 259, 87, 87, 259, 259, 259, 259, 259, 259, 259, 259, 259, 259, 259, 259, 259, 298, 150, 150, 298, 150, 150, 298, 298, 298, 298, 298, 298, 298, 298, 298, 298, 298, 298, 298, 298, 298, 298, 298, 298, 298, 377, 298, 298, 298, 298, 298, 377, 298, 377, 377, 298, 377, 298, 298, 298, 298, 377, 377, 377, 377, 377, 377, 377, 377, 298, 377, 377, 428, 298, 428, 377, 428, 428, 428, 428, 428, 377, 428, 428, 428, 428, 428, 428, 428, 428, 428, 428, 428, 428, 428, 428, 428, 87, 259]
