n° iter       = 600 
neighborhood_structure = [1 2 3] 
Prioridad     = 10 
balance       = 0.5 
Len_N         = 3 
N° clusters   = 7 
N° estaciones = 228 
N° mejoras    = 13
N° iter completadas  = 273
1° FO         = 197332.0
FO            = 166261
Centros       = [87, 133, 153, 263, 319, 377, 428]
Objs= Any[197332.0, 193065, 184936, 176942, 176635, 176635, 176635, 174275, 174226, 174226, 174226, 169860, 169860, 169860, 169860, 169860, 169860, 169860, 169860, 168941, 168941, 168941, 168941, 168941, 168941, 168941, 168941, 168941, 168941, 168941, 168941, 168941, 168941, 168941, 168941, 168941, 168941, 168941, 168941, 168941, 168941, 168941, 168941, 168941, 167353, 167057, 167057, 167057, 167057, 167057, 167057, 167057, 167057, 167057, 166868, 166868, 166868, 166868, 166868, 166868, 166868, 166868, 166868, 166868, 166868, 166868, 166868, 166868, 166868, 166868, 166868, 166868, 166868, 166868, 166868, 166868, 166868, 166868, 166868, 166868, 166868, 166868, 166868, 166868, 166868, 166868, 166868, 166868, 166868, 166868, 166868, 166868, 166868, 166868, 166868, 166868, 166868, 166868, 166868, 166868, 166868, 166868, 166687, 166687, 166687, 166687, 166687, 166687, 166687, 166687, 166687, 166687, 166687, 166687, 166687, 166687, 166687, 166687, 166687, 166687, 166687, 166687, 166687, 166687, 166261, 166261, 166261, 166261, 166261, 166261, 166261, 166261, 166261, 166261, 166261, 166261, 166261, 166261, 166261, 166261, 166261, 166261, 166261, 166261, 166261, 166261, 166261, 166261, 166261, 166261, 166261, 166261, 166261, 166261, 166261, 166261, 166261, 166261, 166261, 166261, 166261, 166261, 166261, 166261, 166261, 166261, 166261, 166261, 166261, 166261, 166261, 166261, 166261, 166261, 166261, 166261, 166261, 166261, 166261, 166261, 166261, 166261, 166261, 166261, 166261, 166261, 166261, 166261, 166261, 166261, 166261, 166261, 166261, 166261, 166261, 166261, 166261, 166261, 166261, 166261, 166261, 166261, 166261, 166261, 166261, 166261, 166261, 166261, 166261, 166261, 166261, 166261, 166261, 166261, 166261, 166261, 166261, 166261, 166261, 166261, 166261, 166261, 166261, 166261, 166261, 166261, 166261, 166261, 166261, 166261, 166261, 166261, 166261, 166261, 166261, 166261, 166261, 166261, 166261, 166261, 166261, 166261, 166261, 166261, 166261, 166261, 166261, 166261, 166261, 166261, 166261, 166261, 166261, 166261, 166261, 166261, 166261, 166261, 166261, 166261, 166261, 166261, 166261, 166261, 166261, 166261, 166261, 166261, 166261, 166261, 166261, 166261, 166261, 166261]
current_obj = [193065.0, 184936.0, 176942.0, 176635.0, 189332.0, 179273.0, 174275.0, 174226.0, 174537.0, 180367.0, 169860.0, 174840.0, 174948.0, 171489.0, 170553.0, 174008.0, 170895.0, 171467.0, 168941.0, 170835.0, 182095.0, 171913.0, 169789.0, 170570.0, 169911.0, 174310.0, 184625.0, 170548.0, 174926.0, 173239.0, 171299.0, 170631.0, 178875.0, 170259.0, 173421.0, 174935.0, 174605.0, 173007.0, 173547.0, 169173.0, 173869.0, 175586.0, 171299.0, 167353.0, 167057.0, 171678.0, 171713.0, 173965.0, 169942.0, 173852.0, 167502.0, 169133.0, 170320.0, 166868.0, 172260.0, 169191.0, 171251.0, 168343.0, 173223.0, 167206.0, 167543.0, 171396.0, 169344.0, 170425.0, 168506.0, 174638.0, 169942.0, 170565.0, 168386.0, 174461.0, 168213.0, 169703.0, 169191.0, 167229.0, 171547.0, 171100.0, 167229.0, 168243.0, 169473.0, 167890.0, 167543.0, 167057.0, 171198.0, 169073.0, 170413.0, 175945.0, 170563.0, 167610.0, 167164.0, 169673.0, 169489.0, 171474.0, 169396.0, 168944.0, 167761.0, 167787.0, 167229.0, 168213.0, 168229.0, 167057.0, 169747.0, 166687.0, 170376.0, 169609.0, 170536.0, 167303.0, 175545.0, 168386.0, 169606.0, 167606.0, 172776.0, 168379.0, 167303.0, 166983.0, 168892.0, 1.0e15, 167303.0, 168094.0, 173656.0, 169822.0, 167761.0, 172191.0, 170180.0, 166261.0, 170038.0, 168689.0, 174335.0, 168386.0, 169205.0, 168212.0, 169437.0, 169754.0, 167057.0, 168263.0, 166868.0, 169300.0, 169180.0, 170644.0, 169754.0, 176072.0, 169754.0, 170110.0, 170110.0, 168767.0, 169706.0, 171037.0, 170203.0, 169429.0, 167606.0, 169803.0, 166817.0, 171246.0, 169942.0, 171328.0, 167283.0, 166557.0, 166817.0, 169803.0, 172061.0, 170110.0, 167098.0, 168051.0, 167098.0, 169942.0, 166706.0, 171695.0, 167953.0, 171515.0, 166706.0, 166817.0, 173214.0, 170038.0, 167622.0, 169500.0, 171695.0, 169925.0, 175700.0, 167180.0, 170674.0, 176329.0, 167057.0, 174345.0, 166706.0, 166822.0, 169754.0, 167606.0, 170063.0, 169208.0, 167622.0, 170374.0, 169524.0, 169823.0, 167448.0, 172717.0, 167606.0, 167057.0, 174648.0, 170925.0, 168869.0, 167761.0, 167606.0, 167622.0, 180032.0, 170550.0, 168212.0, 168767.0, 170066.0, 168767.0, 170644.0, 168337.0, 168212.0, 166557.0, 169798.0, 167606.0, 168048.0, 170110.0, 177656.0, 167057.0, 166817.0, 171103.0, 171925.0, 169803.0, 172935.0, 168337.0, 166817.0, 169010.0, 168212.0, 172110.0, 168139.0, 169191.0, 167057.0, 169010.0, 166868.0, 169437.0, 168016.0, 174123.0, 170123.0, 169010.0, 168263.0, 169706.0, 166817.0, 171811.0, 168258.0, 171005.0, 172935.0, 167448.0, 170563.0, 169140.0, 169010.0, 169180.0, 171547.0, 167622.0, 167953.0, 168767.0, 170801.0, 170213.0, 167283.0, 166618.0, 173002.0, 170801.0, 169590.0, 172779.0, 176776.0, 174009.0, 167057.0, 169754.0, 169429.0, 177069.0, 171929.0, 173412.0, 167610.0, 169429.0, 168386.0, 169180.0, 0.0, 0.0, 0.0, 0.0, 0.0, 0.0, 0.0, 0.0, 0.0, 0.0, 0.0, 0.0, 0.0, 0.0, 0.0, 0.0, 0.0, 0.0, 0.0, 0.0, 0.0, 0.0, 0.0, 0.0, 0.0, 0.0, 0.0, 0.0, 0.0, 0.0, 0.0, 0.0, 0.0, 0.0, 0.0, 0.0, 0.0, 0.0, 0.0, 0.0, 0.0, 0.0, 0.0, 0.0, 0.0, 0.0, 0.0, 0.0, 0.0, 0.0, 0.0, 0.0, 0.0, 0.0, 0.0, 0.0, 0.0, 0.0, 0.0, 0.0, 0.0, 0.0, 0.0, 0.0, 0.0, 0.0, 0.0, 0.0, 0.0, 0.0, 0.0, 0.0, 0.0, 0.0, 0.0, 0.0, 0.0, 0.0, 0.0, 0.0, 0.0, 0.0, 0.0, 0.0, 0.0, 0.0, 0.0, 0.0, 0.0, 0.0, 0.0, 0.0, 0.0, 0.0, 0.0, 0.0, 0.0, 0.0, 0.0, 0.0, 0.0, 0.0, 0.0, 0.0, 0.0, 0.0, 0.0, 0.0, 0.0, 0.0, 0.0, 0.0, 0.0, 0.0, 0.0, 0.0, 0.0, 0.0, 0.0, 0.0, 0.0, 0.0, 0.0, 0.0, 0.0, 0.0, 0.0, 0.0, 0.0, 0.0, 0.0, 0.0, 0.0, 0.0, 0.0, 0.0, 0.0, 0.0, 0.0, 0.0, 0.0, 0.0, 0.0, 0.0, 0.0, 0.0, 0.0, 0.0, 0.0, 0.0, 0.0, 0.0, 0.0, 0.0, 0.0, 0.0, 0.0, 0.0, 0.0, 0.0, 0.0, 0.0, 0.0, 0.0, 0.0, 0.0, 0.0, 0.0, 0.0, 0.0, 0.0, 0.0, 0.0, 0.0, 0.0, 0.0, 0.0, 0.0, 0.0, 0.0, 0.0, 0.0, 0.0, 0.0, 0.0, 0.0, 0.0, 0.0, 0.0, 0.0, 0.0, 0.0, 0.0, 0.0, 0.0, 0.0, 0.0, 0.0, 0.0, 0.0, 0.0, 0.0, 0.0, 0.0, 0.0, 0.0, 0.0, 0.0, 0.0, 0.0, 0.0, 0.0, 0.0, 0.0, 0.0, 0.0, 0.0, 0.0, 0.0, 0.0, 0.0, 0.0, 0.0, 0.0, 0.0, 0.0, 0.0, 0.0, 0.0, 0.0, 0.0, 0.0, 0.0, 0.0, 0.0, 0.0, 0.0, 0.0, 0.0, 0.0, 0.0, 0.0, 0.0, 0.0, 0.0, 0.0, 0.0, 0.0, 0.0, 0.0, 0.0, 0.0, 0.0, 0.0, 0.0, 0.0, 0.0, 0.0, 0.0, 0.0, 0.0, 0.0, 0.0, 0.0, 0.0, 0.0, 0.0, 0.0, 0.0, 0.0, 0.0, 0.0, 0.0, 0.0, 0.0, 0.0, 0.0, 0.0, 0.0, 0.0, 0.0, 0.0, 0.0, 0.0, 0.0, 0.0, 0.0, 0.0, 0.0, 0.0, 0.0, 0.0, 0.0, 0.0, 0.0, 0.0, 0.0, 0.0, 0.0, 0.0, 0.0, 0.0, 0.0, 0.0, 0.0, 0.0, 0.0, 0.0, 0.0, 0.0, 0.0, 0.0, 0.0, 0.0, 0.0, 0.0, 0.0, 0.0, 0.0, 0.0, 0.0, 0.0, 0.0, 0.0, 0.0, 0.0]
cong_K= Any[2, 2, 1, 1, 2, 1, 1, 1, 1, 1, 1, 1, 1] 
obj_k= Any[193065, 184936, 176942, 176635, 174275, 174226, 169860, 168941, 167353, 167057, 166868, 166687, 166261] 
iter_obj = Any[1, 2, 3, 4, 7, 8, 11, 19, 44, 45, 54, 102, 124] 
avgClusterDiam = 2401.285714285714 
maxClusterDiam = 4514.0 
clusterDiamete = [1982.0; 1961.0; 2257.0; 2334.0; 4514.0; 2080.0; 1681.0]   
C = [0, 0, 0, 0, 0, 0, 0, 0, 0, 0, 0, 0, 0, 0, 0, 0, 0, 0, 0, 0, 0, 0, 0, 0, 0, 0, 0, 0, 0, 0, 0, 0, 0, 0, 0, 0, 0, 0, 0, 0, 0, 0, 0, 0, 1, 0, 0, 0, 0, 0, 0, 0, 0, 0, 0, 0, 0, 0, 0, 0, 0, 0, 0, 0, 0, 0, 0, 0, 0, 0, 0, 0, 0, 0, 0, 0, 0, 0, 0, 0, 0, 0, 0, 0, 0, 0, 0, 0, 0, 0, 1, 0, 0, 0, 0, 0, 0, 0, 0, 0, 0, 0, 0, 0, 0, 0, 0, 0, 0, 0, 1, 0, 0, 0, 0, 0, 0, 0, 0, 0, 0, 0, 0, 0, 0, 0, 0, 0, 0, 0, 0, 0, 0, 0, 0, 0, 1, 0, 0, 0, 0, 0, 0, 0, 0, 0, 0, 0, 0, 0, 0, 0, 0, 0, 0, 0, 0, 0, 0, 0, 0, 0, 0, 0, 0, 0, 0, 0, 1, 0, 0, 0, 0, 0, 0, 0, 0, 0, 0, 0, 0, 0, 0, 0, 0, 0, 0, 0, 0, 0, 0, 0, 0, 1, 0, 0, 0, 0, 0, 0, 0, 0, 0, 0, 0, 0, 0, 0, 0, 0, 0, 0, 0, 0, 1, 0, 0, 0, 0, 0, 0, 0, 0, 0, 0, 0, 0, 0]
E = [263, 263, 263, 263, 263, 263, 263, 263, 263, 263, 263, 263, 263, 263, 263, 133, 133, 133, 263, 87, 133, 87, 87, 153, 87, 153, 153, 153, 153, 153, 153, 87, 319, 153, 153, 319, 153, 153, 153, 87, 153, 153, 263, 263, 87, 87, 87, 87, 87, 87, 87, 87, 87, 87, 87, 87, 87, 87, 87, 87, 263, 87, 87, 87, 133, 133, 87, 87, 263, 263, 263, 133, 263, 263, 133, 133, 133, 133, 133, 87, 133, 133, 133, 133, 133, 133, 133, 133, 133, 133, 133, 133, 133, 133, 133, 133, 153, 133, 133, 319, 133, 133, 153, 153, 153, 133, 133, 153, 153, 153, 153, 153, 153, 153, 319, 153, 153, 263, 153, 153, 153, 153, 153, 263, 263, 153, 153, 319, 263, 263, 263, 263, 263, 263, 87, 87, 263, 263, 263, 263, 263, 263, 263, 263, 263, 263, 263, 263, 263, 153, 153, 153, 153, 153, 319, 319, 153, 319, 319, 319, 319, 319, 319, 319, 319, 319, 319, 319, 319, 319, 319, 319, 319, 319, 377, 319, 319, 319, 319, 319, 377, 319, 377, 377, 319, 377, 319, 319, 319, 319, 377, 377, 377, 377, 377, 377, 377, 377, 319, 377, 377, 428, 319, 428, 377, 428, 428, 428, 428, 428, 377, 428, 428, 428, 428, 428, 428, 428, 428, 428, 428, 428, 428, 428, 428, 428, 87, 263]
