n° iter       = 300 
neighborhood_structure = [3] 
Prioridad     = 10 
balance       = 0.5 
Len_N         = 3 
N° clusters   = 7 
N° estaciones = 228 
N° mejoras    = 8
N° iter completadas  = 265
1° FO         = 208735.0
FO            = 169759
Centros       = [31, 87, 146, 176, 319, 400, 432]
Objs= Any[208735.0, 205649, 178317, 178317, 178317, 178317, 178317, 178317, 178317, 178317, 178317, 176140, 176140, 176140, 176140, 176140, 176140, 176140, 176140, 176140, 176140, 176140, 176140, 176140, 176140, 176140, 176140, 176140, 176140, 176140, 176140, 176140, 176140, 176140, 176140, 176140, 176140, 176140, 176140, 176140, 176140, 176140, 176140, 176140, 176140, 176140, 176140, 176140, 176140, 176140, 176140, 176140, 176140, 176140, 176140, 176140, 176140, 176140, 176140, 176140, 176140, 175052, 175052, 175052, 175052, 175052, 175052, 175052, 175052, 175052, 175052, 175052, 175052, 175052, 175052, 175052, 175052, 175052, 175052, 175052, 175052, 175052, 175052, 175052, 175052, 175052, 175052, 175052, 175052, 175052, 175052, 175052, 175052, 173954, 173954, 173954, 173954, 173954, 173954, 173954, 173954, 173954, 173954, 173954, 173954, 173954, 173954, 173954, 173954, 173954, 173954, 173954, 173954, 173954, 173954, 173954, 173954, 173954, 173954, 173954, 173954, 173954, 173954, 173954, 173954, 173954, 173954, 173954, 173954, 173954, 173954, 173954, 173954, 173954, 173954, 173954, 173954, 173954, 173954, 173954, 173435, 173435, 173435, 173435, 173435, 173435, 173435, 173435, 173435, 173435, 173435, 173435, 173435, 173435, 173435, 173435, 173435, 173435, 171583, 171583, 171583, 171583, 171583, 171583, 171583, 171583, 171583, 171583, 171583, 171583, 171583, 171583, 171583, 171583, 171583, 171583, 171583, 171583, 171583, 171583, 171583, 171583, 171583, 171583, 171583, 171583, 171583, 171583, 171583, 171583, 171583, 169759, 169759, 169759, 169759, 169759, 169759, 169759, 169759, 169759, 169759, 169759, 169759, 169759, 169759, 169759, 169759, 169759, 169759, 169759, 169759, 169759, 169759, 169759, 169759, 169759, 169759, 169759, 169759, 169759, 169759, 169759, 169759, 169759, 169759, 169759, 169759, 169759, 169759, 169759, 169759, 169759, 169759, 169759, 169759, 169759, 169759, 169759, 169759, 169759, 169759, 169759, 169759, 169759, 169759, 169759, 169759, 169759, 169759, 169759, 169759, 169759, 169759, 169759, 169759, 169759, 169759, 169759, 169759, 169759, 169759, 169759, 169759, 169759, 169759, 169759]
current_obj = [205649.0, 178317.0, 180457.0, 1.0e15, 188899.0, 1.0e15, 184267.0, 1.0e15, 189595.0, 183125.0, 176140.0, 176672.0, 198411.0, 184703.0, 178632.0, 1.0e15, 192418.0, 190547.0, 1.0e15, 179944.0, 1.0e15, 187026.0, 177882.0, 184407.0, 1.0e15, 1.0e15, 191293.0, 1.0e15, 182766.0, 186757.0, 179942.0, 1.0e15, 178347.0, 178010.0, 180038.0, 190616.0, 179998.0, 177426.0, 1.0e15, 1.0e15, 1.0e15, 182529.0, 190580.0, 176663.0, 1.0e15, 181435.0, 181155.0, 177748.0, 1.0e15, 198697.0, 183400.0, 190976.0, 193599.0, 1.0e15, 178324.0, 183996.0, 1.0e15, 183325.0, 181258.0, 178106.0, 175052.0, 187713.0, 192249.0, 180146.0, 1.0e15, 180500.0, 1.0e15, 181793.0, 191489.0, 179703.0, 180076.0, 182217.0, 1.0e15, 186024.0, 182889.0, 176928.0, 1.0e15, 179001.0, 1.0e15, 180462.0, 1.0e15, 184016.0, 1.0e15, 1.0e15, 178365.0, 176034.0, 1.0e15, 178544.0, 180132.0, 192144.0, 1.0e15, 194106.0, 173954.0, 174542.0, 181182.0, 177686.0, 179915.0, 174260.0, 191423.0, 182869.0, 178139.0, 179319.0, 1.0e15, 1.0e15, 175709.0, 176201.0, 180535.0, 174795.0, 174289.0, 178116.0, 192345.0, 175796.0, 1.0e15, 1.0e15, 177914.0, 176059.0, 184442.0, 182503.0, 184298.0, 182002.0, 178096.0, 177706.0, 180895.0, 180472.0, 190027.0, 1.0e15, 189751.0, 174564.0, 181817.0, 180334.0, 228602.0, 177296.0, 177410.0, 175522.0, 188981.0, 181211.0, 180189.0, 174149.0, 1.0e15, 173435.0, 176974.0, 175775.0, 1.0e15, 182435.0, 182501.0, 1.0e15, 179354.0, 184697.0, 181062.0, 174731.0, 1.0e15, 178713.0, 175204.0, 179388.0, 182802.0, 176477.0, 1.0e15, 171583.0, 175186.0, 1.0e15, 190192.0, 175941.0, 186135.0, 188632.0, 186988.0, 179459.0, 181834.0, 1.0e15, 1.0e15, 182385.0, 1.0e15, 174771.0, 179920.0, 1.0e15, 172061.0, 178357.0, 1.0e15, 180356.0, 1.0e15, 1.0e15, 187718.0, 1.0e15, 1.0e15, 1.0e15, 175905.0, 185980.0, 179245.0, 183410.0, 1.0e15, 191549.0, 169759.0, 179377.0, 1.0e15, 175143.0, 193636.0, 183018.0, 177652.0, 173153.0, 178292.0, 180462.0, 179704.0, 1.0e15, 190660.0, 175688.0, 1.0e15, 189269.0, 1.0e15, 1.0e15, 1.0e15, 1.0e15, 184196.0, 190605.0, 1.0e15, 181570.0, 172504.0, 1.0e15, 172387.0, 189717.0, 178445.0, 175093.0, 172572.0, 178072.0, 173011.0, 188221.0, 173524.0, 1.0e15, 177653.0, 172129.0, 190605.0, 180140.0, 198869.0, 182647.0, 172171.0, 180248.0, 177936.0, 1.0e15, 1.0e15, 1.0e15, 181632.0, 1.0e15, 182846.0, 1.0e15, 176590.0, 188955.0, 1.0e15, 1.0e15, 190138.0, 189117.0, 1.0e15, 204950.0, 176178.0, 180626.0, 185971.0, 180681.0, 177109.0, 185312.0, 173582.0, 191372.0, 1.0e15, 175212.0, 200646.0, 1.0e15, 1.0e15, 179761.0, 178333.0, 175239.0, 0.0, 0.0, 0.0, 0.0, 0.0, 0.0, 0.0, 0.0, 0.0, 0.0, 0.0, 0.0, 0.0, 0.0, 0.0, 0.0, 0.0, 0.0, 0.0, 0.0, 0.0, 0.0, 0.0, 0.0, 0.0, 0.0, 0.0, 0.0, 0.0, 0.0, 0.0, 0.0, 0.0, 0.0]
cong_K= Any[3, 3, 3, 3, 3, 3, 3, 3] 
obj_k= Any[205649, 178317, 176140, 175052, 173954, 173435, 171583, 169759] 
iter_obj = Any[1, 2, 11, 61, 93, 140, 158, 191] 
avgClusterDiam = 2571.0 
maxClusterDiam = 4514.0 
clusterDiamete = [2861.0; 2152.0; 2375.0; 2334.0; 4514.0; 2080.0; 1681.0]   
C = [0, 0, 0, 0, 0, 0, 0, 0, 0, 0, 0, 0, 0, 0, 1, 0, 0, 0, 0, 0, 0, 0, 0, 0, 0, 0, 0, 0, 0, 0, 0, 0, 0, 0, 0, 0, 0, 0, 0, 0, 0, 0, 0, 0, 1, 0, 0, 0, 0, 0, 0, 0, 0, 0, 0, 0, 0, 0, 0, 0, 0, 0, 0, 0, 0, 0, 0, 0, 0, 0, 0, 0, 0, 0, 0, 0, 0, 0, 0, 0, 0, 0, 0, 0, 0, 0, 0, 0, 0, 0, 0, 0, 0, 0, 0, 0, 0, 0, 0, 0, 0, 0, 0, 1, 0, 0, 0, 0, 0, 0, 0, 0, 0, 0, 0, 0, 0, 0, 0, 0, 0, 0, 0, 0, 1, 0, 0, 0, 0, 0, 0, 0, 0, 0, 0, 0, 0, 0, 0, 0, 0, 0, 0, 0, 0, 0, 0, 0, 0, 0, 0, 0, 0, 0, 0, 0, 0, 0, 0, 0, 0, 0, 0, 0, 0, 0, 0, 0, 1, 0, 0, 0, 0, 0, 0, 0, 0, 0, 0, 0, 0, 0, 0, 0, 0, 0, 0, 0, 0, 0, 0, 0, 0, 0, 0, 0, 0, 0, 1, 0, 0, 0, 0, 0, 0, 0, 0, 0, 0, 0, 0, 0, 0, 0, 0, 0, 0, 0, 1, 0, 0, 0, 0, 0, 0, 0, 0, 0]
E = [31, 31, 31, 31, 176, 31, 31, 31, 31, 31, 176, 31, 176, 176, 31, 31, 31, 31, 87, 87, 146, 87, 87, 146, 87, 146, 146, 146, 146, 146, 146, 87, 319, 146, 146, 319, 146, 146, 146, 87, 146, 146, 31, 31, 87, 87, 87, 87, 87, 87, 87, 87, 87, 87, 87, 87, 176, 87, 87, 87, 31, 87, 87, 87, 31, 87, 87, 87, 31, 31, 31, 31, 31, 31, 31, 31, 31, 31, 31, 87, 31, 31, 31, 31, 31, 31, 31, 31, 31, 31, 31, 146, 31, 146, 31, 31, 146, 146, 146, 319, 146, 146, 146, 146, 146, 146, 146, 146, 146, 146, 146, 146, 146, 146, 319, 146, 146, 31, 146, 146, 146, 146, 146, 176, 176, 146, 146, 319, 31, 176, 31, 176, 31, 176, 87, 87, 31, 176, 176, 176, 176, 176, 176, 176, 176, 176, 176, 176, 176, 146, 146, 146, 319, 146, 319, 319, 146, 319, 319, 319, 319, 319, 319, 319, 319, 319, 319, 319, 319, 319, 319, 319, 319, 319, 400, 319, 319, 319, 319, 319, 400, 319, 400, 400, 319, 400, 319, 319, 319, 319, 400, 400, 400, 400, 400, 400, 400, 400, 319, 400, 400, 432, 319, 432, 400, 432, 432, 432, 432, 400, 400, 400, 432, 432, 432, 432, 432, 432, 432, 432, 432, 432, 432, 432, 432, 432, 87, 176]
