n° iter       = 300 
neighborhood_structure = [3] 
Prioridad     = 10 
balance       = 0.5 
Len_N         = 3 
N° clusters   = 7 
N° estaciones = 228 
N° mejoras    = 1
N° iter completadas  = 75
1° FO         = 195662.0
FO            = 172539
Centros       = [3, 88, 133, 152, 298, 358, 427]
Objs= Any[195662.0, 172539, 172539, 172539, 172539, 172539, 172539, 172539, 172539, 172539, 172539, 172539, 172539, 172539, 172539, 172539, 172539, 172539, 172539, 172539, 172539, 172539, 172539, 172539, 172539, 172539, 172539, 172539, 172539, 172539, 172539, 172539, 172539, 172539, 172539, 172539, 172539, 172539, 172539, 172539, 172539, 172539, 172539, 172539, 172539, 172539, 172539, 172539, 172539, 172539, 172539, 172539, 172539, 172539, 172539, 172539, 172539, 172539, 172539, 172539, 172539, 172539, 172539, 172539, 172539, 172539, 172539, 172539, 172539, 172539, 172539, 172539, 172539, 172539, 172539, 172539]
current_obj = [172539.0, 187083.0, 183925.0, 186111.0, 184777.0, 192371.0, 228589.0, 192163.0, 1.0e15, 178381.0, 1.0e15, 173357.0, 182955.0, 176597.0, 182992.0, 1.0e15, 178558.0, 180205.0, 197666.0, 188787.0, 176686.0, 180617.0, 190126.0, 179573.0, 188968.0, 183100.0, 178370.0, 176898.0, 180111.0, 179925.0, 184431.0, 176874.0, 178846.0, 1.0e15, 178890.0, 175359.0, 173424.0, 222709.0, 1.0e15, 187158.0, 208286.0, 1.0e15, 1.0e15, 187216.0, 183934.0, 180808.0, 1.0e15, 1.0e15, 179879.0, 179743.0, 1.0e15, 182950.0, 177588.0, 175997.0, 182845.0, 179858.0, 174254.0, 181634.0, 174359.0, 176588.0, 178693.0, 195163.0, 1.0e15, 183050.0, 173890.0, 189671.0, 181381.0, 175408.0, 179722.0, 1.0e15, 1.0e15, 188612.0, 176715.0, 180627.0, 173034.0, 1.0e15, 0.0, 0.0, 0.0, 0.0, 0.0, 0.0, 0.0, 0.0, 0.0, 0.0, 0.0, 0.0, 0.0, 0.0, 0.0, 0.0, 0.0, 0.0, 0.0, 0.0, 0.0, 0.0, 0.0, 0.0, 0.0, 0.0, 0.0, 0.0, 0.0, 0.0, 0.0, 0.0, 0.0, 0.0, 0.0, 0.0, 0.0, 0.0, 0.0, 0.0, 0.0, 0.0, 0.0, 0.0, 0.0, 0.0, 0.0, 0.0, 0.0, 0.0, 0.0, 0.0, 0.0, 0.0, 0.0, 0.0, 0.0, 0.0, 0.0, 0.0, 0.0, 0.0, 0.0, 0.0, 0.0, 0.0, 0.0, 0.0, 0.0, 0.0, 0.0, 0.0, 0.0, 0.0, 0.0, 0.0, 0.0, 0.0, 0.0, 0.0, 0.0, 0.0, 0.0, 0.0, 0.0, 0.0, 0.0, 0.0, 0.0, 0.0, 0.0, 0.0, 0.0, 0.0, 0.0, 0.0, 0.0, 0.0, 0.0, 0.0, 0.0, 0.0, 0.0, 0.0, 0.0, 0.0, 0.0, 0.0, 0.0, 0.0, 0.0, 0.0, 0.0, 0.0, 0.0, 0.0, 0.0, 0.0, 0.0, 0.0, 0.0, 0.0, 0.0, 0.0, 0.0, 0.0, 0.0, 0.0, 0.0, 0.0, 0.0, 0.0, 0.0, 0.0, 0.0, 0.0, 0.0, 0.0, 0.0, 0.0, 0.0, 0.0, 0.0, 0.0, 0.0, 0.0, 0.0, 0.0, 0.0, 0.0, 0.0, 0.0, 0.0, 0.0, 0.0, 0.0, 0.0, 0.0, 0.0, 0.0, 0.0, 0.0, 0.0, 0.0, 0.0, 0.0, 0.0, 0.0, 0.0, 0.0, 0.0, 0.0, 0.0, 0.0, 0.0, 0.0, 0.0, 0.0, 0.0, 0.0, 0.0, 0.0, 0.0, 0.0, 0.0, 0.0, 0.0, 0.0, 0.0, 0.0, 0.0, 0.0, 0.0, 0.0, 0.0, 0.0, 0.0, 0.0, 0.0, 0.0, 0.0, 0.0, 0.0, 0.0, 0.0, 0.0, 0.0, 0.0, 0.0, 0.0, 0.0, 0.0, 0.0, 0.0, 0.0, 0.0, 0.0, 0.0, 0.0, 0.0, 0.0, 0.0, 0.0, 0.0]
cong_K= Any[3] 
obj_k= Any[172539] 
iter_obj = Any[1] 
avgClusterDiam = 2514.714285714286 
maxClusterDiam = 4731.0 
clusterDiamete = [2472.0; 1787.0; 2217.0; 2517.0; 4731.0; 1557.0; 2322.0]   
C = [0, 1, 0, 0, 0, 0, 0, 0, 0, 0, 0, 0, 0, 0, 0, 0, 0, 0, 0, 0, 0, 0, 0, 0, 0, 0, 0, 0, 0, 0, 0, 0, 0, 0, 0, 0, 0, 0, 0, 0, 0, 0, 0, 0, 0, 1, 0, 0, 0, 0, 0, 0, 0, 0, 0, 0, 0, 0, 0, 0, 0, 0, 0, 0, 0, 0, 0, 0, 0, 0, 0, 0, 0, 0, 0, 0, 0, 0, 0, 0, 0, 0, 0, 0, 0, 0, 0, 0, 0, 0, 1, 0, 0, 0, 0, 0, 0, 0, 0, 0, 0, 0, 0, 0, 0, 0, 0, 0, 0, 1, 0, 0, 0, 0, 0, 0, 0, 0, 0, 0, 0, 0, 0, 0, 0, 0, 0, 0, 0, 0, 0, 0, 0, 0, 0, 0, 0, 0, 0, 0, 0, 0, 0, 0, 0, 0, 0, 0, 0, 0, 0, 0, 0, 0, 0, 0, 0, 0, 0, 0, 0, 0, 0, 1, 0, 0, 0, 0, 0, 0, 0, 0, 0, 0, 0, 0, 0, 0, 0, 0, 0, 0, 0, 0, 0, 1, 0, 0, 0, 0, 0, 0, 0, 0, 0, 0, 0, 0, 0, 0, 0, 0, 0, 0, 0, 0, 0, 0, 0, 0, 0, 0, 0, 1, 0, 0, 0, 0, 0, 0, 0, 0, 0, 0, 0, 0, 0, 0]
E = [3, 3, 3, 3, 3, 3, 3, 3, 3, 3, 3, 3, 3, 3, 3, 3, 3, 133, 3, 88, 152, 88, 88, 152, 88, 152, 152, 298, 152, 152, 152, 88, 152, 152, 152, 298, 152, 152, 152, 88, 152, 152, 3, 3, 88, 88, 88, 88, 88, 88, 88, 88, 88, 88, 88, 3, 88, 88, 88, 88, 3, 88, 88, 88, 133, 133, 88, 133, 3, 3, 3, 3, 3, 3, 3, 3, 3, 133, 133, 133, 133, 133, 133, 133, 133, 133, 133, 133, 133, 133, 133, 133, 133, 133, 133, 133, 152, 133, 133, 152, 133, 133, 152, 152, 152, 133, 133, 152, 152, 152, 152, 152, 152, 152, 298, 152, 152, 3, 152, 152, 152, 152, 152, 3, 3, 152, 152, 298, 3, 3, 3, 3, 3, 3, 88, 88, 3, 3, 3, 3, 3, 3, 3, 3, 3, 3, 3, 3, 3, 298, 152, 152, 298, 152, 152, 298, 298, 298, 298, 298, 298, 298, 298, 298, 298, 298, 298, 298, 298, 298, 298, 298, 298, 298, 358, 298, 298, 298, 298, 298, 358, 298, 358, 358, 298, 358, 298, 298, 298, 358, 298, 358, 358, 358, 427, 358, 427, 358, 298, 427, 427, 427, 298, 427, 427, 427, 427, 427, 427, 427, 427, 427, 427, 427, 427, 427, 427, 427, 427, 427, 427, 427, 427, 427, 427, 427, 88, 3]
