n° iter       = 300 
neighborhood_structure = [3] 
Prioridad     = 10 
balance       = 0.5 
Len_N         = 3 
N° clusters   = 7 
N° estaciones = 228 
N° mejoras    = 6
N° iter completadas  = 139
1° FO         = 189362.0
FO            = 169009
Centros       = [95, 121, 153, 319, 376, 431, 450]
Objs= Any[189362.0, 189362.0, 189362.0, 188697, 188697, 182551, 182551, 182551, 182551, 182551, 182551, 182551, 177397, 177397, 177397, 177397, 177397, 177397, 177397, 177397, 177397, 177397, 177397, 177397, 177397, 177397, 177397, 177397, 174748, 174748, 174748, 174748, 174748, 174748, 174748, 174748, 174748, 174748, 174748, 174748, 174748, 174748, 174748, 174748, 174748, 174748, 174748, 174748, 174748, 174748, 174748, 174748, 174748, 174748, 174748, 174748, 174748, 174748, 174748, 172716, 172716, 172716, 172716, 172716, 172716, 169009, 169009, 169009, 169009, 169009, 169009, 169009, 169009, 169009, 169009, 169009, 169009, 169009, 169009, 169009, 169009, 169009, 169009, 169009, 169009, 169009, 169009, 169009, 169009, 169009, 169009, 169009, 169009, 169009, 169009, 169009, 169009, 169009, 169009, 169009, 169009, 169009, 169009, 169009, 169009, 169009, 169009, 169009, 169009, 169009, 169009, 169009, 169009, 169009, 169009, 169009, 169009, 169009, 169009, 169009, 169009, 169009, 169009, 169009, 169009, 169009, 169009, 169009, 169009, 169009, 169009, 169009, 169009, 169009, 169009, 169009, 169009, 169009, 169009, 169009]
current_obj = [203507.0, 197907.0, 188697.0, 1.0e15, 182551.0, 183986.0, 191933.0, 196636.0, 190426.0, 194811.0, 182853.0, 177397.0, 199904.0, 1.0e15, 186161.0, 209581.0, 177903.0, 190071.0, 1.0e15, 177458.0, 1.0e15, 179642.0, 179600.0, 1.0e15, 188147.0, 1.0e15, 1.0e15, 174748.0, 1.0e15, 176579.0, 1.0e15, 177115.0, 180508.0, 181020.0, 178677.0, 175398.0, 179377.0, 193819.0, 177775.0, 180095.0, 179723.0, 1.0e15, 1.0e15, 181254.0, 186476.0, 176367.0, 180455.0, 180562.0, 179904.0, 189901.0, 187747.0, 190625.0, 182287.0, 178064.0, 1.0e15, 175768.0, 179040.0, 178098.0, 172716.0, 186079.0, 1.0e15, 176676.0, 176183.0, 179303.0, 169009.0, 1.0e15, 176672.0, 186581.0, 180405.0, 1.0e15, 1.0e15, 1.0e15, 176456.0, 175614.0, 192152.0, 179896.0, 1.0e15, 179518.0, 179425.0, 1.0e15, 175394.0, 178970.0, 1.0e15, 185202.0, 172523.0, 177003.0, 1.0e15, 177546.0, 191675.0, 176410.0, 188006.0, 180306.0, 1.0e15, 177610.0, 184795.0, 178359.0, 174388.0, 181216.0, 173248.0, 182605.0, 181307.0, 175968.0, 1.0e15, 178201.0, 1.0e15, 174653.0, 178042.0, 171099.0, 192881.0, 182148.0, 181984.0, 177384.0, 194902.0, 1.0e15, 178442.0, 185223.0, 173661.0, 1.0e15, 177848.0, 171682.0, 193020.0, 1.0e15, 174782.0, 1.0e15, 175849.0, 204461.0, 180215.0, 180131.0, 178188.0, 1.0e15, 175921.0, 182859.0, 180628.0, 1.0e15, 178047.0, 190657.0, 182909.0, 194453.0, 1.0e15, 1.0e15, 0.0, 0.0, 0.0, 0.0, 0.0, 0.0, 0.0, 0.0, 0.0, 0.0, 0.0, 0.0, 0.0, 0.0, 0.0, 0.0, 0.0, 0.0, 0.0, 0.0, 0.0, 0.0, 0.0, 0.0, 0.0, 0.0, 0.0, 0.0, 0.0, 0.0, 0.0, 0.0, 0.0, 0.0, 0.0, 0.0, 0.0, 0.0, 0.0, 0.0, 0.0, 0.0, 0.0, 0.0, 0.0, 0.0, 0.0, 0.0, 0.0, 0.0, 0.0, 0.0, 0.0, 0.0, 0.0, 0.0, 0.0, 0.0, 0.0, 0.0, 0.0, 0.0, 0.0, 0.0, 0.0, 0.0, 0.0, 0.0, 0.0, 0.0, 0.0, 0.0, 0.0, 0.0, 0.0, 0.0, 0.0, 0.0, 0.0, 0.0, 0.0, 0.0, 0.0, 0.0, 0.0, 0.0, 0.0, 0.0, 0.0, 0.0, 0.0, 0.0, 0.0, 0.0, 0.0, 0.0, 0.0, 0.0, 0.0, 0.0, 0.0, 0.0, 0.0, 0.0, 0.0, 0.0, 0.0, 0.0, 0.0, 0.0, 0.0, 0.0, 0.0, 0.0, 0.0, 0.0, 0.0, 0.0, 0.0, 0.0, 0.0, 0.0, 0.0, 0.0, 0.0, 0.0, 0.0, 0.0, 0.0, 0.0, 0.0, 0.0, 0.0, 0.0, 0.0, 0.0, 0.0, 0.0, 0.0, 0.0, 0.0, 0.0, 0.0, 0.0, 0.0, 0.0, 0.0, 0.0, 0.0, 0.0, 0.0, 0.0, 0.0, 0.0, 0.0, 0.0, 0.0, 0.0, 0.0, 0.0]
cong_K= Any[3, 3, 3, 3, 3, 3] 
obj_k= Any[188697, 182551, 177397, 174748, 172716, 169009] 
iter_obj = Any[3, 5, 12, 28, 59, 65] 
avgClusterDiam = 2550.8571428571427 
maxClusterDiam = 4514.0 
clusterDiamete = [1982.0; 2445.0; 2257.0; 4514.0; 2080.0; 1681.0; 2897.0]   
C = [0, 0, 0, 0, 0, 0, 0, 0, 0, 0, 0, 0, 0, 0, 0, 0, 0, 0, 0, 0, 0, 0, 0, 0, 0, 0, 0, 0, 0, 0, 0, 0, 0, 0, 0, 0, 0, 0, 0, 0, 0, 0, 0, 0, 0, 0, 0, 0, 0, 0, 0, 0, 1, 0, 0, 0, 0, 0, 0, 0, 0, 0, 0, 0, 0, 0, 0, 0, 0, 0, 0, 0, 0, 0, 0, 0, 0, 0, 1, 0, 0, 0, 0, 0, 0, 0, 0, 0, 0, 0, 0, 0, 0, 0, 0, 0, 0, 0, 0, 0, 0, 0, 0, 0, 0, 0, 0, 0, 0, 0, 1, 0, 0, 0, 0, 0, 0, 0, 0, 0, 0, 0, 0, 0, 0, 0, 0, 0, 0, 0, 0, 0, 0, 0, 0, 0, 0, 0, 0, 0, 0, 0, 0, 0, 0, 0, 0, 0, 0, 0, 0, 0, 0, 0, 0, 0, 0, 0, 0, 0, 0, 0, 0, 0, 0, 0, 0, 0, 1, 0, 0, 0, 0, 0, 0, 0, 0, 0, 0, 0, 0, 0, 0, 0, 0, 0, 0, 0, 0, 0, 0, 0, 1, 0, 0, 0, 0, 0, 0, 0, 0, 0, 0, 0, 0, 0, 0, 0, 0, 0, 0, 0, 0, 0, 0, 0, 0, 1, 0, 0, 0, 0, 0, 0, 0, 0, 0, 1]
E = [121, 121, 121, 121, 450, 121, 121, 121, 121, 121, 450, 121, 450, 121, 450, 121, 121, 121, 450, 450, 121, 450, 95, 153, 95, 153, 153, 153, 153, 153, 153, 450, 319, 153, 153, 319, 153, 153, 153, 450, 153, 153, 121, 121, 450, 95, 95, 95, 95, 95, 95, 95, 95, 95, 95, 450, 450, 95, 95, 95, 450, 95, 95, 95, 121, 121, 95, 95, 450, 450, 450, 121, 121, 450, 121, 121, 121, 121, 121, 95, 121, 121, 121, 121, 121, 121, 121, 121, 121, 121, 121, 121, 121, 121, 121, 121, 153, 121, 121, 319, 153, 121, 153, 153, 153, 153, 153, 153, 153, 153, 153, 153, 153, 153, 319, 153, 153, 450, 153, 153, 153, 153, 153, 450, 450, 153, 153, 319, 450, 450, 450, 450, 121, 450, 450, 95, 450, 450, 450, 450, 450, 450, 450, 450, 450, 450, 450, 450, 450, 153, 153, 153, 153, 153, 319, 319, 153, 319, 319, 319, 319, 319, 319, 319, 319, 319, 319, 319, 319, 319, 319, 319, 319, 319, 376, 319, 319, 319, 319, 319, 376, 319, 376, 376, 319, 376, 319, 319, 319, 319, 376, 376, 376, 376, 376, 376, 376, 376, 319, 376, 376, 431, 319, 431, 376, 431, 431, 431, 431, 376, 376, 376, 431, 431, 431, 431, 431, 431, 431, 431, 431, 431, 431, 431, 431, 431, 95, 450]
