n° iter       = 300 
neighborhood_structure = [2] 
Prioridad     = 5 
balance       = 0.5 
Len_N         = 9 
N° clusters   = 7 
N° estaciones = 228 
N° mejoras    = 15
N° iter completadas  = 252
1° FO         = 208669.0
FO            = 166370
Centros       = [87, 128, 150, 259, 298, 377, 429]
Objs= Any[208669.0, 198103, 186347, 177719, 177719, 172017, 172017, 172017, 172017, 172017, 172017, 171961, 171961, 171317, 171317, 171317, 171219, 171219, 171219, 171219, 171219, 171219, 171219, 171219, 171219, 171219, 171219, 171219, 171219, 171219, 171219, 171219, 171219, 171219, 171219, 171219, 171219, 171219, 171219, 171219, 171219, 171219, 171219, 170342, 170342, 170342, 170342, 170342, 170342, 170342, 170342, 169774, 169774, 169774, 169774, 169774, 169774, 169774, 169774, 169774, 169774, 169774, 169774, 169774, 169774, 169774, 169774, 169774, 169774, 169774, 169774, 169774, 169774, 169774, 169774, 169774, 169774, 169774, 169774, 169774, 169774, 169774, 169774, 169774, 169774, 169774, 169774, 169774, 169774, 169774, 169774, 169774, 169774, 169774, 169502, 168587, 168587, 168587, 168587, 168587, 168587, 168587, 168587, 168587, 168587, 168587, 168587, 168587, 168587, 168587, 168587, 168587, 168587, 168587, 168587, 168587, 168587, 168587, 168587, 168587, 168587, 168587, 168587, 168587, 168587, 168587, 168587, 168587, 168587, 168587, 168587, 168587, 168587, 167616, 167616, 167616, 167616, 167616, 167616, 167616, 167616, 167616, 167616, 167616, 167616, 167616, 167616, 167616, 167616, 167616, 167616, 167616, 167616, 167616, 167616, 167616, 167616, 167616, 167616, 167616, 167616, 167616, 167616, 167616, 167616, 167616, 167616, 167616, 167616, 167309, 167143, 167143, 167143, 167143, 167143, 167143, 167143, 167143, 166370, 166370, 166370, 166370, 166370, 166370, 166370, 166370, 166370, 166370, 166370, 166370, 166370, 166370, 166370, 166370, 166370, 166370, 166370, 166370, 166370, 166370, 166370, 166370, 166370, 166370, 166370, 166370, 166370, 166370, 166370, 166370, 166370, 166370, 166370, 166370, 166370, 166370, 166370, 166370, 166370, 166370, 166370, 166370, 166370, 166370, 166370, 166370, 166370, 166370, 166370, 166370, 166370, 166370, 166370, 166370, 166370, 166370, 166370, 166370, 166370, 166370, 166370, 166370, 166370, 166370, 166370, 166370, 166370, 166370, 166370, 166370, 166370, 166370, 166370]
current_obj = [198103.0, 186347.0, 177719.0, 183000.0, 172017.0, 174311.0, 179177.0, 183376.0, 185919.0, 177227.0, 171961.0, 175199.0, 171317.0, 176427.0, 182255.0, 171219.0, 1.0e15, 173077.0, 173757.0, 174922.0, 175029.0, 174160.0, 187043.0, 1.0e15, 176353.0, 177343.0, 174823.0, 1.0e15, 177966.0, 174640.0, 175718.0, 173867.0, 1.0e15, 177930.0, 172686.0, 175956.0, 172686.0, 172400.0, 177088.0, 173588.0, 181356.0, 174674.0, 170342.0, 180836.0, 1.0e15, 172572.0, 172342.0, 173548.0, 1.0e15, 172458.0, 169774.0, 1.0e15, 179897.0, 181461.0, 176063.0, 173107.0, 176121.0, 175254.0, 1.0e15, 171963.0, 173775.0, 174110.0, 173775.0, 173650.0, 1.0e15, 172235.0, 221136.0, 180057.0, 170796.0, 1.0e15, 177420.0, 180266.0, 193014.0, 1.0e15, 173027.0, 171637.0, 177773.0, 171374.0, 171658.0, 177317.0, 174324.0, 171619.0, 171870.0, 172600.0, 1.0e15, 170788.0, 1.0e15, 181288.0, 173180.0, 170339.0, 172885.0, 179847.0, 177865.0, 169502.0, 168587.0, 171741.0, 172219.0, 176277.0, 173207.0, 174869.0, 169627.0, 1.0e15, 170818.0, 1.0e15, 168742.0, 1.0e15, 177446.0, 175879.0, 176021.0, 169682.0, 195622.0, 173261.0, 170672.0, 183317.0, 179193.0, 173560.0, 170433.0, 194906.0, 171351.0, 175574.0, 181853.0, 180589.0, 170360.0, 176076.0, 170212.0, 1.0e15, 1.0e15, 180183.0, 183998.0, 1.0e15, 179236.0, 175603.0, 167616.0, 171577.0, 170469.0, 1.0e15, 1.0e15, 1.0e15, 170283.0, 173531.0, 173470.0, 168226.0, 170159.0, 170469.0, 187967.0, 170077.0, 171075.0, 168234.0, 169906.0, 169531.0, 1.0e15, 1.0e15, 176658.0, 180576.0, 169732.0, 170631.0, 169940.0, 176499.0, 174155.0, 169864.0, 169346.0, 176636.0, 172769.0, 181287.0, 171181.0, 170104.0, 168707.0, 1.0e15, 167309.0, 167143.0, 1.0e15, 171155.0, 170528.0, 171004.0, 174246.0, 172940.0, 173161.0, 166370.0, 182466.0, 171065.0, 1.0e15, 168616.0, 176214.0, 168616.0, 173377.0, 177880.0, 172596.0, 173203.0, 206568.0, 169026.0, 1.0e15, 170660.0, 168544.0, 173300.0, 171162.0, 174088.0, 169503.0, 172867.0, 177370.0, 175358.0, 168841.0, 176674.0, 171051.0, 176332.0, 170279.0, 167120.0, 167978.0, 1.0e15, 169058.0, 176144.0, 176869.0, 172792.0, 172889.0, 167945.0, 174344.0, 1.0e15, 169360.0, 172942.0, 188178.0, 178032.0, 175662.0, 171781.0, 168279.0, 1.0e15, 167089.0, 171942.0, 169162.0, 166746.0, 1.0e15, 173012.0, 1.0e15, 174729.0, 170671.0, 169413.0, 184177.0, 177422.0, 180546.0, 171921.0, 183204.0, 170472.0, 169984.0, 178001.0, 176100.0, 168616.0, 1.0e15, 1.0e15, 170338.0, 1.0e15, 1.0e15, 176810.0, 172427.0, 175067.0, 170425.0, 0.0, 0.0, 0.0, 0.0, 0.0, 0.0, 0.0, 0.0, 0.0, 0.0, 0.0, 0.0, 0.0, 0.0, 0.0, 0.0, 0.0, 0.0, 0.0, 0.0, 0.0, 0.0, 0.0, 0.0, 0.0, 0.0, 0.0, 0.0, 0.0, 0.0, 0.0, 0.0, 0.0, 0.0, 0.0, 0.0, 0.0, 0.0, 0.0, 0.0, 0.0, 0.0, 0.0, 0.0, 0.0, 0.0, 0.0]
cong_K= Any[2, 2, 2, 2, 2, 2, 2, 2, 2, 2, 2, 2, 2, 2, 2] 
obj_k= Any[198103, 186347, 177719, 172017, 171961, 171317, 171219, 170342, 169774, 169502, 168587, 167616, 167309, 167143, 166370] 
iter_obj = Any[1, 2, 3, 5, 11, 13, 16, 43, 51, 94, 95, 133, 169, 170, 178] 
avgClusterDiam = 2557.285714285714 
maxClusterDiam = 4731.0 
clusterDiamete = [2191.0; 2445.0; 2439.0; 2334.0; 4731.0; 2080.0; 1681.0]   
C = [0, 0, 0, 0, 0, 0, 0, 0, 0, 0, 0, 0, 0, 0, 0, 0, 0, 0, 0, 0, 0, 0, 0, 0, 0, 0, 0, 0, 0, 0, 0, 0, 0, 0, 0, 0, 0, 0, 0, 0, 0, 0, 0, 0, 1, 0, 0, 0, 0, 0, 0, 0, 0, 0, 0, 0, 0, 0, 0, 0, 0, 0, 0, 0, 0, 0, 0, 0, 0, 0, 0, 0, 0, 0, 0, 0, 0, 0, 0, 0, 0, 0, 0, 0, 0, 1, 0, 0, 0, 0, 0, 0, 0, 0, 0, 0, 0, 0, 0, 0, 0, 0, 0, 0, 0, 0, 0, 1, 0, 0, 0, 0, 0, 0, 0, 0, 0, 0, 0, 0, 0, 0, 0, 0, 0, 0, 0, 0, 0, 0, 0, 0, 0, 1, 0, 0, 0, 0, 0, 0, 0, 0, 0, 0, 0, 0, 0, 0, 0, 0, 0, 0, 0, 0, 0, 0, 0, 0, 0, 0, 0, 0, 0, 1, 0, 0, 0, 0, 0, 0, 0, 0, 0, 0, 0, 0, 0, 0, 0, 0, 0, 0, 0, 0, 0, 0, 0, 0, 0, 0, 0, 0, 0, 1, 0, 0, 0, 0, 0, 0, 0, 0, 0, 0, 0, 0, 0, 0, 0, 0, 0, 0, 0, 0, 0, 1, 0, 0, 0, 0, 0, 0, 0, 0, 0, 0, 0, 0]
E = [128, 128, 259, 259, 259, 259, 259, 128, 128, 128, 259, 128, 259, 259, 259, 128, 128, 128, 259, 87, 128, 87, 87, 150, 87, 150, 150, 298, 150, 150, 150, 87, 150, 150, 150, 298, 150, 150, 150, 87, 150, 150, 259, 259, 87, 87, 87, 87, 87, 87, 87, 87, 87, 87, 87, 87, 87, 87, 87, 87, 259, 87, 87, 87, 87, 87, 87, 87, 259, 259, 259, 259, 259, 259, 128, 128, 128, 128, 128, 87, 128, 128, 128, 128, 128, 128, 128, 128, 128, 128, 128, 128, 128, 128, 128, 128, 150, 128, 128, 150, 150, 128, 150, 150, 150, 150, 150, 150, 150, 150, 150, 150, 150, 150, 298, 150, 150, 259, 150, 150, 150, 150, 150, 259, 259, 150, 150, 298, 259, 259, 259, 259, 259, 259, 87, 87, 259, 259, 259, 259, 259, 259, 259, 259, 259, 259, 259, 259, 259, 298, 150, 150, 298, 150, 150, 298, 298, 298, 298, 298, 298, 298, 298, 298, 298, 298, 298, 298, 298, 298, 298, 298, 298, 298, 377, 298, 298, 298, 298, 298, 377, 298, 377, 377, 298, 377, 298, 298, 298, 298, 377, 377, 377, 377, 377, 377, 377, 377, 298, 377, 377, 429, 298, 429, 377, 429, 429, 429, 429, 429, 377, 377, 429, 429, 429, 429, 429, 429, 429, 429, 429, 429, 429, 429, 429, 429, 87, 259]
